Actinomyces_sp_ph3_gi_484028674_ref_NZ_
23165 25064
26124 29596
Actinomyces_sp_ph3_gi_484028666_ref_NZ_
624 15294
Actinomyces_sp_ph3_gi_484028662_ref_NZ_
1 3090
4371 7059
8668 8800
13536 14707
21020 23477
31433 31670
36003 36581
41885 42076
48070 54246
78272 78410
114385 115902
116028 116087
120917 120987
125249 125500
126898 126972
128997 130849
132650 138462
138620 143805
145356 146457
148791 149316
Actinomyces_sp_ph3_gi_484028657_ref_NZ_
1 1309
2049 3563
6136 6432
7999 9765
18433 19079
20818 21140
27073 27452
29913 30260
31477 32048
33385 36978
39220 40954
42128 43925
53532 53583
54120 55826
67895 68114
77617 80124
81665 82155
84076 86933
88090 88264
90233 90623
91704 91919
93268 96749
96815 101006
104778 104940
119925 120260
121158 122589
124795 126151
128743 128886
130459 130691
133011 134384
146657 146740
148623 148774
158884 160550
163618 163749
165466 165532
182123 184542
186007 186182
190723 190808
191794 194402
195037 195688
203162 203414
207286 211676
212610 214426
215270 215827
Actinomyces_sp_ph3_gi_484028670_ref_NZ_
1590 3180
5072 5562
7188 7694
8940 11499
12876 13589
13959 14049
14149 15958
16853 17622
18375 19373
22662 22841
25699 27382
28106 34921
40693 42102
44061 44261
47941 48129
48666 49233
51626 54444
55183 59734
61838 63268
75201 76326
77748 77806
78225 78416
80156 84742
90764 103623
104127 104392
104929 106982
109389 110547
114221 120796
143544 144002
156807 157611
161251 161301
161862 162060
167216 167537
178243 179645
222279 222479
238012 238217
252104 253620
255100 259322
275818 276983
294966 298391
302945 303818
Actinomyces_sp_ph3_gi_484028653_ref_NZ_
31279 31845
45850 45912
48194 48475
51739 53691
55102 56157
57222 57493
58133 61607
81630 82963
94513 95217
100535 100779
104730 105302
109295 109347
112383 112715
118082 118327
124312 124414
125425 127350
128979 129254
129854 131430
137593 137762
138909 139327
142354 142560
146491 146601
147505 147648
152803 153061
157256 157865
170108 170309
171083 172671
176289 177236
180670 180783
193888 193996
201803 202534
203527 203755
210823 210995
228125 228961
236259 237512
243119 243399
249920 250388
259039 267081
267824 268841
273763 277588
328374 328641
330804 332160
334817 335138
341996 342268
343105 343164
344279 347387
349850 353499
354423 357474
372064 372614
376125 377866
379744 381094
385221 385303
386268 386436
387248 388595
389925 392367
394152 397117
403141 403301
407761 410270
416227 419176
419937 421698
422715 422981
424071 425650
426227 426901
435302 435492
438803 442448
446635 446691
449440 451374
453228 453490
454602 455262
458108 458625
458758 460048
460146 461614
468716 469515
481733 482126
484917 486273
487082 487168
487245 487303
492468 493731
496872 497070
499238 499287
499481 503883
504920 521579
524275 525393
525620 537563
537728 538150
542452 543738
550410 550774
552620 555055
557659 567784
569082 569569
575710 576036
576888 578373
579069 579125
582749 583462
591312 591668
592467 595012
598528 598983
602854 603121
605367 605483
605633 606472
607353 615415
619120 619500
620338 620448
623474 623629
623886 624034
628497 630272
634932 637392
646473 646823
647380 648408
651941 652327
662399 664915
672226 673530
677757 678706
684228 685714
687031 687372
687896 688638
699374 700651
701926 702627
703365 703912
708220 708284
709586 716321
721735 722081
739797 742594
752788 763539
764963 765046
Actinomyces_sp_ph3_gi_484028682_ref_NZ_
8258 9405
27195 27943
30209 30572
31536 31947
32638 32815
36500 37807
39423 39476
41035 44425
45514 45938
48544 48827
51477 51765
52939 53294
86791 86856
89743 89814
102404 102623
106663 107072
109739 110210
112963 113059
115136 121153
126135 126185
131154 154940
163937 164759
182218 182312
183359 185806
Actinomyces_sp_ph3_gi_484028678_ref_NZ_
1 179
3929 8927
9893 10169
13886 14076
27563 27758
28338 28470
37228 38410
39201 42158
42686 47957
51739 52476
52961 59411
63179 63419
103540 110260
110762 111002
136064 136650
154572 155582
159718 159866
160545 160967
161492 162171
181234 181912
182998 183443
183516 183692
Actinomyces_sp_ph3_gi_484028687_ref_NZ_
1 1622
Actinomyces_sp_ph3_gi_484028691_ref_NZ_
1 1128
2095 2787
