Actinomyces_sp_ph3_gi_484028674_ref_NZ_
1 57
3069 11156
18534 19125
21391 21499
22402 29596
Actinomyces_sp_ph3_gi_484028666_ref_NZ_
77 420
1514 3502
4284 5165
6491 9496
9963 15259
16575 16762
Actinomyces_sp_ph3_gi_484028662_ref_NZ_
1164 1496
2908 3090
5152 7531
13784 14707
21020 23477
36758 36836
37917 39243
41500 42244
42868 51416
78034 78410
114385 115902
123142 127387
128329 130731
132171 132294
132650 142720
143125 144674
145334 146268
148980 149316
Actinomyces_sp_ph3_gi_484028657_ref_NZ_
1 4052
9219 10144
20726 21000
23639 24137
25787 28673
33385 38013
38588 45292
49193 49902
50439 50559
52114 52264
59266 60174
62293 62514
67765 68399
70179 70467
74943 75149
75915 76782
77577 83450
84009 90212
95466 96560
96935 97022
106008 106064
111710 115472
118930 124083
124883 126411
127507 127773
128633 129212
130847 131221
133011 135439
136487 136565
142940 143514
147770 148761
153336 154071
159185 159505
160081 160550
163019 163382
182123 186449
187142 187193
188422 189717
190885 191004
195037 195428
196522 196631
197954 198560
207286 211676
212347 214072
217055 217157
Actinomyces_sp_ph3_gi_484028670_ref_NZ_
8126 11847
12732 13004
13719 14910
15829 18639
20824 21971
22619 23978
26042 28704
28848 29820
30346 31938
32961 35570
37880 38204
40693 42809
43940 45335
52019 59189
61506 63268
74195 74672
80788 84211
90369 103623
104662 104793
109403 110081
113630 120535
121626 121990
153081 153447
160140 160859
173531 173708
174248 174491
177772 179343
189324 189468
195059 195272
201557 212316
220898 220966
222279 222447
226929 227096
238298 238475
247263 247359
249102 249225
249779 249965
252153 253627
254768 259237
272089 272697
275235 275291
276012 278088
281172 282140
282658 283358
283977 286252
287724 288732
289252 290996
291708 291947
293137 294226
294735 296275
297437 298391
301229 301520
303104 305638
Actinomyces_sp_ph3_gi_484028653_ref_NZ_
15823 16422
17680 18383
26606 27596
30313 30820
31824 31882
36522 36770
37319 37373
40496 40642
49279 49950
53822 54126
56615 61550
79931 80333
81922 82486
94905 95100
104809 105136
108965 109051
109806 109891
112383 112947
118517 118958
119459 121640
125064 127005
130160 131386
139088 139268
141357 141650
153199 153391
154981 155200
162399 163408
169399 170089
172029 172305
175911 177121
179920 182340
187204 188380
207697 208959
211712 211808
220070 220351
222524 222596
224371 224626
228746 228964
230926 231106
235918 237720
246105 246627
253983 254403
258284 258372
259038 269407
273714 274395
276220 278213
280231 280529
323029 324811
326440 326597
327517 328120
329235 329782
330786 331235
331783 331855
337051 337199
339194 341639
341930 343112
345123 346490
353477 353798
370715 375356
376004 376087
376829 381410
382163 383033
383757 385267
388326 389563
389925 391045
394713 396437
398502 398607
402374 404295
406864 415019
415594 415667
416199 416843
417340 417634
418485 418583
420232 426901
428830 429748
431129 431747
435143 435265
436150 437554
438546 438831
439910 441560
442901 443575
447078 447225
448757 451807
455644 455838
458100 458238
458758 460048
460132 461352
480262 481661
482466 482965
485387 485567
488305 488679
488757 489279
490208 490764
492491 493535
495797 495946
497389 497614
498854 499156
500528 506871
507427 507602
509078 509189
510431 516598
517177 519678
520950 521556
523391 525249
525620 526043
526743 529099
530311 538858
543462 543713
545664 546386
548743 549062
551596 554580
555185 556747
557841 560103
560634 566144
566715 567876
568929 569961
571831 572719
574837 576303
576888 577937
583034 583643
589374 589964
591754 594989
595690 596574
598528 599638
600499 600589
601155 601250
603017 603179
605367 605483
606750 607230
607745 611384
612446 615650
620560 621771
622495 623611
623886 624743
625403 626265
627617 630591
634518 637392
639412 639706
643858 644131
645028 649657
651040 651775
653131 653197
662643 663857
664386 673630
678123 678536
679065 681109
682511 682574
683209 686895
693381 695205
696097 697670
698736 699549
700228 700651
702008 702664
703812 703912
705469 705763
706438 706732
708269 708859
710011 718395
722139 724044
724853 725079
733346 735992
737168 737240
738200 738395
739797 742824
743562 743775
747657 747948
755082 763441
764101 765803
Actinomyces_sp_ph3_gi_484028682_ref_NZ_
1761 1840
6320 11187
11969 12557
13790 13968
14954 15512
19787 20819
23125 24242
25683 28430
30567 30838
36500 37807
44671 47263
51603 52839
53011 54115
74257 74921
87382 87696
91464 91648
114425 121034
121315 121379
125025 125469
127044 127158
127811 128869
131732 155988
157093 159693
160215 161735
162448 168565
182218 182312
183359 185508
185644 185806
Actinomyces_sp_ph3_gi_484028678_ref_NZ_
1 179
3650 8927
21077 21167
25705 26284
32226 32378
41347 48863
51739 52133
52785 53427
54413 59400
63179 64878
65715 65809
103540 110513
133536 135148
140562 140946
151656 152223
155328 156588
157386 157499
177277 178126
178826 179406
182134 183443
183599 183692
Actinomyces_sp_ph3_gi_484028687_ref_NZ_
1 1308
Actinomyces_sp_ph3_gi_484028691_ref_NZ_
2121 3114
