Actinomyces_sp_ph3_gi_484028674_ref_NZ_
1 14250
15054 15921
16352 16443
16610 25072
25652 26566
26796 29596
Actinomyces_sp_ph3_gi_484028666_ref_NZ_
1 572
1398 3246
3800 5551
6093 8157
8293 16762
Actinomyces_sp_ph3_gi_484028662_ref_NZ_
1 5797
6543 8231
8620 12853
13536 14707
14889 15631
15795 15856
16371 16494
17123 18285
21056 23649
25893 26070
29557 30601
30857 36160
36633 39765
41692 47429
48022 78778
80289 80746
114248 117171
118208 119947
120158 120372
121453 121686
123225 123835
124759 128096
128400 130744
130901 147572
148902 149316
Actinomyces_sp_ph3_gi_484028657_ref_NZ_
1 54
139 267
527 1391
1936 4548
6710 7011
7504 8721
9249 10303
10853 11064
11604 14936
15215 15436
15681 18858
19884 23642
24232 25105
25817 25910
26513 30272
31000 31221
32363 36978
37208 37449
38834 43791
46314 46376
49160 50774
51317 52066
54264 55619
55966 56106
58973 66390
66977 67122
67801 70516
70677 72143
72245 74159
74943 75220
75380 78648
79026 80497
80646 82282
83944 86910
87724 90422
91157 91937
93268 93611
94109 96363
96612 101054
101800 105860
107847 120308
120895 122874
124227 124695
124895 126302
127381 127665
128852 130140
130748 132959
133504 147737
148055 148222
148581 152348
152640 154019
155936 157764
159345 160994
161666 162108
162388 163566
165581 167950
170248 174907
182123 184641
185038 188152
188996 190133
191746 194456
195037 195736
197997 198245
198969 199147
199295 200058
203401 204623
205898 211676
212398 214256
215222 217157
Actinomyces_sp_ph3_gi_484028670_ref_NZ_
320 543
1276 3074
4611 12539
12841 14049
14341 15048
16007 17771
18794 18851
18941 20973
22277 27430
27884 29249
29979 31657
31949 32001
32869 38716
40693 42715
43835 45060
46248 47587
47920 48698
49264 50211
51577 54357
54521 60793
60950 61227
61354 72149
72771 73029
74013 74551
74724 78464
79240 85041
85465 88985
90486 103623
104113 108743
109197 110547
110850 110960
112573 112649
113367 122103
123234 149483
150656 151625
152229 152950
153577 154526
156195 160358
160904 169675
171046 172875
173607 175408
176737 177642
177854 178050
178368 178421
178813 182977
183561 185146
186303 189915
190405 200568
201446 219467
220512 225869
226317 226505
232175 232921
234406 245926
246444 247557
248109 249038
249593 253620
253817 257775
258534 259258
259395 265782
265943 266360
268599 268803
269139 270550
271092 272721
273169 274321
274904 279335
280425 283357
283923 284298
284581 285238
287167 288731
289585 290995
291709 298391
299150 301245
301502 301780
301933 305638
Actinomyces_sp_ph3_gi_484028653_ref_NZ_
612 774
1075 11810
13454 14979
15783 18877
19066 19392
20705 21108
23076 24319
24884 26554
27064 30820
30916 32984
34201 35203
35622 36086
36426 38221
38425 39831
40683 41669
42994 44453
45199 45296
45751 56489
57174 59858
59960 63181
64045 64191
74931 75909
76670 81694
82008 84064
85340 86541
87563 90382
90971 93137
94426 96667
98927 99775
100487 102425
103494 107520
108182 109347
109791 113376
113920 115267
116933 130713
130989 138899
139075 144420
146392 146513
147457 147701
148294 152751
153443 155479
155805 155913
156084 158063
159093 159682
160076 168071
168582 170713
171450 171903
172063 172398
172695 173176
173711 179405
179723 184445
185206 188848
189701 194950
195966 210894
210969 222913
223245 224643
226218 230129
230672 231919
233575 233829
234424 235107
235727 235824
236259 237156
237979 238094
238264 238419
239614 239827
242151 251422
253178 254637
254992 257854
258747 270119
271827 272091
272440 278318
278847 279075
279809 280576
306664 306765
307107 307169
308191 309266
309966 310394
319979 325534
326140 326877
327743 327874
328172 328265
328929 330161
330733 332950
335238 335932
336954 339792
341427 343239
343889 345853
346649 348924
349478 366117
366590 375355
375956 376746
377036 381409
382138 383032
383758 383974
384200 385528
386218 393830
394075 394919
395437 397480
398659 399793
399950 410590
412098 413549
414111 415516
417340 419441
420063 422689
423332 426901
427033 427137
427920 428691
429299 438882
439545 445217
445544 448372
449033 451604
454602 455118
456171 458480
458621 458707
459004 459258
459862 461486
469567 480105
480789 481120
481713 483487
483625 484521
484815 490022
490987 493875
494528 495063
495650 497111
497777 497857
498668 499792
500373 500599
501145 503929
504920 516536
517396 521587
522280 523627
524129 525928
526743 539111
539388 540968
542181 543714
543876 544682
545130 545352
545505 546048
546428 547915
548175 556177
556687 565183
565381 566144
567116 567815
569567 569992
570931 571728
572597 573565
573987 574057
574328 576084
576841 576900
577625 580716
582701 584157
585048 585531
585769 586694
589581 590122
591153 595071
595610 596286
596890 599757
600551 600626
603066 603122
605367 605483
605571 606500
607600 611566
612291 614530
615064 615138
616714 616792
618947 619500
620323 620745
620953 621098
621316 622723
623234 623592
623886 625075
625403 630056
630282 630534
630643 633398
634528 635634
636205 637580
638074 638163
638602 641434
642757 643051
643246 650789
651302 658759
662322 664937
666142 671859
674364 675030
675286 675396
675706 675826
675994 677648
677776 680893
683575 684622
685006 688839
690326 692961
693228 694543
694957 695146
695791 698320
698583 702756
703268 703912
704154 714274
715376 717527
718048 723407
723833 729052
730063 733277
734174 742598
742791 748029
750315 763587
764075 764137
764393 766493
767415 769519
771405 771476
Actinomyces_sp_ph3_gi_484028682_ref_NZ_
1 3052
4162 7001
7544 11050
11843 13743
14565 15364
20462 30109
30268 30624
31730 31995
32612 33048
33291 33952
34498 34851
36252 37807
40666 40864
40980 58595
59398 67885
68475 78563
79572 80403
80627 83360
83617 84741
87361 93812
94341 101233
101582 107073
110576 117962
118420 152877
153181 161741
162218 165653
165961 179383
180420 182312
183359 185806
Actinomyces_sp_ph3_gi_484028678_ref_NZ_
1 179
2387 2525
3017 3080
3557 10963
12765 13342
13509 14124
20831 30416
31545 33776
34457 34970
35493 36884
37823 59400
59553 62186
62715 68373
68600 69061
70380 78824
80260 80795
81302 81854
82530 83072
83246 83434
103540 120397
120887 122286
122821 124640
125611 127113
127716 130744
131298 131415
131921 133338
133603 134096
135015 136837
137228 144786
148282 150800
151429 151506
151953 153995
154509 154904
155433 156749
157852 159621
160720 162247
163951 173209
173717 175896
176720 178580
179318 179412
179754 181390
182437 183692
Actinomyces_sp_ph3_gi_484028687_ref_NZ_
1 1622
Actinomyces_sp_ph3_gi_484028691_ref_NZ_
536 3114
