Actinomyces_sp_ph3_gi_484028674_ref_NZ_
138 662
3070 13118
26374 29596
Actinomyces_sp_ph3_gi_484028666_ref_NZ_
624 855
1673 7517
8209 8434
9115 15133
16128 16762
Actinomyces_sp_ph3_gi_484028662_ref_NZ_
1 1493
2908 7059
9095 9320
13010 14707
15908 16803
21020 23477
34669 35004
35651 36581
38415 39558
41692 51360
51472 51990
114385 117358
121469 121764
123724 123921
126655 127387
128475 130529
132650 142488
143023 143805
144548 146499
147287 147675
148576 149316
Actinomyces_sp_ph3_gi_484028657_ref_NZ_
1 1387
2645 2900
5869 6490
7999 8245
9587 10303
13148 13386
22275 22834
33385 37217
37865 37921
38597 43969
44471 45671
56029 56400
60202 60272
77667 80497
81642 81891
82726 82946
83948 87096
87780 91933
93268 96749
107919 109119
112729 116480
121818 122909
123467 127665
129544 129823
130588 130791
131446 132250
133504 134104
148623 149202
149929 150443
158420 159527
160086 160938
182123 184588
188518 188782
191572 195732
197997 198738
199243 207198
207286 211676
212330 213126
214593 214870
Actinomyces_sp_ph3_gi_484028670_ref_NZ_
1 1219
7738 12535
13959 14049
15100 15353
17382 17788
19161 19373
21357 21712
23831 23969
24498 24688
25969 26717
27482 31988
32831 34137
35314 35664
35743 35817
36564 37824
38655 39312
40693 43219
43813 50132
50683 58547
61988 62121
62709 63268
67015 67776
72471 72719
80156 84259
88853 89218
90600 103713
105299 106201
114250 120549
149535 150206
170515 172145
179388 179890
183182 185789
201482 218124
222279 222936
236531 236585
247074 247392
252005 253620
255017 260079
260636 265099
271618 271896
275706 280248
280799 281116
294966 297597
301297 303834
303915 305638
Actinomyces_sp_ph3_gi_484028653_ref_NZ_
15169 15589
44505 45147
52197 53691
59546 61172
76198 76504
84421 84664
94550 95551
104092 104208
106417 106550
109207 109347
119413 119552
130160 132269
135617 136003
136784 137078
139088 139268
141410 141650
148298 148422
157028 157289
158585 158909
176250 177256
184701 185154
201561 201751
205509 205750
208727 208974
211358 211655
228745 228963
235977 236323
253914 254079
258688 258963
259038 270420
271188 271274
273183 276137
276220 278261
319979 326088
338177 339879
340610 340673
341432 341935
345288 345853
347748 347826
354751 355898
371603 372730
375363 376773
377295 377666
378276 381229
389925 391870
402397 404095
406770 412959
413601 421582
422316 426901
430556 431114
436587 437447
438333 438815
440975 441609
442852 443969
460461 461352
468405 469515
481889 482126
492824 494296
495276 495793
497909 498176
498933 499285
499367 503328
504920 507586
511168 517810
521384 538842
542547 543019
549241 549528
552178 557155
557997 565140
565693 567453
568605 568760
576136 579478
580810 581322
583163 584283
586144 590840
592489 596158
598528 598648
600498 600622
601132 601362
602641 603198
605367 605483
608090 613235
618246 619500
621349 622719
623445 623629
623886 624743
634908 635559
645115 646744
651255 651306
653131 653598
663240 663857
670371 671562
678123 678532
680677 681083
683888 684560
689029 694569
699380 700021
701490 704351
709159 716422
721241 721347
723023 723347
735244 736259
739797 742594
745094 745294
756142 757482
757722 758808
770205 771476
Actinomyces_sp_ph3_gi_484028682_ref_NZ_
20466 20832
25661 28119
31734 31991
33013 33427
35763 37807
38703 39173
41162 41984
42554 43044
43638 44197
45103 47382
51865 52835
53011 53999
86379 86723
88215 88484
103626 104153
115544 117828
118472 119537
120098 121558
128476 128988
130803 134274
134484 156152
158583 167873
182218 182312
183359 185508
185644 185806
Actinomyces_sp_ph3_gi_484028678_ref_NZ_
1 179
3921 9447
25411 26750
36682 36811
37450 52849
52961 53072
54442 55895
56483 62215
62719 63486
103540 116131
137389 140759
155897 156185
159971 160065
165030 165749
183309 183443
Actinomyces_sp_ph3_gi_484028687_ref_NZ_
861 1622
Actinomyces_sp_ph3_gi_484028691_ref_NZ_
614 1844
