Clostridium_bolteae_gi_488642143_ref_NZ_
1 55206
55284 55377
55460 62062
62139 67564
67743 69158
70091 70807
70892 71155
71243 188282
188455 189875
194625 194901
198014 198868
199647 199811
206987 208019
208228 208606
211495 212379
214151 241639
245090 250253
252958 2753010
2753079 2928333
2928530 2929903
2935960 4363716
4365051 4400932
4403336 4414602
4415508 4417396
4419089 4427966
4428695 4825078
4825161 5342242
5342313 5622101
5622179 5868392
5875615 5881104
5900550 5900645
5910695 5912818
5915438 6538460
