Clostridium_bolteae_gi_488642143_ref_NZ_
1 199560
200406 212732
213598 214009
214807 225270
226191 241639
241770 242741
245090 250532
252958 770937
771087 771284
771504 771650
771900 2405951
2406437 2930699
2930899 2931541
2931814 2932010
2932799 2933362
2935241 4401081
4403336 4403536
4405120 4405785
4406715 5868392
5875615 5881104
5883922 5884158
5886154 5886672
5889124 5889304
5896516 5898908
5900550 5901520
5902229 5902609
5904284 5904532
5904983 5905117
5906722 5906925
5907174 5907313
5910140 5912818
5915309 6538460
