Rhodobacter_sp_AKP1_gi_429206618_ref_NZ_
1 666
2390 2518
3346 5350
6054 6444
8120 10985
11550 11746
12436 14960
15927 17004
18322 23405
24755 33779
Rhodobacter_sp_AKP1_gi_429208561_ref_NZ_
1 5818
Rhodobacter_sp_AKP1_gi_429209472_ref_NZ_
1 44245
45294 46065
46632 49456
Rhodobacter_sp_AKP1_gi_429210062_ref_NZ_
1 2236
Rhodobacter_sp_AKP1_gi_429206792_ref_NZ_
1 1572
2122 4265
5881 6320
7565 9703
10287 10422
11145 13930
14619 15615
16828 17188
17803 18844
19442 21446
23644 23802
25116 29837
30380 31015
31867 36834
37840 41795
42486 45178
45950 47074
47983 48107
48647 54674
55514 59934
60451 65734
65910 66867
68479 71284
72569 75093
75768 76160
76716 81481
81990 82120
82672 83680
84332 91334
92063 94129
94641 97226
97852 99106
99664 100493
101667 104742
105243 105300
106783 107394
108003 110901
111748 112262
112777 112855
115933 118158
118688 120504
121076 121419
122162 122496
124000 124492
125264 125742
129074 132057
133393 134926
135924 136882
137543 137609
138454 139530
140135 140330
141491 142319
143478 145820
146675 147013
148039 148183
149490 150140
150704 151962
Rhodobacter_sp_AKP1_gi_429209929_ref_NZ_
1 1544
Rhodobacter_sp_AKP1_gi_429208285_ref_NZ_
1 3141
3676 5718
6686 7255
8479 9601
10144 10765
11561 12375
13343 16451
17562 18159
19140 21024
21563 24423
25152 25847
26676 26897
27861 32213
34905 36351
36893 38482
39368 40684
41311 42357
44316 44599
45889 47040
47818 48905
49480 49544
50726 50792
52168 55923
56450 58746
60474 63190
63844 64094
64743 65297
66309 66764
67296 67791
68764 73800
74544 74678
75440 76350
77090 79023
80284 80757
81334 85785
87140 87824
88475 89034
90151 91250
92581 93819
94351 94545
95307 96028
96887 98447
100302 100381
101917 105525
106194 108061
108841 109488
111309 111454
112076 113355
114054 115739
116421 116511
117740 121233
122091 122455
122994 124241
124912 125239
126544 126957
127496 129647
130183 130810
132617 133124
133674 139210
139803 140209
140782 143352
144021 144751
145770 146479
147031 147269
148127 149693
150539 150742
151332 151410
152073 153285
153787 155067
156376 157108
158039 159593
160590 162614
163245 164318
164904 167358
167962 169153
170620 173657
174415 174622
175351 176710
177383 177754
178330 180300
180852 183810
185054 192230
194394 194687
195358 196098
196890 198169
199525 200120
200917 201295
202026 202244
202840 212353
Rhodobacter_sp_AKP1_gi_429209807_ref_NZ_
1 744
1854 4789
5432 6214
7069 8108
8989 11599
12324 15272
15948 20012
21591 22201
22815 23620
24897 26605
27460 38512
39130 41128
41652 43005
43932 44354
45733 46077
46870 46925
47464 48339
Rhodobacter_sp_AKP1_gi_429210058_ref_NZ_
1 4163
Rhodobacter_sp_AKP1_gi_429210074_ref_NZ_
1 2574
Rhodobacter_sp_AKP1_gi_429206650_ref_NZ_
1 9025
11446 13231
14022 15984
16664 16825
17466 18168
19801 21730
22508 23714
24414 25549
26332 27132
28184 36249
36802 37077
37667 39057
40305 41760
42560 42730
43365 44418
45179 45244
46512 48130
49394 49458
50528 50690
51377 59555
60354 61019
61534 62998
63945 64138
64858 65081
65984 67151
67731 68337
71418 71820
72989 76307
77029 78744
79891 80874
81594 81934
82645 82705
83383 83848
85466 85823
86390 89691
90354 92059
92706 93986
94628 98403
98905 99081
100285 106308
107471 107554
108386 108645
109390 109626
110360 112129
113443 113717
115006 115861
116411 116506
117708 120186
121147 122421
124480 126924
128789 129867
130560 130692
131453 133189
133830 138843
139717 140348
Rhodobacter_sp_AKP1_gi_429209465_ref_NZ_
1 8208
Rhodobacter_sp_AKP1_gi_429210057_ref_NZ_
1 640
Rhodobacter_sp_AKP1_gi_429209917_ref_NZ_
1 238
1539 2035
2824 3483
4355 7876
8592 9488
Rhodobacter_sp_AKP1_gi_429209970_ref_NZ_
1 8512
Rhodobacter_sp_AKP1_gi_429209854_ref_NZ_
1 1396
2599 3070
3733 4857
5554 6353
6908 8460
9183 9713
10807 12397
13231 13544
14503 22448
Rhodobacter_sp_AKP1_gi_429208858_ref_NZ_
1 5640
6493 8016
8794 10232
11041 12238
12826 13986
15218 18364
19050 22103
23261 24496
25544 30099
31077 32950
34386 35498
36070 36604
37170 37610
38733 43442
44308 44377
45490 48788
49993 50430
51180 53301
54151 55545
56475 59308
59892 60402
61280 63081
64075 64138
64663 65156
65781 66892
67501 68132
68725 69424
70325 72979
73926 74849
76368 76441
76947 83949
84910 85315
86147 86547
87967 88808
89469 92674
93829 93972
94596 94679
95267 96022
96598 97401
97934 99265
Rhodobacter_sp_AKP1_gi_429210076_ref_NZ_
1 2269
Rhodobacter_sp_AKP1_gi_429207094_ref_NZ_
1 1366
2491 3234
4090 4206
4858 8138
8692 11242
11922 12339
12990 13858
14776 15509
17437 19929
20434 21518
22073 22176
22750 22905
23440 24020
24547 25725
26596 29676
30388 30633
31166 31305
31942 35675
36328 36424
37037 37864
39199 41217
41942 44333
45188 45335
46348 47675
48506 48816
51689 52333
52907 53205
54240 57681
58315 60921
61437 63020
64657 73985
76224 84806
85882 88248
88757 88842
89490 89598
90525 90620
91193 92290
93431 93819
94625 95256
96465 96775
97521 102630
103601 106671
108105 108782
109336 110328
111167 113609
114386 116878
117417 120457
121115 121276
122884 127446
128316 131601
133138 134000
135456 135576
136509 139957
140516 141579
142106 143420
144061 144235
146798 146853
147655 149192
150342 150556
152002 152106
152970 153589
154296 155780
157235 157291
158442 166280
166891 167614
170055 170898
172317 174261
175308 175836
176878 177969
178963 179965
181641 181869
182826 183119
183800 184184
184730 190193
190718 193239
193804 194194
195202 197152
198366 198850
199467 200310
200825 202834
203547 205013
205763 206493
207223 209295
209950 211011
211753 212314
212920 216667
217502 218034
219428 219698
220371 220655
221587 223514
224241 224810
225333 226589
227265 227618
228266 230739
231940 232011
233438 234612
235114 235310
235829 235900
238285 238347
239131 246487
248170 248521
249562 249747
250435 250730
252418 252936
253450 253580
255811 257804
258343 259369
260202 261124
262868 267500
268700 268811
269518 269913
270635 270955
271721 271974
272484 275167
275812 276103
276622 279511
280070 280291
280893 282879
283484 283980
284576 284675
285510 286851
287532 287888
288409 288904
290139 290503
291738 293217
293953 297666
298750 299003
299794 301782
302330 304434
305219 305285
306180 307380
308140 310808
312153 318994
319598 320356
320953 321867
323281 325309
326405 327229
328419 329756
330616 331268
332060 332243
333312 333654
334479 334898
335497 336572
337266 337468
338066 338464
339838 340138
340795 343591
344123 345946
346722 347710
348471 349435
350329 350440
352437 352493
353160 353297
354924 357294
358202 358587
359828 360174
360957 369526
370528 370732
371505 373042
374019 376205
376711 381695
382282 383024
384081 384172
384770 390565
391468 391750
393195 393847
395802 396597
398810 400295
401121 402350
402982 404610
406274 407601
409107 409236
409796 411097
411702 413105
414089 415491
416702 418248
418871 419086
420361 421356
422181 423745
424459 425982
428766 431863
432697 433928
434508 435392
436469 436867
438183 440861
441704 444526
445389 446577
447924 448384
449322 449372
450016 458148
458652 458853
459488 460873
462757 462895
463622 468985
469509 472759
Rhodobacter_sp_AKP1_gi_429208069_ref_NZ_
1 75000
Rhodobacter_sp_AKP1_gi_429210054_ref_NZ_
1 1583
Rhodobacter_sp_AKP1_gi_429209976_ref_NZ_
1 1555
Rhodobacter_sp_AKP1_gi_429209850_ref_NZ_
1 1601
Rhodobacter_sp_AKP1_gi_429209849_ref_NZ_
1 314
Rhodobacter_sp_AKP1_gi_429208142_ref_NZ_
1 837
1997 2666
3258 5145
6313 10452
11144 12174
13568 13933
14640 16749
17296 17683
18439 18737
19353 19672
20217 23008
25289 25483
26757 28093
28904 28962
29587 32423
33240 33770
34830 36609
37412 37490
39152 47550
48774 50358
51358 79758
81248 82022
82827 83143
83869 84187
85402 86998
88568 90208
90900 91378
91888 92154
92911 92985
94344 95782
96576 96755
98106 100617
101358 103754
106888 109156
109775 110920
111646 117498
118111 118305
119177 119930
120683 120983
122125 122386
123038 123954
124457 128304
129200 129251
130531 131301
132776 135018
135757 138019
138889 139197
140100 141515
142244 143634
144222 145165
146031 146097
147382 149612
150196 164132
Rhodobacter_sp_AKP1_gi_429210108_ref_NZ_
242 353
Rhodobacter_sp_AKP1_gi_429209957_ref_NZ_
1 3552
3619 5758
Rhodobacter_sp_AKP1_gi_429206939_ref_NZ_
1 977
1675 2885
3569 5151
5739 6543
7266 8723
9269 15957
16666 19153
19734 20309
21615 22172
23210 24009
25552 26600
27969 28722
29354 32706
33345 36280
37354 37619
38649 41161
41819 42568
43207 43533
44091 46509
47182 49608
50278 50539
51122 52182
52737 56201
57386 57980
58767 58983
59747 61881
62409 63455
64209 64428
65525 65883
67158 69910
70754 73618
76098 79699
80264 82228
82896 83244
84167 84233
86552 87907
88642 90196
90766 91992
93277 94982
96441 97169
97854 101826
102770 103270
104010 104985
106032 108382
109616 109870
110450 111983
114202 115438
116147 121909
122605 123843
124414 125683
126203 126792
127671 128364
128968 129053
130014 130505
131401 133494
134179 139015
139562 142176
142700 143450
144982 148469
149076 149787
150376 151123
151716 153733
154241 154681
155457 157931
158559 160378
160911 165011
166094 166211
167453 167901
Rhodobacter_sp_AKP1_gi_429208943_ref_NZ_
1 1519
Rhodobacter_sp_AKP1_gi_429206341_ref_NZ_
1 33515
Rhodobacter_sp_AKP1_gi_429210035_ref_NZ_
1 328
Rhodobacter_sp_AKP1_gi_429209391_ref_NZ_
1 613
Rhodobacter_sp_AKP1_gi_429210056_ref_NZ_
1 1316
Rhodobacter_sp_AKP1_gi_429210104_ref_NZ_
1 314
Rhodobacter_sp_AKP1_gi_429209979_ref_NZ_
1 3813
Rhodobacter_sp_AKP1_gi_429210081_ref_NZ_
1 3738
Rhodobacter_sp_AKP1_gi_429210069_ref_NZ_
1 1950
Rhodobacter_sp_AKP1_gi_429208694_ref_NZ_
1 4314
4901 6643
6988 12603
12861 14129
14999 15231
15967 16392
17107 17918
18425 21942
23125 23835
24396 24704
26797 26919
27659 27926
28435 29301
30013 33891
34457 38698
39540 42762
43286 44135
45019 53838
Rhodobacter_sp_AKP1_gi_429209127_ref_NZ_
1 42917
Rhodobacter_sp_AKP1_gi_429209904_ref_NZ_
1 2331
Rhodobacter_sp_AKP1_gi_429208693_ref_NZ_
1 1693
Rhodobacter_sp_AKP1_gi_429209390_ref_NZ_
1 613
Rhodobacter_sp_AKP1_gi_429209464_ref_NZ_
1 577
3088 3247
Rhodobacter_sp_AKP1_gi_429210103_ref_NZ_
1 470
Rhodobacter_sp_AKP1_gi_429210092_ref_NZ_
1 1287
Rhodobacter_sp_AKP1_gi_429208572_ref_NZ_
1 1556
2383 3934
4475 4792
5391 6368
7747 9887
10649 10791
11504 11888
12700 13073
13603 14250
15457 15735
16876 17367
17958 19509
21540 29012
29617 34227
36081 37641
38508 41551
43319 43404
44305 45583
47289 50482
51008 51381
51913 57245
57807 60309
61181 62506
63171 65387
66189 67862
69764 69973
70713 71456
72291 74971
75509 75656
76326 76422
77274 78630
79283 79707
82694 85284
86791 89408
89971 90799
91679 91805
92349 92618
93162 95097
96210 97733
98246 99888
100633 101783
103076 110051
110573 114679
115479 115599
Rhodobacter_sp_AKP1_gi_429210002_ref_NZ_
1 1246
Rhodobacter_sp_AKP1_gi_429209961_ref_NZ_
1 451
1889 2314
Rhodobacter_sp_AKP1_gi_429206935_ref_NZ_
1 1490
1798 2287
Rhodobacter_sp_AKP1_gi_429209701_ref_NZ_
1 633
1180 2312
3116 9107
9920 10963
11477 15943
16659 17976
19431 27205
27851 36077
36615 42276
42889 43161
43711 44184
45225 47214
47997 48075
49461 50299
51102 51678
52222 52764
53509 54172
54896 57568
58982 59515
60943 61289
62602 64961
65544 88801
Rhodobacter_sp_AKP1_gi_429210091_ref_NZ_
1 866
Rhodobacter_sp_AKP1_gi_429210028_ref_NZ_
1 1384
Rhodobacter_sp_AKP1_gi_429210102_ref_NZ_
1 470
Rhodobacter_sp_AKP1_gi_429209173_ref_NZ_
1 439
1133 3386
3883 12922
13435 13929
14439 15799
16957 17695
18459 20119
22332 22757
23691 25409
26107 27124
28977 29722
30590 30667
31735 33392
34664 35696
39231 41698
42232 42660
43275 43555
44501 45167
46266 47528
48153 49801
50567 52223
53115 55455
56605 56693
57473 58084
59623 61532
62476 63658
64210 65432
65948 66011
66523 67036
67857 68712
69320 72051
73564 76547
77181 79101
79604 84521
85423 85552
86950 90210
92104 92393
95007 101258
101966 102285
103690 104936
105443 105509
106020 107719
108821 109250
109979 111777
113585 113815
114556 114617
115873 119361
120120 121425
123896 128974
129888 131600
132720 134676
135233 135329
136081 137028
137553 139171
140147 140290
141073 144480
145361 145416
146263 146516
149553 153284
154811 156577
157862 158290
159283 163534
164252 164767
166282 168124
168696 170077
172227 176483
177508 180231
180815 183609
185027 185181
189058 189556
190163 194756
195709 198523
199108 199488
200223 201558
202070 208142
209940 210013
210848 212691
213265 219395
220459 220526
222034 225326
Rhodobacter_sp_AKP1_gi_429208551_ref_NZ_
1 357
Rhodobacter_sp_AKP1_gi_429209015_ref_NZ_
1 246
1006 2757
3295 6305
6828 7046
7952 8394
8926 9336
9927 11105
11633 11749
12365 15000
15608 15757
16311 16463
16976 17090
17626 18951
19504 19779
20553 48640
49244 49950
50612 50912
52776 53021
55020 55333
55900 56650
57207 60303
62244 62293
64207 67783
69626 70057
70593 74643
75382 75442
76492 77187
77735 77859
78671 79772
80278 82498
83362 83859
84613 84696
85206 85458
86801 89553
91038 93124
93804 94239
95043 95784
96554 98833
100175 101837
102422 102868
103917 106049
106975 107605
108344 108446
110126 110738
111392 112495
113265 115428
116320 117916
118445 119133
119637 120269
120867 120985
122154 123590
126587 127339
128999 134176
134989 135361
135882 136278
137846 138015
139054 140980
Rhodobacter_sp_AKP1_gi_429209784_ref_NZ_
1 268
962 1059
1670 2861
3580 4056
5129 9625
10759 14732
15504 19051
19601 22683
Rhodobacter_sp_AKP1_gi_429209517_ref_NZ_
1 6801
Rhodobacter_sp_AKP1_gi_429210068_ref_NZ_
1 313
Rhodobacter_sp_AKP1_gi_429205966_ref_NZ_
1 205
1027 1927
2642 2990
3827 4769
5595 6683
8159 8244
8993 10366
10893 11896
13306 15807
16669 17907
19124 20223
20747 23088
24060 26209
27219 27961
29212 34258
35678 36796
38367 38631
39224 41216
42064 46125
46687 48352
48887 49743
50426 50946
53351 53628
54853 55178
55862 57611
58823 59802
60784 62068
63047 68770
69317 69667
70660 74014
74592 75779
76941 78108
78666 79208
79806 81016
81742 82064
82759 83992
84554 85275
86609 86766
90791 91561
92190 92256
92808 97487
98117 100078
100679 104741
105499 105837
106448 106531
107710 110420
111216 111270
112310 113831
114480 114864
115460 117633
118314 119142
120275 124358
126366 126639
127283 127912
129373 131985
132966 134467
135270 137255
137771 141307
142666 142983
143814 144448
145310 148226
149641 151438
152105 153621
154215 154272
156367 156682
157556 158550
159193 160556
161378 162967
165708 166571
167781 172819
173406 174747
176441 176506
177135 177584
178809 179535
180327 180543
182357 182886
184007 185930
187137 189252
190008 194913
196103 196187
197564 197840
198840 199690
200589 200809
201407 202937
203444 204190
205094 205402
206520 210506
211164 211398
212358 212661
213918 216940
217448 217770
218304 218838
219477 220488
221006 223297
225291 227227
227803 233748
234942 237581
239912 241838
242563 242780
243970 244505
245914 247019
247768 250682
251496 252829
253776 253926
255139 259005
259735 260569
261195 263606
264618 266952
267904 268466
269005 269548
270378 270510
271211 273462
275338 275686
277278 277937
278569 280234
280958 282876
283471 283543
284111 284704
285286 285835
286248 309350
310219 314209
315063 317160
318590 320128
320872 324143
325188 330231
331340 331497
332654 340307
340899 342201
342855 343808
344411 345719
346530 355682
356682 356768
357305 358432
359041 363644
364870 369194
369819 372636
Rhodobacter_sp_AKP1_gi_429210097_ref_NZ_
1 1172
Rhodobacter_sp_AKP1_gi_429209898_ref_NZ_
1 4662
Rhodobacter_sp_AKP1_gi_429205926_ref_NZ_
1 5143
5696 7352
8098 10644
11354 14360
16510 17721
18683 19035
19749 21090
22176 23826
24427 29747
31030 33104
34090 34852
Rhodobacter_sp_AKP1_gi_429209955_ref_NZ_
1 950
Rhodobacter_sp_AKP1_gi_429210038_ref_NZ_
1 2978
3644 3760
4281 4956
6210 6377
6910 7493
8372 8722
9359 9414
10736 11975
12489 19443
Rhodobacter_sp_AKP1_gi_429209897_ref_NZ_
1 924
Rhodobacter_sp_AKP1_gi_429209623_ref_NZ_
1 438
1091 8087
8603 9327
10104 11325
12920 13545
14079 16461
17151 27538
28508 28581
29191 31454
32119 32831
33991 35339
36221 37475
38475 38634
39410 39898
40921 44409
46295 47784
48727 49238
50021 51376
52051 52384
53906 59016
59859 59912
60986 61041
62746 62838
64057 64479
65520 69680
Rhodobacter_sp_AKP1_gi_429210100_ref_NZ_
1 1131
Rhodobacter_sp_AKP1_gi_429208745_ref_NZ_
1 24555
25228 25591
26789 28165
29466 29761
30621 31941
32671 33399
33915 33968
34571 35018
36420 37971
38750 42480
43322 44088
44608 49631
50665 51075
51776 51929
52732 57455
58354 59289
59872 60076
61150 61967
62497 65013
65583 70623
72025 72880
75249 76322
76894 77888
78510 81511
82571 84984
87239 87444
88089 89385
90090 91215
95200 95734
96750 98003
98651 99479
100584 102262
102894 109003
109773 111168
111931 112176
112808 113082
113694 114747
Rhodobacter_sp_AKP1_gi_429205584_ref_NZ_
1 2212
3853 15950
17491 17626
18197 18887
19570 19813
20363 30180
30844 36244
36907 38327
39481 47227
48534 48788
49405 50687
52353 54395
55056 55776
57272 58483
59571 60073
60635 61892
62632 63357
65378 65767
66730 66807
67520 68454
69300 71720
72575 75103
76036 77114
77921 79052
79912 80064
80664 80793
81409 84766
85470 96177
97289 97970
98968 101138
101744 105906
107178 108869
111845 112117
112812 120792
121430 122152
122722 122968
123514 126003
126870 133519
134092 140248
141611 141985
142627 144638
145358 147982
148835 149360
150162 152135
152829 152909
153446 153891
154502 154709
155292 155720
157665 161014
161872 163668
164287 169278
170185 171017
171663 172594
173335 173999
174642 175244
175904 176000
176688 179119
179651 180189
181459 181715
183107 183661
184495 186844
188200 188580
190134 191656
192771 195300
196227 200153
201627 206011
207666 208843
209942 212143
212781 216485
217430 218098
218745 218982
219504 231946
232598 234454
235120 235519
236414 242358
243032 243202
243705 245692
246604 249442
250761 255798
256409 257652
258328 264375
264900 266367
267103 267707
268875 269923
271513 271610
272231 272317
273059 273295
273880 273938
275207 275770
278145 278705
279244 280495
281015 281379
282043 284274
284855 286134
288590 291282
291895 292690
293935 297458
298712 298836
300750 305695
306797 307492
308988 309108
310967 311524
313867 314987
315688 316460
318364 318918
319704 320275
320986 323425
324393 324498
325012 325064
325885 327351
328908 329072
332710 333291
333998 334810
335655 338701
339295 345571
346530 347392
347911 348183
348828 349453
350694 354574
355328 359019
359655 362676
363451 363804
364971 368596
Rhodobacter_sp_AKP1_gi_429206369_ref_NZ_
1 113
654 710
1853 2580
3591 4279
4837 6464
7850 10749
11506 11568
12241 13053
14286 15624
16167 16646
17161 17314
18231 19036
20648 22635
23198 23274
23886 25882
26406 28287
28851 28994
29607 29715
30230 30283
31294 32227
32618 37623
38296 39377
40009 40750
41734 42914
43905 44027
45367 46191
46894 47019
47634 48899
49577 57603
58340 61718
62233 62789
63438 64140
64764 65104
65643 65997
66511 68429
69269 69830
70346 72762
73752 73847
74507 75212
75774 77023
78192 81463
82517 84040
84672 85117
85772 86367
88166 88553
89733 89931
90661 90714
91703 91796
92976 93889
94409 100790
101351 101436
102239 105488
106372 106671
107350 107514
107786 109240
111142 114854
115515 115930
117899 118899
119852 120111
120737 121817
122731 124120
124931 125003
125730 125793
127518 127939
128911 133179
133852 134212
134758 135026
136117 136587
137512 138220
138990 141710
142874 143918
145214 145372
146550 148805
149871 153387
154014 157273
158335 159070
160041 163372
163905 164055
164835 167938
168814 173174
174027 179562
180274 182300
183057 184850
186506 188092
188904 189674
190504 198663
201325 202844
203459 205357
206168 209403
210878 210977
213182 213238
214068 215948
217628 217813
219377 221225
222125 222204
223607 223902
224529 224873
225592 225983
226836 230899
232136 233468
234382 242304
242970 243791
244837 249336
249924 253133
255368 255844
256632 258457
259294 260161
260766 261785
262901 264792
265585 266140
266902 267757
Rhodobacter_sp_AKP1_gi_429207945_ref_NZ_
1 194
443 6092
6596 9513
10498 12729
13553 18350
19106 21027
21895 23079
23845 25373
26568 27098
27739 28170
28874 29104
29910 30179
30681 33608
34111 40945
42689 45913
46988 48718
49253 51810
52581 56483
57013 59636
60246 66625
67174 67380
68975 70226
71051 71354
72112 75364
76044 76247
77392 80865
81860 81993
82712 82862
83592 83700
84281 85089
86066 89736
90316 92397
93035 98936
99653 102964
104227 106701
107319 107783
108482 109521
110180 116100
116694 116837
117406 118083
118791 122487
123391 124029
125261 126592
Rhodobacter_sp_AKP1_gi_429209853_ref_NZ_
1 866
Rhodobacter_sp_AKP1_gi_429210036_ref_NZ_
1 528
Rhodobacter_sp_AKP1_gi_429209931_ref_NZ_
1 1594
2328 4105
4695 6420
7173 14618
15172 16975
17527 18815
Rhodobacter_sp_AKP1_gi_429208488_ref_NZ_
1 1156
1254 1823
2943 6362
7093 10300
12026 14151
14902 18395
19386 20900
22021 23505
24803 25044
25605 26921
28292 29013
29698 30278
30880 30934
32257 33125
33983 34348
35253 36051
36620 39264
39911 39984
40487 43249
44052 44272
45012 45625
46368 46764
48470 48996
49532 49936
51173 52261
53008 54547
55912 60669
61629 64935
65943 66466
67516 67748
Rhodobacter_sp_AKP1_gi_429210088_ref_NZ_
1 706
Rhodobacter_sp_AKP1_gi_429210029_ref_NZ_
1 3399
Rhodobacter_sp_AKP1_gi_429209962_ref_NZ_
1 7859
Rhodobacter_sp_AKP1_gi_429207690_ref_NZ_
505 817
1731 2048
2700 2775
3691 3789
4344 4992
5892 7694
8527 10848
12050 16652
17307 17393
18111 18240
19683 19833
20758 21848
23617 28197
29560 29785
31155 36851
38035 40387
41041 42597
43812 43883
44461 53275
55941 57190
58689 59094
61273 61709
62592 64103
64784 65808
68400 70143
70844 71513
73437 73499
75608 76326
76836 83290
83798 84431
85533 85966
87320 87758
88403 90024
90786 91512
92736 93800
94462 94528
95091 100317
101420 101524
102184 102333
103087 105863
106504 109902
110542 110900
111529 113154
113656 113819
114343 114677
115546 115934
116798 117434
118125 120068
120892 122780
123321 125553
126515 128339
128927 130762
131666 133668
134632 135039
136787 136958
137632 137767
139790 142955
144062 146034
146568 151790
153586 154257
154987 156290
158207 160752
161354 162478
163070 163528
164200 164280
165373 165446
166025 166669
168341 169612
170357 172426
173654 173779
175188 175424
177117 178838
179952 180458
181016 181083
182464 184885
186303 188302
188999 191815
192474 199110
200272 200823
201813 201867
202515 206885
209730 215323
216018 216072
216920 220332
222240 222294
223026 224167
224746 230404
231604 232848
233621 234549
235489 235591
237331 238661
239235 239454
240673 242452
Rhodobacter_sp_AKP1_gi_429207559_ref_NZ_
1 1124
3631 4078
5496 6199
7502 7875
8384 9349
10276 10970
12100 12607
13242 13350
14354 15313
16921 17593
Rhodobacter_sp_AKP1_gi_429208552_ref_NZ_
1 5510
Rhodobacter_sp_AKP1_gi_429207574_ref_NZ_
1 11027
12402 14282
15054 16141
16675 17345
18368 18434
20000 23372
23986 28892
29345 30631
31777 32854
33929 35606
36415 37226
38690 38747
39955 40563
41325 41720
42241 42890
43663 46813
47047 49476
50214 50492
51382 52385
54914 60097
61064 63177
63445 63720
64424 65478
66258 67973
69045 69124
70008 72166
73665 74028
75239 77108
78506 79087
79563 80368
82222 82902
83649 85830
86364 90680
91462 91902
92994 94702
95619 98235
98978 100520
101690 104342
104890 105649
106367 106521
107038 110238
111100 111543
112232 112522
113286 114345
114837 115488
116610 116961
117479 118474
119013 119243
119762 120590
121641 124905
Rhodobacter_sp_AKP1_gi_429209983_ref_NZ_
1 346
1178 1440
2114 3389
4949 5228
6624 9360
10123 11979
12716 12876
13418 14288
14975 16475
16663 17996
Rhodobacter_sp_AKP1_gi_429210099_ref_NZ_
1 407
Rhodobacter_sp_AKP1_gi_429210098_ref_NZ_
1 533
Rhodobacter_sp_AKP1_gi_429209881_ref_NZ_
1 16417
Rhodobacter_sp_AKP1_gi_429209392_ref_NZ_
1 79965
Rhodobacter_sp_AKP1_gi_429209916_ref_NZ_
1 314
Rhodobacter_sp_AKP1_gi_429206937_ref_NZ_
1 2266
Rhodobacter_sp_AKP1_gi_429210105_ref_NZ_
1 495
Rhodobacter_sp_AKP1_gi_429208946_ref_NZ_
1 2363
3642 7889
8610 10019
10778 11781
13146 13730
14256 14968
16309 17014
17941 19467
20045 24221
25196 25983
27185 31574
32519 33980
34682 37200
37718 38955
40215 42061
42908 43236
44703 45300
45922 46412
49950 50958
51683 52091
52762 53410
54601 57061
57636 60116
60628 60766
61625 61711
62862 66642
67202 68402
Rhodobacter_sp_AKP1_gi_429210107_ref_NZ_
1 305
Rhodobacter_sp_AKP1_gi_429210095_ref_NZ_
1 2345
Rhodobacter_sp_AKP1_gi_429210089_ref_NZ_
1 1477
Rhodobacter_sp_AKP1_gi_429210053_ref_NZ_
1 426
Rhodobacter_sp_AKP1_gi_429209910_ref_NZ_
1 6659
6854 8272
Rhodobacter_sp_AKP1_gi_429209523_ref_NZ_
1 7437
9813 11716
15087 17161
17671 18993
19509 22287
23957 25783
26361 27904
28783 28901
29555 35448
36431 36483
37671 43893
45509 47855
48552 50944
52895 53288
54222 56930
57508 58583
59606 60100
60859 61963
62824 62876
63762 65143
65804 68696
70538 70894
71440 71605
72988 74461
74998 75808
76322 76823
77494 78362
79247 80287
80976 81365
81887 82538
83848 84100
86250 86402
87216 91142
92763 93907
94609 95232
95825 96648
97264 99155
99668 101687
102549 103190
Rhodobacter_sp_AKP1_gi_429210005_ref_NZ_
1 2703
3406 5949
8696 9246
9921 10269
11271 12899
13792 13876
15679 16609
17148 17647
18571 21521
Rhodobacter_sp_AKP1_gi_429210073_ref_NZ_
1 647
Rhodobacter_sp_AKP1_gi_429209679_ref_NZ_
1 2596
3242 9199
9871 10429
12185 13167
14867 15475
16402 16678
17218 18296
Rhodobacter_sp_AKP1_gi_429210106_ref_NZ_
1 407
