Rhodobacter_sp_AKP1_gi_429206618_ref_NZ_
1 210
457 1188
1426 33779
Rhodobacter_sp_AKP1_gi_429208561_ref_NZ_
1 5818
Rhodobacter_sp_AKP1_gi_429209472_ref_NZ_
1 47991
48301 49456
Rhodobacter_sp_AKP1_gi_429210062_ref_NZ_
1 2236
Rhodobacter_sp_AKP1_gi_429206792_ref_NZ_
1 22846
23357 23802
24357 31046
31622 54674
55437 66248
66497 71284
71853 75953
76094 76160
76716 79808
80081 86697
87351 91441
92004 95243
95851 105310
105960 110085
110748 112262
112765 121946
122162 127059
127320 135184
135787 139530
140135 146103
146675 147531
147994 151962
Rhodobacter_sp_AKP1_gi_429209929_ref_NZ_
1 1544
Rhodobacter_sp_AKP1_gi_429208285_ref_NZ_
1 6046
6686 7522
8049 25311
25700 48905
49480 55923
56450 59390
59936 63190
63844 65297
65916 85785
86523 91982
92581 99687
100298 103897
104292 105525
106108 110094
110996 145142
145770 151505
152073 157260
158039 169153
169776 171254
171526 192574
192941 198249
198929 212353
Rhodobacter_sp_AKP1_gi_429209807_ref_NZ_
1 744
1601 22201
22726 44354
45733 48339
Rhodobacter_sp_AKP1_gi_429210058_ref_NZ_
1 4163
Rhodobacter_sp_AKP1_gi_429210074_ref_NZ_
1 2574
Rhodobacter_sp_AKP1_gi_429206650_ref_NZ_
1 13391
13920 39057
40181 58455
58778 63136
63945 65081
65535 68337
69178 78986
79791 85932
86238 95735
96325 99257
99970 106587
107471 114041
114686 127026
127270 130692
131453 140348
Rhodobacter_sp_AKP1_gi_429209465_ref_NZ_
1 8208
Rhodobacter_sp_AKP1_gi_429210057_ref_NZ_
396 640
Rhodobacter_sp_AKP1_gi_429209917_ref_NZ_
1 2288
2800 7293
7600 9488
Rhodobacter_sp_AKP1_gi_429209970_ref_NZ_
1 8512
Rhodobacter_sp_AKP1_gi_429209854_ref_NZ_
1 12408
13231 22448
Rhodobacter_sp_AKP1_gi_429208858_ref_NZ_
1 7125
7365 48256
48454 48788
49942 55784
56475 63081
63725 66892
67501 85315
85995 98990
99106 99265
Rhodobacter_sp_AKP1_gi_429210076_ref_NZ_
1 2269
Rhodobacter_sp_AKP1_gi_429207094_ref_NZ_
1 11242
11539 15525
16449 22176
22750 27538
27859 38473
38884 70534
71299 74891
75513 103269
103601 110974
111167 129802
129985 134000
134729 135777
136392 143486
144061 145384
145907 151182
151641 155043
155428 157815
158322 167614
168147 168239
169050 171800
172317 176047
176575 186918
187350 192633
192775 197546
197793 231371
231940 234753
235086 248521
249033 253580
254127 254271
254794 255154
255811 262480
262802 275167
275713 276103
276453 307580
307858 313468
313690 327322
328417 332459
333312 348122
348471 350656
351214 351572
352412 353297
353996 381927
382212 416140
416702 426489
427100 440982
441647 442020
442400 442647
442795 446942
447599 472759
Rhodobacter_sp_AKP1_gi_429208069_ref_NZ_
1 75000
Rhodobacter_sp_AKP1_gi_429210054_ref_NZ_
1 1583
Rhodobacter_sp_AKP1_gi_429209976_ref_NZ_
1 1555
Rhodobacter_sp_AKP1_gi_429209850_ref_NZ_
1 1601
Rhodobacter_sp_AKP1_gi_429209849_ref_NZ_
1 314
Rhodobacter_sp_AKP1_gi_429208142_ref_NZ_
1 837
1690 24369
24905 38185
39001 46784
47111 47550
48196 82022
82684 83274
83682 96798
97268 109160
109775 116983
117220 118305
119021 119930
120476 123954
124457 144833
144944 164132
Rhodobacter_sp_AKP1_gi_429210108_ref_NZ_
1 353
Rhodobacter_sp_AKP1_gi_429209957_ref_NZ_
1 5758
Rhodobacter_sp_AKP1_gi_429206939_ref_NZ_
1 21194
21531 27266
27969 36878
37354 38393
38542 41161
41687 50574
50928 52213
52737 64856
65525 66562
67158 69929
70247 73618
74308 84851
85379 85996
86526 92336
93292 98448
98854 99019
99672 106582
107179 133622
134023 166868
167453 167901
Rhodobacter_sp_AKP1_gi_429208943_ref_NZ_
1 1519
Rhodobacter_sp_AKP1_gi_429206341_ref_NZ_
1 33515
Rhodobacter_sp_AKP1_gi_429210035_ref_NZ_
1 328
Rhodobacter_sp_AKP1_gi_429209391_ref_NZ_
1 613
Rhodobacter_sp_AKP1_gi_429210056_ref_NZ_
1 1316
Rhodobacter_sp_AKP1_gi_429210104_ref_NZ_
1 314
Rhodobacter_sp_AKP1_gi_429209979_ref_NZ_
1 3813
Rhodobacter_sp_AKP1_gi_429210081_ref_NZ_
1 3738
Rhodobacter_sp_AKP1_gi_429210069_ref_NZ_
1 1950
Rhodobacter_sp_AKP1_gi_429208694_ref_NZ_
1 5132
5633 14285
14854 23835
24396 26450
26688 53838
Rhodobacter_sp_AKP1_gi_429209127_ref_NZ_
1 42917
Rhodobacter_sp_AKP1_gi_429209904_ref_NZ_
1 2331
Rhodobacter_sp_AKP1_gi_429208693_ref_NZ_
1 1693
Rhodobacter_sp_AKP1_gi_429209390_ref_NZ_
1 613
Rhodobacter_sp_AKP1_gi_429209464_ref_NZ_
1 3247
Rhodobacter_sp_AKP1_gi_429210103_ref_NZ_
1 470
Rhodobacter_sp_AKP1_gi_429210092_ref_NZ_
1 1287
Rhodobacter_sp_AKP1_gi_429208572_ref_NZ_
1 3934
4182 13073
13582 14909
15457 19509
20308 20993
21540 40223
40763 69113
69635 71720
72240 75793
76326 85284
85796 85900
86575 101783
102452 110051
110542 115599
Rhodobacter_sp_AKP1_gi_429210002_ref_NZ_
1 1246
Rhodobacter_sp_AKP1_gi_429209961_ref_NZ_
1 2314
Rhodobacter_sp_AKP1_gi_429206935_ref_NZ_
1 2287
Rhodobacter_sp_AKP1_gi_429209701_ref_NZ_
1 17976
18752 19157
19335 36226
36535 44586
45225 47565
47850 48668
49408 50428
50735 54206
54284 88801
Rhodobacter_sp_AKP1_gi_429210091_ref_NZ_
1 866
Rhodobacter_sp_AKP1_gi_429210028_ref_NZ_
1 1886
Rhodobacter_sp_AKP1_gi_429210102_ref_NZ_
1 470
Rhodobacter_sp_AKP1_gi_429209173_ref_NZ_
1 14633
14809 20557
21331 28818
28945 33775
34264 43858
44501 46987
47241 54415
54983 56832
57473 63800
64210 72941
73564 86354
86901 91049
91582 93723
93960 104942
105443 109347
109963 111982
112484 112781
113296 115169
115580 119462
120069 139171
139712 146731
147110 162178
163277 165576
166141 171393
172227 176827
177396 184457
185027 185273
185926 186340
186911 188484
189058 189556
190163 208213
208501 210013
210609 225326
Rhodobacter_sp_AKP1_gi_429208551_ref_NZ_
1 357
Rhodobacter_sp_AKP1_gi_429209015_ref_NZ_
1 17090
17626 20032
20553 53269
53813 61733
62244 63444
63990 68478
69261 74732
75035 82940
83180 85679
85810 86960
87579 99220
99938 103271
103750 112758
113042 123874
124552 124983
125529 137106
137709 140980
Rhodobacter_sp_AKP1_gi_429209784_ref_NZ_
1 2861
3580 7707
8157 14856
15504 20954
21673 21734
22326 22683
Rhodobacter_sp_AKP1_gi_429209517_ref_NZ_
1 6801
Rhodobacter_sp_AKP1_gi_429210068_ref_NZ_
1 313
Rhodobacter_sp_AKP1_gi_429205966_ref_NZ_
1 1927
2582 8244
8836 10366
10893 28065
28818 51628
52020 59892
60498 73125
73221 87786
88586 88645
89050 105837
106448 106531
107114 111507
111932 126726
127283 138635
139182 163874
164364 181551
182357 186548
187137 193539
193991 195504
196136 196187
196818 205710
206520 210586
210761 211752
212358 216940
217448 220488
221006 234192
234741 239058
239697 272817
273060 275686
276252 283543
284111 324263
324838 327492
327766 332793
332921 350582
350846 355682
356211 364235
364800 369194
369819 372636
Rhodobacter_sp_AKP1_gi_429210097_ref_NZ_
1 1172
Rhodobacter_sp_AKP1_gi_429209898_ref_NZ_
1 4662
Rhodobacter_sp_AKP1_gi_429205926_ref_NZ_
1 19035
19671 34852
Rhodobacter_sp_AKP1_gi_429209955_ref_NZ_
1 950
Rhodobacter_sp_AKP1_gi_429210038_ref_NZ_
1 3129
3360 5040
5550 9698
10736 19443
Rhodobacter_sp_AKP1_gi_429209897_ref_NZ_
1 924
Rhodobacter_sp_AKP1_gi_429209623_ref_NZ_
1 12674
12920 28581
29099 59269
59859 61099
61189 61295
62150 69680
Rhodobacter_sp_AKP1_gi_429210100_ref_NZ_
1 1223
Rhodobacter_sp_AKP1_gi_429208745_ref_NZ_
1 25675
26612 28286
29253 35602
36335 57611
58272 73043
73620 81774
82364 85288
86377 86650
87239 92458
93130 96203
96750 100007
100584 113241
113565 114747
Rhodobacter_sp_AKP1_gi_429205584_ref_NZ_
1 18887
19570 55776
56462 58557
59513 63357
63896 84866
85470 89403
89978 96405
96915 105906
106460 108869
109425 111319
111845 126003
126577 144638
145194 155967
156973 157528
157642 161058
161275 171017
171663 174172
174399 176122
176667 176817
176928 183661
184495 202646
202747 205474
205734 209067
209844 212889
212991 255798
256409 258620
258733 267972
268875 270988
271513 272330
273019 274327
274990 283335
283903 291282
291802 292690
293434 297579
298085 300057
300660 303540
303756 306191
306782 312389
312817 313193
313867 316460
317226 318918
319582 322125
322550 323425
324035 324498
325012 326219
326467 329214
329843 331481
332295 348329
348737 350185
350694 359019
359655 362676
363451 368596
Rhodobacter_sp_AKP1_gi_429206369_ref_NZ_
1 11568
12206 13091
14286 21612
22303 30287
30902 38844
39364 40407
40666 44299
44935 46213
46772 62271
62653 65104
65643 66158
66511 85117
85772 91284
91700 95046
95374 105559
105947 109568
110104 124120
124722 141803
142874 144082
144283 158406
158823 164055
164586 167938
168814 189674
190356 199498
200512 211630
212188 215948
216540 221599
222125 232728
232988 234528
234981 262308
262882 267757
Rhodobacter_sp_AKP1_gi_429207945_ref_NZ_
1 9513
10017 12922
13553 21027
21796 40945
41549 46294
46988 67782
68975 74009
74403 78353
78592 82282
82486 101145
101351 103707
104081 126592
Rhodobacter_sp_AKP1_gi_429209853_ref_NZ_
1 866
Rhodobacter_sp_AKP1_gi_429210036_ref_NZ_
1 1213
Rhodobacter_sp_AKP1_gi_429209931_ref_NZ_
1 336
962 1694
2328 4109
4695 7257
7666 18815
Rhodobacter_sp_AKP1_gi_429208488_ref_NZ_
1 4977
5118 11416
12026 18395
18945 21036
21914 23857
24083 26138
26424 26921
28015 31551
32084 32426
32712 39984
40487 44272
44908 45980
46368 46764
47108 58898
59410 65164
65736 66524
67563 67748
Rhodobacter_sp_AKP1_gi_429210088_ref_NZ_
1 706
Rhodobacter_sp_AKP1_gi_429210029_ref_NZ_
1 3399
Rhodobacter_sp_AKP1_gi_429209962_ref_NZ_
1 7859
Rhodobacter_sp_AKP1_gi_429207690_ref_NZ_
1 1121
1731 2188
2478 18458
19027 24245
24619 33826
34169 36851
37502 43274
43812 53275
54248 60625
61223 66096
66667 78001
78330 86377
87026 90024
90683 100446
101420 105863
106504 108435
109035 113154
113656 115934
116695 117434
118125 133911
134632 135065
135600 138865
139790 152433
152960 176193
176851 184983
185509 185693
186293 186420
186760 188450
188999 191815
192370 199110
200049 208032
208925 216196
216920 218946
219256 220394
221134 221789
222026 230759
231411 236295
237331 240017
240673 242452
Rhodobacter_sp_AKP1_gi_429207559_ref_NZ_
1 1776
2470 2621
3636 4165
5441 7918
8489 9269
9856 12652
15065 15619
16809 17593
Rhodobacter_sp_AKP1_gi_429208552_ref_NZ_
1 5510
Rhodobacter_sp_AKP1_gi_429207574_ref_NZ_
1 11027
11528 38747
39256 40701
40914 46813
47047 49751
50127 60378
60829 65749
66060 69206
69891 77182
78336 80369
80936 81483
82222 85830
86364 98469
98978 101325
101690 106567
107038 107563
107952 110327
111082 111543
112232 115520
116189 124905
Rhodobacter_sp_AKP1_gi_429209983_ref_NZ_
1 1514
2114 11311
11954 14410
14975 17996
Rhodobacter_sp_AKP1_gi_429210099_ref_NZ_
1 407
Rhodobacter_sp_AKP1_gi_429210098_ref_NZ_
1 533
Rhodobacter_sp_AKP1_gi_429209881_ref_NZ_
1 16417
Rhodobacter_sp_AKP1_gi_429209392_ref_NZ_
1 79965
Rhodobacter_sp_AKP1_gi_429209916_ref_NZ_
1 314
Rhodobacter_sp_AKP1_gi_429206937_ref_NZ_
1 2266
Rhodobacter_sp_AKP1_gi_429210105_ref_NZ_
1 495
Rhodobacter_sp_AKP1_gi_429208946_ref_NZ_
1 2789
3376 10032
10336 17175
17509 26634
27185 31672
32038 48388
48752 49201
49427 50958
51256 55454
55990 59175
59484 68402
Rhodobacter_sp_AKP1_gi_429210107_ref_NZ_
1 305
Rhodobacter_sp_AKP1_gi_429210095_ref_NZ_
1 2345
Rhodobacter_sp_AKP1_gi_429210089_ref_NZ_
1 1477
Rhodobacter_sp_AKP1_gi_429210053_ref_NZ_
1 426
Rhodobacter_sp_AKP1_gi_429209910_ref_NZ_
1 8272
Rhodobacter_sp_AKP1_gi_429209523_ref_NZ_
1 9454
9774 11230
11632 12213
12887 13090
14350 35516
36172 51734
51989 52257
52833 72178
72687 79633
80022 86494
87098 95457
95748 103190
Rhodobacter_sp_AKP1_gi_429210005_ref_NZ_
1 7385
7955 12974
13646 15083
15248 21521
Rhodobacter_sp_AKP1_gi_429210073_ref_NZ_
1 647
Rhodobacter_sp_AKP1_gi_429209679_ref_NZ_
1 14133
14754 18296
Rhodobacter_sp_AKP1_gi_429210106_ref_NZ_
1 407
