Rhodobacter_sp_AKP1_gi_429206618_ref_NZ_
1 9686
9917 23489
24145 33779
Rhodobacter_sp_AKP1_gi_429208561_ref_NZ_
1 5818
Rhodobacter_sp_AKP1_gi_429209472_ref_NZ_
1 44973
45294 46065
46632 48899
49310 49456
Rhodobacter_sp_AKP1_gi_429210062_ref_NZ_
1 2236
Rhodobacter_sp_AKP1_gi_429206792_ref_NZ_
1 9703
10287 22655
23408 23863
24364 31046
31568 35460
35621 37024
37535 44617
44753 54674
55514 57512
57786 59934
60451 67050
67626 71284
72439 75093
75620 88110
88476 91334
91814 110085
110748 110901
111748 112262
112777 114787
115331 130326
130514 132160
132383 135000
135533 137609
138349 139530
140135 142324
143105 145820
146635 147019
148022 151962
Rhodobacter_sp_AKP1_gi_429209929_ref_NZ_
1 1544
Rhodobacter_sp_AKP1_gi_429208285_ref_NZ_
1 7522
7792 12784
13178 18865
19094 23281
23635 24455
24999 30162
30457 32213
33123 45301
45832 47256
47818 49567
49719 55923
56443 63190
63695 73800
74431 76350
76954 78183
78704 79095
79736 80757
81334 91962
92581 96343
96887 105531
106125 125297
125853 132135
132617 142389
142548 145142
145770 146718
146944 149755
150539 151505
152073 155709
156216 157307
157804 171254
171526 183810
184052 196941
197106 198931
199435 212353
Rhodobacter_sp_AKP1_gi_429209807_ref_NZ_
1 744
1833 5105
5362 22201
22815 27123
27417 48339
Rhodobacter_sp_AKP1_gi_429210058_ref_NZ_
1 4163
Rhodobacter_sp_AKP1_gi_429210074_ref_NZ_
1 2574
Rhodobacter_sp_AKP1_gi_429206650_ref_NZ_
1 10132
10479 13465
14022 15984
16664 18442
18944 27741
28184 39138
39968 41333
41511 44418
45178 45311
45623 48403
49071 65081
65603 68371
68922 78914
79891 95735
96325 99448
99970 113801
114383 120186
120699 130692
131195 138059
138584 140348
Rhodobacter_sp_AKP1_gi_429209465_ref_NZ_
1 8208
Rhodobacter_sp_AKP1_gi_429210057_ref_NZ_
1 640
Rhodobacter_sp_AKP1_gi_429209917_ref_NZ_
1 2113
2820 9488
Rhodobacter_sp_AKP1_gi_429209970_ref_NZ_
1 8512
Rhodobacter_sp_AKP1_gi_429209854_ref_NZ_
1 12408
13231 22448
Rhodobacter_sp_AKP1_gi_429208858_ref_NZ_
1 13688
13915 22162
23057 32950
33460 33771
34373 36801
36991 41474
41890 48791
49993 51382
51584 52612
52872 55784
56410 56658
57059 60454
60987 63203
63816 65225
65781 66908
67234 92674
93417 94679
95267 99265
Rhodobacter_sp_AKP1_gi_429210076_ref_NZ_
1 2269
Rhodobacter_sp_AKP1_gi_429207094_ref_NZ_
1 13858
14546 15509
16449 18588
18818 22176
22750 63705
64469 75227
75751 76840
77437 81269
81876 85334
85882 93819
94625 106696
107222 121581
122272 124684
125642 131854
132012 134000
135090 135802
136413 146074
146607 152401
152923 155780
156422 168212
169146 171800
172317 174261
175158 176035
176661 205013
205763 221880
222438 223514
223809 225120
225264 226589
227265 231255
231936 235900
236460 253580
254127 268811
269518 269913
270548 276103
276620 282638
282767 286986
287532 291241
291738 297666
298301 305285
305984 307380
308140 310014
310563 327229
328417 330237
330616 332356
333312 335760
336409 338750
339775 345946
346722 351319
352173 352575
353160 353297
353881 356017
356474 397891
398591 400907
401061 407120
407339 407601
407806 416140
416694 422658
422984 423785
424287 427969
428574 432065
432577 434584
434950 440982
441647 442464
443034 446942
447569 454723
454913 472759
Rhodobacter_sp_AKP1_gi_429208069_ref_NZ_
1 75000
Rhodobacter_sp_AKP1_gi_429210054_ref_NZ_
1 1583
Rhodobacter_sp_AKP1_gi_429209976_ref_NZ_
1 1555
Rhodobacter_sp_AKP1_gi_429209850_ref_NZ_
1 1601
Rhodobacter_sp_AKP1_gi_429209849_ref_NZ_
1 314
Rhodobacter_sp_AKP1_gi_429208142_ref_NZ_
1 921
1466 19672
20217 23527
23797 23856
24905 25483
26090 38060
38734 80038
80624 82022
82648 88017
88186 90279
90899 91378
91888 101428
101643 101894
102401 109163
109775 111067
111643 131318
131811 164132
Rhodobacter_sp_AKP1_gi_429210108_ref_NZ_
163 353
Rhodobacter_sp_AKP1_gi_429209957_ref_NZ_
1 5758
Rhodobacter_sp_AKP1_gi_429206939_ref_NZ_
1 20408
20974 22379
22924 24009
24985 27224
27936 41282
41819 42568
43207 58983
59591 61881
62409 64918
65525 66476
67158 69233
69749 69910
70754 73804
74519 75202
75776 84706
85736 85892
86552 91992
92146 92324
92914 109020
109616 113579
114128 115438
116079 116504
116803 117387
117605 122071
122605 129053
129647 133494
134109 139182
139562 144032
144702 158797
159190 165461
166092 166868
167453 167901
Rhodobacter_sp_AKP1_gi_429208943_ref_NZ_
1 1519
Rhodobacter_sp_AKP1_gi_429206341_ref_NZ_
1 33515
Rhodobacter_sp_AKP1_gi_429210035_ref_NZ_
1 328
Rhodobacter_sp_AKP1_gi_429209391_ref_NZ_
1 613
Rhodobacter_sp_AKP1_gi_429210056_ref_NZ_
1 1316
Rhodobacter_sp_AKP1_gi_429210104_ref_NZ_
1 314
Rhodobacter_sp_AKP1_gi_429209979_ref_NZ_
1 3813
Rhodobacter_sp_AKP1_gi_429210081_ref_NZ_
1 3738
Rhodobacter_sp_AKP1_gi_429210069_ref_NZ_
1 1950
Rhodobacter_sp_AKP1_gi_429208694_ref_NZ_
1 5132
5633 12603
12781 14224
14854 18638
18859 53838
Rhodobacter_sp_AKP1_gi_429209127_ref_NZ_
1 42917
Rhodobacter_sp_AKP1_gi_429209904_ref_NZ_
1 2331
Rhodobacter_sp_AKP1_gi_429208693_ref_NZ_
1 1693
Rhodobacter_sp_AKP1_gi_429209390_ref_NZ_
1 613
Rhodobacter_sp_AKP1_gi_429209464_ref_NZ_
1038 2069
2641 3247
Rhodobacter_sp_AKP1_gi_429210103_ref_NZ_
1 470
Rhodobacter_sp_AKP1_gi_429210092_ref_NZ_
1 1287
Rhodobacter_sp_AKP1_gi_429208572_ref_NZ_
1 13073
13582 17479
17958 35068
35886 40207
40761 41551
42062 46195
47018 63380
64113 69021
69764 75743
76214 85900
86551 91805
92259 104087
104212 110054
110555 115599
Rhodobacter_sp_AKP1_gi_429210002_ref_NZ_
1 1246
Rhodobacter_sp_AKP1_gi_429209961_ref_NZ_
1 141
219 1184
1816 2314
Rhodobacter_sp_AKP1_gi_429206935_ref_NZ_
1 2287
Rhodobacter_sp_AKP1_gi_429209701_ref_NZ_
1 9323
9920 16130
16659 19157
19335 29776
30156 36081
36615 38000
38122 48619
49420 51678
52222 60058
60729 88801
Rhodobacter_sp_AKP1_gi_429210091_ref_NZ_
1 866
Rhodobacter_sp_AKP1_gi_429210028_ref_NZ_
1 1886
Rhodobacter_sp_AKP1_gi_429210102_ref_NZ_
1 470
Rhodobacter_sp_AKP1_gi_429209173_ref_NZ_
1 16621
16943 20557
21354 31052
31735 42936
43271 43899
44501 54415
54979 56915
57473 63658
64210 66700
66959 72433
73564 91038
91582 93485
94066 104942
105443 109250
109929 111849
112484 112781
113296 114995
115873 119361
120068 131601
132023 146516
147044 149002
149553 157148
157862 165575
166137 170408
171014 171523
172227 176684
177430 185267
186002 189556
190062 203930
204590 219850
220459 225326
Rhodobacter_sp_AKP1_gi_429208551_ref_NZ_
1 357
Rhodobacter_sp_AKP1_gi_429209015_ref_NZ_
1 15081
15608 20023
20553 53256
54192 60789
60985 63388
63990 67853
68359 68478
69454 70142
70593 74643
75382 76019
76445 79283
79396 79772
80278 82940
83362 93606
93804 99242
99959 103271
103834 121532
122154 123590
124553 124870
125673 126623
126927 127584
127797 140980
Rhodobacter_sp_AKP1_gi_429209784_ref_NZ_
1 368
867 2861
3580 9884
10382 13716
14002 20824
21348 21650
22343 22683
Rhodobacter_sp_AKP1_gi_429209517_ref_NZ_
1 6801
Rhodobacter_sp_AKP1_gi_429210068_ref_NZ_
1 313
Rhodobacter_sp_AKP1_gi_429205966_ref_NZ_
1 1927
2642 8244
8836 16030
16669 21728
22274 22569
22689 34895
35493 37587
38367 46915
47454 57613
58214 62341
62974 75863
76431 81016
81558 86766
87338 87786
88601 88950
89480 91561
92190 105837
106448 111346
112289 113922
114480 114864
115460 115706
115976 144450
144624 144675
145310 163762
164364 165141
165708 166832
167444 174315
174494 179723
180012 181499
182357 186548
187137 195496
196114 196186
196818 199770
200272 205633
206374 208682
208964 209684
210035 211733
212399 241450
241585 243312
243885 247380
247768 253926
254470 269548
270237 274445
275338 283588
284111 324157
324842 327143
327880 336011
336169 346126
346524 349439
350058 359536
360081 360508
361094 363858
364656 365933
366193 372636
Rhodobacter_sp_AKP1_gi_429210097_ref_NZ_
1 334
962 1172
Rhodobacter_sp_AKP1_gi_429209898_ref_NZ_
1 4662
Rhodobacter_sp_AKP1_gi_429205926_ref_NZ_
1 7604
8014 14360
15730 19361
19676 21090
21690 34852
Rhodobacter_sp_AKP1_gi_429209955_ref_NZ_
1 950
Rhodobacter_sp_AKP1_gi_429210038_ref_NZ_
1 3760
4281 11997
12489 19443
Rhodobacter_sp_AKP1_gi_429209897_ref_NZ_
1 924
Rhodobacter_sp_AKP1_gi_429209623_ref_NZ_
1 28581
29099 38634
39128 44409
44984 49322
49845 52662
53169 59274
59851 59913
60614 61257
62027 67355
67814 69680
Rhodobacter_sp_AKP1_gi_429210100_ref_NZ_
1 1223
Rhodobacter_sp_AKP1_gi_429208745_ref_NZ_
1 25829
26725 28355
29466 35602
36336 51075
51722 52204
52362 55618
56030 63370
63820 66231
66449 72880
73667 74726
75249 82719
82938 86674
87239 92432
93066 96178
96750 100007
100584 113195
113662 114747
Rhodobacter_sp_AKP1_gi_429205584_ref_NZ_
1 17626
18197 18906
19480 31960
32137 41035
41379 45037
45209 58649
59571 63357
63896 66102
66730 80270
80627 84766
85435 89307
90056 108869
110087 110704
111334 120792
121430 126070
126624 144719
145194 146045
146338 153891
154414 155963
156566 176142
176688 183661
184495 190248
190548 192207
192771 195783
195986 206921
207252 209168
209942 214937
215186 252883
253454 255798
256409 270570
271089 271610
272148 272317
273059 274304
274993 277472
277984 291282
291809 292690
293443 297567
297797 307947
308467 312322
312812 313046
313821 316665
317334 318918
319704 322086
322763 324498
325012 327771
328021 329263
329843 330507
331038 331511
332210 335723
336797 345310
345554 350185
350694 359107
359655 368596
Rhodobacter_sp_AKP1_gi_429206369_ref_NZ_
1 11568
12206 13782
14286 17630
18231 30283
30969 32227
32618 44195
44935 46213
46886 58680
58941 60298
60440 65997
66511 68756
69269 83046
83258 85117
85772 91212
91700 93266
93638 93889
94208 101520
102239 109459
110086 117371
117899 124120
124768 134212
134758 136966
137512 141803
142328 153384
154014 159435
160041 167938
168518 179633
180208 188174
188686 189739
190316 199913
200566 203560
204041 204666
204918 210007
210739 211514
212476 221599
222106 223020
223607 225983
226836 230500
230803 230899
231447 245006
245559 260421
260613 262380
262901 267757
Rhodobacter_sp_AKP1_gi_429207945_ref_NZ_
1 15166
15504 21045
21864 25974
26568 30999
31325 42107
42699 46303
46902 47110
47269 59723
60246 63413
63665 66625
67174 67380
68975 70426
70974 80955
81460 93243
93917 103610
104227 116100
116694 126592
Rhodobacter_sp_AKP1_gi_429209853_ref_NZ_
1 866
Rhodobacter_sp_AKP1_gi_429210036_ref_NZ_
1 1213
Rhodobacter_sp_AKP1_gi_429209931_ref_NZ_
1 4109
4596 18815
Rhodobacter_sp_AKP1_gi_429208488_ref_NZ_
1 3453
3813 14151
14864 20900
21942 23507
24714 26921
28013 30936
31652 39984
40487 44713
45012 58796
59406 66466
67306 67748
Rhodobacter_sp_AKP1_gi_429210088_ref_NZ_
1 706
Rhodobacter_sp_AKP1_gi_429210029_ref_NZ_
1 3399
Rhodobacter_sp_AKP1_gi_429209962_ref_NZ_
1 7859
Rhodobacter_sp_AKP1_gi_429207690_ref_NZ_
1 1121
1731 2850
3298 8067
8362 16652
17307 18442
19529 24246
24619 29785
30345 30553
31085 36851
37982 38592
38829 40452
41041 43249
43812 43970
44328 53548
54264 55283
55941 60569
61138 66096
66667 72908
73437 74116
74849 84981
85533 90024
90418 91600
92116 100356
101420 108368
108945 110900
111466 113819
114334 116017
116740 117460
118125 135065
135600 136151
136251 137767
138355 160752
161272 164381
164855 172712
173405 178838
179339 185646
186303 188396
188999 194334
194681 199110
200049 216072
216920 218442
218669 218921
219538 220394
221134 230752
231282 233298
233537 234972
235492 236242
237331 240017
240673 242452
Rhodobacter_sp_AKP1_gi_429207559_ref_NZ_
1 1776
3636 4078
5448 7296
7819 9266
9772 11397
12212 12652
14299 15601
16816 17593
Rhodobacter_sp_AKP1_gi_429208552_ref_NZ_
1 5510
Rhodobacter_sp_AKP1_gi_429207574_ref_NZ_
1 39509
39845 40701
41265 46813
47047 53286
53754 60194
60829 67973
68500 77291
78270 80407
80936 81480
82222 98263
98978 101144
101690 106521
107038 110238
111100 111543
112232 124905
Rhodobacter_sp_AKP1_gi_429209983_ref_NZ_
1 1592
2114 5228
5707 12064
12566 14699
14953 17996
Rhodobacter_sp_AKP1_gi_429210099_ref_NZ_
1 407
Rhodobacter_sp_AKP1_gi_429210098_ref_NZ_
1 533
Rhodobacter_sp_AKP1_gi_429209881_ref_NZ_
1 16417
Rhodobacter_sp_AKP1_gi_429209392_ref_NZ_
1 79965
Rhodobacter_sp_AKP1_gi_429209916_ref_NZ_
1 314
Rhodobacter_sp_AKP1_gi_429206937_ref_NZ_
1 2266
Rhodobacter_sp_AKP1_gi_429210105_ref_NZ_
1 495
Rhodobacter_sp_AKP1_gi_429208946_ref_NZ_
1 2363
3146 10019
10609 17063
17821 26634
27185 27640
28104 31574
32038 43536
44124 46569
46935 47361
47880 48388
48959 55454
55952 60921
61563 68402
Rhodobacter_sp_AKP1_gi_429210107_ref_NZ_
1 305
Rhodobacter_sp_AKP1_gi_429210095_ref_NZ_
1 2345
Rhodobacter_sp_AKP1_gi_429210089_ref_NZ_
1 1477
Rhodobacter_sp_AKP1_gi_429210053_ref_NZ_
1 426
Rhodobacter_sp_AKP1_gi_429209910_ref_NZ_
1 8272
Rhodobacter_sp_AKP1_gi_429209523_ref_NZ_
1 7734
8278 9306
9813 13213
14149 33589
34097 36930
37442 52061
52895 60100
60859 84151
84436 85591
86250 86642
87114 91939
92494 96730
97264 103190
Rhodobacter_sp_AKP1_gi_429210005_ref_NZ_
1 1733
2151 6663
7178 7370
7955 9328
9568 12974
13715 16609
17148 17807
18360 21521
Rhodobacter_sp_AKP1_gi_429210073_ref_NZ_
1 647
Rhodobacter_sp_AKP1_gi_429209679_ref_NZ_
1 14222
14770 18296
Rhodobacter_sp_AKP1_gi_429210106_ref_NZ_
1 407
