Bacteroides_coprocola_gi_223954431_ref_NZ_
1 23346
24354 222618
223016 397468
397952 411984
412718 796660
797023 803980
804372 935681
936039 1239823
1240910 1241168
1242076 1242958
1244245 1244571
1245352 1246572
1247606 1248064
1248590 1249180
1250302 1250529
1251410 1253141
1253755 1256495
1258780 1266765
1267864 1288396
1288505 1426879
1429046 1429627
1430022 1430951
1431110 2079782
2080131 2112233
2112601 2170323
2171816 2171913
2176271 2176403
2178132 2178499
2186055 2572195
2572950 2885668
2890218 2890796
2894440 3023406
3023676 3264620
3265282 3265391
3265844 3487272
3487593 3786030
3794977 3987205
3987367 4300117
