Bacteroides_coprocola_gi_223954431_ref_NZ_
1 23346
24354 388571
389221 396631
407777 408285
409555 410259
411356 411979
412977 433356
434283 434690
434870 436379
436482 436715
436831 882705
883858 1239777
1240918 1241168
1241303 1243501
1245000 1245269
1245401 1245638
1245844 1249590
1250171 1251122
1251318 1251868
1252118 1252277
1252430 1252572
1252950 1253144
1253766 1256495
1257642 1259703
1260248 1263232
1267728 1269026
1270761 1270964
1271590 1273142
1273284 1273510
1273790 1273986
1274147 1275965
1276378 1277918
1278094 1278655
1278964 1279170
1279497 1279579
1279721 1284087
1284362 1284567
1284667 1284845
1284965 1428242
1429046 1540456
1540628 1542054
1547522 1547624
1555004 2159881
2165022 2167106
2169977 2170220
2172765 2181663
2186043 2304341
2304433 2304597
2304798 2305015
2305301 2305354
2305573 2305742
2306058 2572195
2572958 2890785
2896031 3265108
3265282 3265334
3265844 3422278
3422531 3487272
3488956 3773616
3777139 3781752
3797673 3798724
3801885 3804773
3804849 3805078
3805366 4300117
