Bacteroides_coprocola_gi_223954431_ref_NZ_
1 23346
24354 223571
224088 293897
295434 411588
412977 415375
416131 417405
417946 424661
425150 426968
427218 428474
429326 430548
431888 432151
434429 586327
586702 597395
597639 889373
889665 935687
936632 951731
952701 1095974
1096041 1274252
1280112 1426879
1429051 1430982
1431110 1536517
1539410 1540085
1540924 2181635
2186055 2229169
2229328 2304507
2306146 2564335
2564926 2578105
2578998 2720434
2720597 2885731
2887004 2890648
2896812 3024640
3024860 3265281
3265844 3317954
3318299 3318658
3318874 3321862
3322286 3377314
3378175 3487272
3488956 3781716
3797673 3798724
3802958 4101237
4101832 4300117
