Streptococcus_australis_ATCC_700641_gi_417919191_ref_NZ_
1 864
Streptococcus_australis_ATCC_700641_gi_417919185_ref_NZ_
2637 3970
Streptococcus_australis_ATCC_700641_gi_417920119_ref_NZ_
1025 1290
Streptococcus_australis_ATCC_700641_gi_417920500_ref_NZ_
1 4923
5088 9631
9961 11255
11862 12377
12928 14263
14461 32323
34732 38150
39338 41778
Streptococcus_australis_ATCC_700641_gi_417920006_ref_NZ_
1 8150
8336 9459
10241 15113
16044 16261
16888 17370
17476 25206
Streptococcus_australis_ATCC_700641_gi_417918893_ref_NZ_
1 310
1251 1323
2127 3385
4606 4861
5999 7568
Streptococcus_australis_ATCC_700641_gi_417919822_ref_NZ_
999 4264
5881 5951
6594 10356
11268 13637
19200 20426
20985 21139
24389 24590
25950 26052
26479 33009
33111 33252
35178 36130
36262 36484
Streptococcus_australis_ATCC_700641_gi_417920614_ref_NZ_
2600 3926
6818 10559
11207 14230
15207 20938
Streptococcus_australis_ATCC_700641_gi_417919753_ref_NZ_
1 2251
Streptococcus_australis_ATCC_700641_gi_417919314_ref_NZ_
446 6082
7605 8024
11136 14682
18009 19345
22052 23634
24449 30248
30879 30980
31496 35771
38719 40407
41282 42242
42319 45913
Streptococcus_australis_ATCC_700641_gi_417918903_ref_NZ_
1 8229
8755 12425
14468 15982
16767 22670
25758 26549
27205 27914
28570 34385
34529 37678
41030 44305
44484 47571
48278 50874
51029 52264
52450 52812
53643 55206
57057 57168
58020 58147
60363 62860
63569 67445
68171 69353
69937 70071
71268 71394
72746 72884
73050 73727
74355 74537
74637 80433
81050 83097
83292 84593
84850 85873
92393 97832
98215 98339
99996 102201
102697 102777
103440 110613
112105 112876
113625 114297
114804 115580
116705 117124
Streptococcus_australis_ATCC_700641_gi_417919856_ref_NZ_
1 868
1032 1802
Streptococcus_australis_ATCC_700641_gi_417919708_ref_NZ_
1 1673
2145 3014
3109 6017
6218 6948
7354 8131
8980 9679
10576 12718
Streptococcus_australis_ATCC_700641_gi_417919862_ref_NZ_
1 187
3315 12657
13546 13819
13919 14400
16009 17551
17744 19206
19346 25754
26592 27133
27525 28613
29707 31319
31543 34409
35573 35637
36939 44792
46159 55673
55876 69399
72448 73061
74209 76985
78500 84018
85469 91857
92004 92053
93090 111684
112258 113477
114370 114667
115955 116227
116430 116526
119168 119644
121079 121725
122062 125712
126230 133407
135371 135763
136703 142106
142203 151036
151220 151306
151997 152209
154062 154286
155933 156652
157171 158620
159159 162640
Streptococcus_australis_ATCC_700641_gi_417920417_ref_NZ_
1 17543
17881 18489
19121 19266
21576 27572
35790 41941
48503 49834
Streptococcus_australis_ATCC_700641_gi_417919724_ref_NZ_
110 5434
6588 6735
7721 8682
9226 10475
10559 11845
13746 13906
23185 26511
28496 29780
30354 30595
Streptococcus_australis_ATCC_700641_gi_417919198_ref_NZ_
1 869
1470 4121
4977 6108
6212 6296
6456 7972
8790 8939
9024 9658
14064 14163
14723 14917
15029 15111
16628 17324
18166 20709
25891 27809
28039 33196
Streptococcus_australis_ATCC_700641_gi_417920122_ref_NZ_
1 893
10141 13360
15091 15825
17876 43688
43857 43919
44478 46682
47694 47966
48405 48878
49438 53313
53561 54602
54915 55436
56825 59028
59188 61270
61849 62279
Streptococcus_australis_ATCC_700641_gi_417920388_ref_NZ_
1 13605
14200 14482
14654 14733
16541 17281
18737 20516
20619 22687
23402 23874
24652 28613
29227 30423
Streptococcus_australis_ATCC_700641_gi_417919239_ref_NZ_
1 1720
2568 6662
7179 7517
8489 9093
9617 15806
16592 17719
18208 18294
18430 19558
19693 20035
20918 21813
21885 25269
25504 26832
27855 28675
28938 30283
30859 55866
56763 57513
57699 59312
59515 59621
60305 62423
64364 64485
64998 65320
68199 69827
70221 72089
Streptococcus_australis_ATCC_700641_gi_417920924_ref_NZ_
1 6483
7063 7960
8563 9573
11714 12443
13069 13151
13681 14265
15197 20803
21014 21099
22015 22600
23476 23818
24430 24721
30015 40207
Streptococcus_australis_ATCC_700641_gi_417919030_ref_NZ_
1 1011
Streptococcus_australis_ATCC_700641_gi_417920551_ref_NZ_
1 13695
14252 14390
14773 15580
16392 17431
18055 20054
21320 21469
21603 23598
23691 23773
23990 25809
28759 34695
35062 37684
38273 61836
Streptococcus_australis_ATCC_700641_gi_417920546_ref_NZ_
1 879
Streptococcus_australis_ATCC_700641_gi_417920468_ref_NZ_
1 8245
8383 12839
12953 15804
16412 18898
19122 19188
19399 28687
29456 36808
37202 42560
43496 43815
43916 44017
44380 46283
49537 49623
50661 50791
Streptococcus_australis_ATCC_700641_gi_417919392_ref_NZ_
1 787
2612 2850
3777 6360
7070 8602
9183 17200
17459 23395
23900 26096
28856 32981
34297 36254
36685 40696
41279 60098
60936 64171
65561 67174
67360 67449
67561 69872
71031 71280
71380 71622
71894 91232
94061 94187
94920 99233
99540 105653
106905 118245
120595 122299
122994 123117
123657 124351
125089 125335
126423 126650
128677 129051
129338 129691
130647 130783
130945 132911
134079 134423
134856 136717
137262 143147
Streptococcus_australis_ATCC_700641_gi_417920108_ref_NZ_
1 5814
5923 8134
8514 11415
Streptococcus_australis_ATCC_700641_gi_417919610_ref_NZ_
1 10994
12628 12974
13494 14098
14255 15971
16099 17375
17909 18140
18361 18520
25683 25744
25851 29524
29659 30184
33431 33554
37044 38577
39122 39381
39908 40314
42837 46969
47409 50656
51002 52967
55329 55616
56035 56577
56677 58773
64172 67336
67869 68374
70572 72361
72723 90199
93651 105124
105565 109186
109684 110677
111285 111801
113222 113396
113574 114615
115428 120695
Streptococcus_australis_ATCC_700641_gi_417920964_ref_NZ_
1 1337
Streptococcus_australis_ATCC_700641_gi_417920028_ref_NZ_
1 919
1375 8042
8702 9138
Streptococcus_australis_ATCC_700641_gi_417920356_ref_NZ_
1 3024
4006 5073
6733 6813
7318 14922
15169 15309
18037 18185
18570 19012
20624 21239
22429 22578
22970 23712
Streptococcus_australis_ATCC_700641_gi_417920070_ref_NZ_
664 8142
Streptococcus_australis_ATCC_700641_gi_417920749_ref_NZ_
11102 15916
18401 20575
20720 21717
21921 22034
23608 35636
37137 49631
49839 50671
50858 54552
54991 57249
59870 62091
63205 64019
65620 65785
67105 67247
68203 68325
69873 73182
74007 74955
81328 84328
85074 88923
89652 90735
91069 96316
96479 102781
102936 103448
106354 107182
109260 109720
111733 112354
115481 120397
121630 122521
123367 127151
128417 128480
128565 128989
129255 129369
129552 129707
130242 130489
130740 137506
147108 147409
148005 148447
149325 149686
150570 150622
155423 155547
157088 157314
161319 161937
162484 165661
166738 167137
169952 172008
172209 172284
175755 175851
178494 190135
Streptococcus_australis_ATCC_700641_gi_417919224_ref_NZ_
1 6368
6838 7639
11107 11514
Streptococcus_australis_ATCC_700641_gi_417920634_ref_NZ_
1 3226
3827 9433
10264 19018
19258 25609
26486 36295
36860 39357
40145 41187
42157 43031
43637 44322
44898 44984
45090 45692
46273 54423
54808 55468
55621 58057
59206 63488
64311 72247
75591 81326
81416 86359
86521 86915
87097 96554
100239 108679
110716 111829
112729 117167
117362 118811
Streptococcus_australis_ATCC_700641_gi_417919551_ref_NZ_
1 239
1249 1390
2875 4750
6515 9778
11741 14547
15433 15599
15924 19668
Streptococcus_australis_ATCC_700641_gi_417920354_ref_NZ_
1 788
Streptococcus_australis_ATCC_700641_gi_417919757_ref_NZ_
2029 3080
5284 7308
8072 8273
12030 12250
12329 13417
13619 14352
15025 15143
18666 19330
19731 24127
26879 27011
28419 28943
31798 36209
36531 36600
36793 37514
38142 38731
40671 50853
51020 52657
54400 60392
Streptococcus_australis_ATCC_700641_gi_417920549_ref_NZ_
1 1507
Streptococcus_australis_ATCC_700641_gi_417919131_ref_NZ_
1 146
1357 4401
5579 5680
8344 8711
10306 10768
10877 11318
12097 12331
14713 15725
15983 16110
16745 22133
23611 25648
26421 28888
29637 31124
31251 31326
31537 35774
35853 36605
37107 37188
38252 38419
39502 39744
40250 40360
40529 41660
42507 47633
47776 49093
49554 49676
50678 50728
51703 51782
52017 52134
57572 58826
59338 59948
60559 60936
61571 61708
Streptococcus_australis_ATCC_700641_gi_417919573_ref_NZ_
1366 2763
5402 6750
8503 8954
9089 9157
11045 15678
17034 18177
18683 24930
25220 25593
27628 27717
29321 29885
30817 31135
32056 32110
32390 35605
36475 37404
39826 40206
Streptococcus_australis_ATCC_700641_gi_417919033_ref_NZ_
1261 4093
4495 7069
7485 11646
12684 13076
14263 15120
15832 21603
22365 23095
23252 23376
29805 29898
32845 32994
33824 33983
36023 39242
39818 40989
44021 44151
46264 47368
49913 50004
50707 50826
51898 51984
52469 52723
53273 54084
54300 58528
58977 59106
60479 62365
63050 63158
63977 73903
73969 74930
75508 78835
83458 83926
84022 88987
91307 91449
91684 91991
92656 95103
95786 96765
97606 98803
100722 100911
101682 101981
102406 102558
Streptococcus_australis_ATCC_700641_gi_417920192_ref_NZ_
1 135
1990 8296
8925 11651
12389 15148
15549 16091
17009 18686
20721 21863
22682 27437
29013 29675
29896 30091
30583 30761
30861 37875
39108 40130
40559 55471
55556 60482
60733 62592
63100 64975
66367 66502
66767 66861
67778 68041
68687 72306
72860 78148
78341 81080
82770 83562
85681 86878
88316 88422
90673 90819
93392 98067
99695 101825
101901 103281
103546 104060
104472 118541
118646 126472
126585 136696
137317 140532
142177 142857
143786 143932
145029 145246
146105 149103
149321 151491
Streptococcus_australis_ATCC_700641_gi_417919360_ref_NZ_
1731 3044
4282 4347
6508 6595
13655 14628
14744 16409
17540 20954
21152 23895
24925 27611
Streptococcus_australis_ATCC_700641_gi_417920034_ref_NZ_
1 10132
11555 15220
15779 18591
19610 28184
28382 29227
29666 30322
32482 32602
34205 35061
35975 36389
Streptococcus_australis_ATCC_700641_gi_417919297_ref_NZ_
1 820
1357 1891
2778 2954
3108 3859
4273 11310
13761 19330
19430 19934
Streptococcus_australis_ATCC_700641_gi_417920081_ref_NZ_
1 2522
2601 3193
3297 3491
4015 4112
5276 5399
6357 6903
7163 9570
11226 12140
13014 15174
16582 17528
18265 19825
20801 23011
25614 25833
26972 31786
Streptococcus_australis_ATCC_700641_gi_417920351_ref_NZ_
185 351
2289 2556
Streptococcus_australis_ATCC_700641_gi_417919019_ref_NZ_
1 8145
