Streptococcus_australis_ATCC_700641_gi_417919191_ref_NZ_
122 3831
4377 5338
Streptococcus_australis_ATCC_700641_gi_417919185_ref_NZ_
Streptococcus_australis_ATCC_700641_gi_417920119_ref_NZ_
1 1290
Streptococcus_australis_ATCC_700641_gi_417920500_ref_NZ_
1 5106
5264 8162
9700 32160
34782 41778
Streptococcus_australis_ATCC_700641_gi_417920006_ref_NZ_
1 15113
15301 25726
Streptococcus_australis_ATCC_700641_gi_417918893_ref_NZ_
1 450
1380 3605
4346 5280
5691 7568
Streptococcus_australis_ATCC_700641_gi_417919822_ref_NZ_
1 4162
5054 5965
6594 14300
19019 19889
20602 21377
21573 24590
26583 36484
Streptococcus_australis_ATCC_700641_gi_417920614_ref_NZ_
1 61
819 10450
11272 21114
Streptococcus_australis_ATCC_700641_gi_417919753_ref_NZ_
1 2251
Streptococcus_australis_ATCC_700641_gi_417919314_ref_NZ_
1 6461
7166 8795
10160 11041
11264 15852
17375 18002
18645 35840
36675 40759
41635 45913
Streptococcus_australis_ATCC_700641_gi_417918903_ref_NZ_
1 6189
7070 7950
8497 8605
8755 15982
16156 54575
54724 55228
55331 62709
63314 69353
70255 71673
72325 72873
73050 74537
75692 83101
83288 97464
99110 99344
100784 105995
106307 108998
110363 114059
114878 115974
116775 117091
Streptococcus_australis_ATCC_700641_gi_417919856_ref_NZ_
1 476
659 873
989 3129
Streptococcus_australis_ATCC_700641_gi_417919708_ref_NZ_
1 1669
1986 8152
8354 9565
11192 12718
Streptococcus_australis_ATCC_700641_gi_417919862_ref_NZ_
1085 3114
3312 17593
17739 30562
30719 34345
37018 40691
40893 43326
43657 45333
46450 69646
70350 75040
75641 77694
78736 92818
93087 97014
97639 105535
105629 116782
118777 120704
121789 150913
151544 162640
Streptococcus_australis_ATCC_700641_gi_417920417_ref_NZ_
1 15200
15833 43308
43994 49834
Streptococcus_australis_ATCC_700641_gi_417919724_ref_NZ_
2707 10162
10700 19090
19473 20606
21355 23055
23961 26511
27300 27420
28758 29393
Streptococcus_australis_ATCC_700641_gi_417919198_ref_NZ_
1 734
1527 6299
6454 8948
9679 11539
12652 14002
14665 14917
15112 33196
Streptococcus_australis_ATCC_700641_gi_417920122_ref_NZ_
1 2334
4218 5535
6898 8411
10213 17673
17897 43439
44709 44847
46131 48346
49435 49707
49819 53358
53553 54602
54915 59567
60065 62279
Streptococcus_australis_ATCC_700641_gi_417920388_ref_NZ_
1 7230
7500 8357
8972 13744
14200 14482
15692 15779
16493 17399
18977 20380
20763 21521
21886 24549
24652 30423
Streptococcus_australis_ATCC_700641_gi_417919239_ref_NZ_
1 19035
22404 24523
25132 25602
28938 29042
33326 56346
56533 59315
59513 60845
61412 61470
65183 65258
67430 72835
Streptococcus_australis_ATCC_700641_gi_417920924_ref_NZ_
1 4885
5593 6447
7135 8258
9056 9296
12007 12499
13923 14073
15439 22504
24493 40207
Streptococcus_australis_ATCC_700641_gi_417919030_ref_NZ_
1 1011
Streptococcus_australis_ATCC_700641_gi_417920551_ref_NZ_
1 17282
17531 18176
18328 21469
21686 23598
23731 24628
25336 25957
27427 61836
Streptococcus_australis_ATCC_700641_gi_417920546_ref_NZ_
1 879
Streptococcus_australis_ATCC_700641_gi_417920468_ref_NZ_
1 8264
8451 15680
16270 19669
20161 28706
29599 44017
Streptococcus_australis_ATCC_700641_gi_417919392_ref_NZ_
1 346
1607 1796
2387 3157
3675 6471
7177 13268
14081 14654
15059 17200
17718 21966
22041 23510
23658 26091
26290 26410
27521 37032
38182 45479
52168 67174
67360 69490
71781 122170
124183 124600
129413 129529
138435 143147
Streptococcus_australis_ATCC_700641_gi_417920108_ref_NZ_
1 5820
5886 11415
Streptococcus_australis_ATCC_700641_gi_417919610_ref_NZ_
1 7274
7933 15921
16108 17219
17916 18273
19238 23166
23768 29643
30676 31739
32461 33839
34436 34493
35098 35842
36498 36944
37558 39689
40501 42645
42835 47950
48725 51998
52242 56547
56674 63959
64172 74778
75296 89534
90078 90990
91843 91899
92527 92601
93342 97457
98388 102861
103628 106455
107073 109186
116575 120695
Streptococcus_australis_ATCC_700641_gi_417920964_ref_NZ_
1 1337
Streptococcus_australis_ATCC_700641_gi_417920028_ref_NZ_
1 6450
7236 9138
Streptococcus_australis_ATCC_700641_gi_417920356_ref_NZ_
1 4455
6982 12454
13062 15020
17889 18083
18989 19910
21094 21782
22447 23712
Streptococcus_australis_ATCC_700641_gi_417920070_ref_NZ_
1 8142
Streptococcus_australis_ATCC_700641_gi_417920749_ref_NZ_
195 1264
1961 2513
3515 4987
5686 11016
11219 18193
18391 21841
21921 54892
55839 56749
57850 59244
59974 64672
65417 69623
69873 73182
73724 77569
78628 81921
83159 87940
89582 102909
103550 104783
105330 105657
106544 107029
108797 122835
123537 127172
128674 130639
130740 137333
140584 142030
142556 149912
150711 152926
153719 156928
161818 165682
165891 168544
169050 172186
185317 190750
Streptococcus_australis_ATCC_700641_gi_417919224_ref_NZ_
1 8027
11107 11514
Streptococcus_australis_ATCC_700641_gi_417920634_ref_NZ_
1 8854
9604 20184
20998 52486
54058 54423
54651 55408
55622 58072
59244 71640
73662 91449
91962 96508
100209 108796
109267 117185
117363 118663
Streptococcus_australis_ATCC_700641_gi_417919551_ref_NZ_
1 238
1336 10442
11000 11478
11741 19668
Streptococcus_australis_ATCC_700641_gi_417920354_ref_NZ_
1 788
Streptococcus_australis_ATCC_700641_gi_417919757_ref_NZ_
2751 2966
5294 9051
10842 14403
14991 15672
16220 25450
26164 29561
30312 30872
31737 36885
37647 50853
51370 53638
54626 60392
Streptococcus_australis_ATCC_700641_gi_417920549_ref_NZ_
1 1507
Streptococcus_australis_ATCC_700641_gi_417919131_ref_NZ_
1 129
760 1942
2993 11688
12462 25280
25784 35246
35634 35908
39251 39744
39851 46191
46801 49217
50073 51912
52406 56441
57210 57693
58192 61708
Streptococcus_australis_ATCC_700641_gi_417919573_ref_NZ_
1 3697
5216 16159
17175 22192
22701 24565
25246 32125
32670 38287
38817 39574
40240 42961
43636 43763
Streptococcus_australis_ATCC_700641_gi_417919033_ref_NZ_
70 6773
7279 12396
14100 15072
15176 22456
43203 45292
46066 47368
62401 69135
70055 73997
93936 97286
97606 97669
97997 98489
100676 100905
102636 102740
Streptococcus_australis_ATCC_700641_gi_417920192_ref_NZ_
1 19371
21467 29665
29936 38132
39178 40458
40629 55471
55556 56218
57268 62592
62703 69313
69999 72879
73395 83286
85406 86581
88634 92255
93539 103466
103545 109634
109810 124412
124759 126445
126585 134700
136139 139619
140143 141213
142039 144994
145324 149134
149281 151913
Streptococcus_australis_ATCC_700641_gi_417919360_ref_NZ_
290 1602
14955 16849
17437 20956
21149 24234
24378 25823
26043 27611
Streptococcus_australis_ATCC_700641_gi_417920034_ref_NZ_
1 2293
2877 3057
3582 10065
11354 21594
22363 31701
32331 35069
35805 36389
Streptococcus_australis_ATCC_700641_gi_417919297_ref_NZ_
2455 3103
3869 10832
11540 13119
15584 19317
19430 19934
Streptococcus_australis_ATCC_700641_gi_417920081_ref_NZ_
1 2522
2601 2788
5128 5493
6051 6886
7662 9570
11310 11504
13217 20775
21327 31786
Streptococcus_australis_ATCC_700641_gi_417920351_ref_NZ_
1 807
1783 1928
Streptococcus_australis_ATCC_700641_gi_417919019_ref_NZ_
1 5250
5419 8145
