Streptococcus_australis_ATCC_700641_gi_417919191_ref_NZ_
1 4233
4869 5338
Streptococcus_australis_ATCC_700641_gi_417919185_ref_NZ_
208 2020
2637 4018
Streptococcus_australis_ATCC_700641_gi_417920119_ref_NZ_
1 1290
Streptococcus_australis_ATCC_700641_gi_417920500_ref_NZ_
1 9601
9961 14772
16944 32371
34684 38195
39241 39551
39786 41778
Streptococcus_australis_ATCC_700641_gi_417920006_ref_NZ_
1 4105
4795 15249
15470 17550
18482 23107
23686 25120
Streptococcus_australis_ATCC_700641_gi_417918893_ref_NZ_
1 2650
3199 4924
5274 5492
5691 7568
Streptococcus_australis_ATCC_700641_gi_417919822_ref_NZ_
999 4395
4856 5245
5881 6027
6594 6669
6904 10565
10675 14401
16269 16580
19287 19447
19728 20426
20969 21843
23592 24596
25509 36484
Streptococcus_australis_ATCC_700641_gi_417920614_ref_NZ_
1 2017
2600 5655
6768 10607
10871 11133
11386 21013
Streptococcus_australis_ATCC_700641_gi_417919753_ref_NZ_
1 2251
Streptococcus_australis_ATCC_700641_gi_417919314_ref_NZ_
398 479
3140 5675
6950 11258
11384 18159
18814 19393
19917 20972
22795 24431
24974 35936
36471 36725
38409 45913
Streptococcus_australis_ATCC_700641_gi_417918903_ref_NZ_
1 6028
6309 6443
6878 7950
8222 12641
14232 20729
21158 21776
22178 29726
30308 30656
31656 36528
36818 37503
39546 39640
40202 43224
43811 44792
44960 53599
54578 55333
55427 56170
56822 58706
59466 65563
65666 68801
69013 72427
72578 72678
72854 75238
76148 77188
78713 79134
79643 79815
81415 86427
88096 88743
89405 93428
93598 94634
95172 98331
99209 99503
100052 101102
101994 106068
106222 112478
112752 114987
115518 115628
115785 115910
116506 117275
Streptococcus_australis_ATCC_700641_gi_417919856_ref_NZ_
1 1732
2249 2408
Streptococcus_australis_ATCC_700641_gi_417919708_ref_NZ_
1 9933
10437 10710
10901 12718
Streptococcus_australis_ATCC_700641_gi_417919862_ref_NZ_
1 640
1202 1283
2162 2575
2790 3300
3678 14120
14764 28634
29330 35685
36891 37198
37744 48506
48607 59315
59478 67652
67854 68136
68289 69798
70864 74144
74694 77504
78162 84018
85047 105616
105888 106427
106647 108019
108182 118084
118420 120301
121079 121465
122125 127178
127428 137924
138204 150306
150851 156394
156531 162640
Streptococcus_australis_ATCC_700641_gi_417920417_ref_NZ_
173 18472
19022 20047
20769 23579
25439 26451
27665 28559
34301 35090
35918 37294
38407 41717
42350 42648
43155 43213
43840 44116
44322 44926
46926 49834
Streptococcus_australis_ATCC_700641_gi_417919724_ref_NZ_
1 5670
6511 14105
19045 21125
21646 26285
26440 26607
28172 28447
29686 30595
Streptococcus_australis_ATCC_700641_gi_417919198_ref_NZ_
162 7394
7902 10030
10541 12324
12975 13035
13690 13795
14311 14793
14930 15134
15534 20838
21921 23344
24606 24741
25306 33196
Streptococcus_australis_ATCC_700641_gi_417920122_ref_NZ_
1 1045
1821 3926
4177 4424
4859 13360
14100 14289
15091 44702
44932 45626
45820 47417
47699 48977
49405 52496
52911 54744
54897 55273
55392 55837
56417 58314
58586 59028
59182 62279
Streptococcus_australis_ATCC_700641_gi_417920388_ref_NZ_
1 2576
4910 12634
13574 13746
14200 14761
15551 17347
18679 19649
19914 20036
20600 30423
Streptococcus_australis_ATCC_700641_gi_417919239_ref_NZ_
1 1473
1582 1819
1932 2056
2568 4167
4743 9321
9437 16726
17116 18267
19087 19539
19626 21609
21818 22786
23825 26750
27328 31019
32191 32341
33326 61483
63964 64132
64311 65192
65400 65929
66119 69003
69314 70671
72177 72835
Streptococcus_australis_ATCC_700641_gi_417920924_ref_NZ_
1 7459
8906 9115
10142 12227
12352 12491
12708 14084
14248 15169
16667 23913
24284 24766
26094 28677
29208 29368
29966 33092
33256 33710
35858 40207
Streptococcus_australis_ATCC_700641_gi_417919030_ref_NZ_
1 1011
Streptococcus_australis_ATCC_700641_gi_417920551_ref_NZ_
1 9164
9837 10932
11445 13636
13841 14587
14686 17514
17640 19324
20034 21556
21982 22754
23650 26212
26869 27012
27514 28057
28605 40113
40449 41826
46587 46808
47119 58346
59011 59430
59657 59848
59926 61883
Streptococcus_australis_ATCC_700641_gi_417920546_ref_NZ_
1 879
Streptococcus_australis_ATCC_700641_gi_417920468_ref_NZ_
1 6176
6318 16355
16654 18773
18899 18970
19140 19235
19359 38640
38813 45169
45303 46307
48738 51521
Streptococcus_australis_ATCC_700641_gi_417919392_ref_NZ_
1 1807
2135 3301
3437 6501
6883 16813
17045 22506
22663 27247
28808 37194
37420 42107
42638 45568
52037 54073
54750 65009
65561 65732
66086 67844
68164 70307
70500 71717
72083 84509
84653 90984
91205 99230
99899 104692
104853 132114
132328 132443
132601 133230
133570 135737
136252 143147
Streptococcus_australis_ATCC_700641_gi_417920108_ref_NZ_
1 11415
Streptococcus_australis_ATCC_700641_gi_417919610_ref_NZ_
1 5131
5784 8167
8325 14320
14924 15683
15878 16928
17304 18802
22701 24627
25749 37574
37795 38566
39320 40527
41068 41860
42485 43416
44325 44694
45394 62585
64027 70007
70572 72348
72465 91820
92577 102697
103629 111681
112511 114613
115549 120695
Streptococcus_australis_ATCC_700641_gi_417920964_ref_NZ_
1 1337
Streptococcus_australis_ATCC_700641_gi_417920028_ref_NZ_
1 9138
Streptococcus_australis_ATCC_700641_gi_417920356_ref_NZ_
1 6466
6595 12436
12925 15538
15801 16793
17108 19321
19477 19780
19953 23712
Streptococcus_australis_ATCC_700641_gi_417920070_ref_NZ_
73 8142
Streptococcus_australis_ATCC_700641_gi_417920749_ref_NZ_
92 336
613 3515
4144 5887
8330 8607
9167 12527
13054 13184
15186 16462
16888 17202
17720 21870
22876 23321
23847 28939
29468 36170
37137 44756
44948 55299
55774 58590
59599 61584
62113 62233
63094 66087
67204 67975
69812 79522
81328 82112
82965 84607
85116 85385
85912 109479
109614 111386
111514 112189
113130 114448
115212 121020
121582 123197
123367 129995
130261 130670
132708 137554
141929 142640
143835 143943
145549 145736
146747 150471
151082 151974
152871 153026
153669 154513
155048 158138
159008 159637
159822 160766
160942 161937
162387 166228
166571 167964
168481 174077
174704 174845
175602 176403
177682 188612
188820 189000
189532 190236
Streptococcus_australis_ATCC_700641_gi_417919224_ref_NZ_
1 4688
5195 8118
11046 11514
Streptococcus_australis_ATCC_700641_gi_417920634_ref_NZ_
1 9927
10159 11066
17011 19018
19321 20744
21303 34632
35296 37220
37933 60251
60440 63931
64107 64312
64430 70239
70397 71677
72273 77502
77665 78585
78698 80055
80179 80381
81172 83035
83526 85578
85791 89283
90752 99974
100668 101918
102013 102259
103367 104277
104584 111459
111731 112088
112666 118811
Streptococcus_australis_ATCC_700641_gi_417919551_ref_NZ_
1 456
640 1447
2575 10548
10887 12605
12910 14547
14634 16114
16265 17895
18510 19668
Streptococcus_australis_ATCC_700641_gi_417920354_ref_NZ_
1 788
Streptococcus_australis_ATCC_700641_gi_417919757_ref_NZ_
1 9137
9265 17258
17945 18254
18794 19330
19538 23216
23338 24074
24578 26167
28370 28943
29463 29654
30200 37041
37521 42085
42800 54039
54219 54810
55434 60392
Streptococcus_australis_ATCC_700641_gi_417920549_ref_NZ_
1 1507
Streptococcus_australis_ATCC_700641_gi_417919131_ref_NZ_
1 324
719 2487
2666 3221
3724 5780
7038 11425
11608 12167
12385 12832
14315 14679
14947 17387
17944 19090
19275 19682
20214 21446
21688 21992
22728 32393
32796 34715
35244 37175
37281 37435
37802 37855
37967 43474
44035 44475
45087 50871
51745 52766
53275 53847
55709 58243
58970 60511
Streptococcus_australis_ATCC_700641_gi_417919573_ref_NZ_
1366 5751
6652 6994
7578 11295
12369 12503
13119 20224
20830 21539
22180 22779
23296 23707
24781 25593
26602 26973
28896 29873
30406 32366
32653 32740
32982 33247
34678 35402
36065 37420
38436 38765
38926 38984
39692 40584
41185 41598
42296 42393
42505 43763
Streptococcus_australis_ATCC_700641_gi_417919033_ref_NZ_
1 1588
2125 6212
6843 8825
9128 11646
12090 13532
13750 13874
14008 14102
14263 14492
14920 15197
15791 16894
17686 21086
21193 22548
22785 22845
23017 23863
24422 27349
28514 28917
29489 30586
31090 32192
32927 33039
33989 34417
35009 42019
44273 44373
44552 45675
45784 48292
48467 50680
50889 58409
60059 63906
64453 68235
68621 68785
69059 70280
70716 75497
76494 77609
78613 79348
80293 80631
81486 82339
82887 83580
83912 84016
84156 85706
85842 85947
86115 87395
88113 88411
88513 89592
89747 97341
97606 97669
98038 102740
Streptococcus_australis_ATCC_700641_gi_417920192_ref_NZ_
1 183
1819 16299
16892 19433
20113 20752
21030 21388
21645 29675
29848 33966
34340 38919
39912 44821
44987 56097
56210 56304
57116 63380
63576 64653
65184 67106
67719 67840
67964 70986
71847 72321
72834 75121
75627 75919
76095 80200
80846 81713
82439 82893
83260 83477
85515 86930
90221 90873
91382 92397
93358 98487
99044 99943
101512 102171
102679 103494
104151 104727
105609 108415
108661 119045
119571 124475
124670 126568
128009 129369
130307 140352
140496 145761
146090 151913
Streptococcus_australis_ATCC_700641_gi_417919360_ref_NZ_
903 4748
7133 7605
8214 8279
8833 10907
12902 25437
25544 26444
27530 27611
Streptococcus_australis_ATCC_700641_gi_417920034_ref_NZ_
346 509
1820 14046
14335 18591
18673 19136
19290 23976
24548 31862
32414 33283
34205 36389
Streptococcus_australis_ATCC_700641_gi_417919297_ref_NZ_
1015 7620
8262 8319
8936 9059
9830 11310
12139 12363
12545 13329
13708 13980
14592 15151
15273 15460
16043 16417
16898 18437
18553 19934
Streptococcus_australis_ATCC_700641_gi_417920081_ref_NZ_
1 9617
10126 11718
11982 17245
17339 22718
22899 23371
25255 31786
Streptococcus_australis_ATCC_700641_gi_417920351_ref_NZ_
1 659
950 1281
Streptococcus_australis_ATCC_700641_gi_417919019_ref_NZ_
1 2784
3427 3512
4341 7443
8038 8145
