Streptococcus_australis_ATCC_700641_gi_417919191_ref_NZ_
Streptococcus_australis_ATCC_700641_gi_417919185_ref_NZ_
4070 4655
Streptococcus_australis_ATCC_700641_gi_417920119_ref_NZ_
1025 1290
Streptococcus_australis_ATCC_700641_gi_417920500_ref_NZ_
1 14448
16944 32371
34354 41778
Streptococcus_australis_ATCC_700641_gi_417920006_ref_NZ_
1 9548
10138 25726
Streptococcus_australis_ATCC_700641_gi_417918893_ref_NZ_
1 379
6056 7568
Streptococcus_australis_ATCC_700641_gi_417919822_ref_NZ_
999 3352
6594 6669
6906 13637
19028 19286
20969 21470
25548 25671
26583 33252
35178 36164
36262 36484
Streptococcus_australis_ATCC_700641_gi_417920614_ref_NZ_
1 20941
Streptococcus_australis_ATCC_700641_gi_417919753_ref_NZ_
1 2251
Streptococcus_australis_ATCC_700641_gi_417919314_ref_NZ_
1 5035
5550 5656
6740 8676
9857 10066
11384 14671
15010 15204
18728 18969
19477 20708
23529 23740
24272 30248
30828 41292
41922 43478
44052 44798
45378 45913
Streptococcus_australis_ATCC_700641_gi_417918903_ref_NZ_
1 8318
8755 15202
17272 17573
17660 20729
22178 22596
25758 26549
27205 37556
41030 41936
43763 45013
45843 48260
48878 49346
54578 55333
56727 57458
58241 58706
59412 69096
70585 72945
73061 73593
74359 74695
75692 76057
77449 78661
79186 79811
82345 83101
83289 84546
91679 92104
92397 97428
99896 111606
112478 113459
114397 114626
117087 117275
Streptococcus_australis_ATCC_700641_gi_417919856_ref_NZ_
1 343
1007 1666
Streptococcus_australis_ATCC_700641_gi_417919708_ref_NZ_
1 1673
2365 7137
10965 12718
Streptococcus_australis_ATCC_700641_gi_417919862_ref_NZ_
935 3114
3315 12478
13713 15339
16263 17551
17743 19206
19393 23218
24100 25800
26630 30392
30719 35233
36839 40692
40893 44961
45726 46118
46725 49832
50770 66713
66798 73680
74196 84018
85469 91857
93007 105541
107031 111810
112410 115574
118562 125908
126441 133961
134862 140386
140530 151004
151911 152392
153078 153825
154241 154467
155109 155554
156533 156652
157356 157477
158378 158462
158994 162640
Streptococcus_australis_ATCC_700641_gi_417920417_ref_NZ_
1 23300
38515 39708
47236 49834
Streptococcus_australis_ATCC_700641_gi_417919724_ref_NZ_
1 6371
8080 8395
10540 11534
12046 12300
13240 13641
25677 26194
Streptococcus_australis_ATCC_700641_gi_417919198_ref_NZ_
1 3118
3734 6108
6212 6321
16584 27821
28098 29082
29600 33196
Streptococcus_australis_ATCC_700641_gi_417920122_ref_NZ_
1 1304
2214 3115
9980 13360
16958 43439
47699 48084
49438 54602
54915 61270
62047 62279
Streptococcus_australis_ATCC_700641_gi_417920388_ref_NZ_
1 7012
10448 13742
14200 14844
16260 17223
18737 20036
20609 22706
24657 24936
25096 28592
29356 30423
Streptococcus_australis_ATCC_700641_gi_417919239_ref_NZ_
1 2056
3090 15975
19091 19279
21097 25650
28938 29042
33326 33686
33872 56348
56454 57512
57701 59304
59495 61473
64682 64943
65613 68887
69417 72177
72734 72835
Streptococcus_australis_ATCC_700641_gi_417920924_ref_NZ_
1 4341
6483 8416
11366 13582
14365 20023
20553 23794
24430 24766
26094 32656
37151 40207
Streptococcus_australis_ATCC_700641_gi_417919030_ref_NZ_
1 1011
Streptococcus_australis_ATCC_700641_gi_417920551_ref_NZ_
1 15220
16348 17357
17566 20230
20885 21469
22468 22750
23950 26397
27330 46206
47127 57945
60022 61879
Streptococcus_australis_ATCC_700641_gi_417920546_ref_NZ_
1 879
Streptococcus_australis_ATCC_700641_gi_417920468_ref_NZ_
1 6235
7493 16193
16270 18966
19598 23035
23413 28706
29556 42198
42733 43032
43590 44017
44596 45360
46049 46321
50314 51183
Streptococcus_australis_ATCC_700641_gi_417919392_ref_NZ_
1 102
844 915
3177 14856
15064 17200
17682 26299
28812 30673
31986 39398
40213 40621
41308 45479
52168 53179
53367 60805
61596 64012
65561 67174
67360 67448
68152 68230
68889 69278
71897 84514
84719 90938
93762 94359
95086 106087
106855 119010
120551 121331
123110 123346
124124 124405
125300 125526
128097 129520
129793 130291
131243 131858
134197 134976
136793 142567
143060 143147
Streptococcus_australis_ATCC_700641_gi_417920108_ref_NZ_
1 5814
6084 7057
7853 8287
8483 10624
11139 11415
Streptococcus_australis_ATCC_700641_gi_417919610_ref_NZ_
1 14130
14214 14320
15924 16431
26588 29953
33691 34556
35090 35377
42833 45567
45914 51998
53564 53831
55499 55925
64172 67367
67612 72344
72465 73573
73717 88838
93813 109185
109564 112459
114788 115079
116536 120695
Streptococcus_australis_ATCC_700641_gi_417920964_ref_NZ_
1 1337
Streptococcus_australis_ATCC_700641_gi_417920028_ref_NZ_
1 9138
Streptococcus_australis_ATCC_700641_gi_417920356_ref_NZ_
1 2513
3159 5777
7717 12216
12397 13978
17155 17372
18570 19176
20414 22240
22792 23712
Streptococcus_australis_ATCC_700641_gi_417920070_ref_NZ_
260 8142
Streptococcus_australis_ATCC_700641_gi_417920749_ref_NZ_
8462 11187
13003 13119
18389 20577
21518 21843
24323 35299
37137 54379
55479 55777
62626 65516
69873 73182
87319 87813
89710 96289
96479 105298
106310 107213
109693 110801
111524 111770
112235 112472
113248 114453
115341 120397
123962 127227
128637 129353
130473 130737
153347 155160
156412 156508
161818 172008
185317 190750
Streptococcus_australis_ATCC_700641_gi_417919224_ref_NZ_
1 6604
6838 7745
11046 11514
Streptococcus_australis_ATCC_700641_gi_417920634_ref_NZ_
1 9089
9957 10160
18018 18948
19014 25659
26619 30760
31457 39410
40145 44922
45083 52681
54058 54423
55556 72472
73982 77044
77636 85264
85944 86359
87097 89283
91241 96594
99409 99673
101276 117168
117356 118811
Streptococcus_australis_ATCC_700641_gi_417919551_ref_NZ_
1 238
331 532
1299 4750
6515 8953
9444 9778
11741 15203
15830 15939
16269 19668
Streptococcus_australis_ATCC_700641_gi_417920354_ref_NZ_
1 788
Streptococcus_australis_ATCC_700641_gi_417919757_ref_NZ_
1853 4086
4837 5033
6094 7321
7706 9022
9743 10046
10899 23954
24084 25088
25611 25890
28794 29650
30256 30882
31483 36253
36531 36601
36793 37036
37640 37876
38263 38507
40044 48969
49303 53139
53769 54320
54629 60392
Streptococcus_australis_ATCC_700641_gi_417920549_ref_NZ_
1 1507
Streptococcus_australis_ATCC_700641_gi_417919131_ref_NZ_
1 144
7193 7420
14997 25208
26141 31326
31724 35906
37084 37296
37807 38604
39214 39744
39877 40065
48676 48906
49530 50845
51659 61708
Streptococcus_australis_ATCC_700641_gi_417919573_ref_NZ_
1 2807
3855 4247
9096 10394
25397 25593
Streptococcus_australis_ATCC_700641_gi_417919033_ref_NZ_
70 161
572 11646
14100 15197
16104 19669
20759 21393
22449 22500
32931 33197
35841 40826
41846 41919
45165 45500
46229 47368
49857 50005
53950 56955
58461 58842
59525 60099
63050 63158
63908 71744
72690 74886
88117 91171
91985 92035
93216 93914
96866 97328
97606 97669
98089 98489
100722 101250
102406 102621
Streptococcus_australis_ATCC_700641_gi_417920192_ref_NZ_
1 11695
12258 18018
18593 19022
20183 24656
25369 26802
29681 30754
30861 34939
36051 37935
40617 47563
47920 49169
49824 53890
54413 55212
55774 62592
69728 69943
70546 75434
78060 79079
80664 83528
93369 93470
93655 99206
100122 100398
101911 103325
103546 104060
104192 126445
128106 139573
141984 143908
144744 145512
146441 147808
147917 151913
Streptococcus_australis_ATCC_700641_gi_417919360_ref_NZ_
4278 4744
13563 14628
14744 16072
16825 19607
20179 21842
22978 25130
25647 26071
Streptococcus_australis_ATCC_700641_gi_417920034_ref_NZ_
3753 9484
10875 18591
18674 21594
22324 28189
28382 31410
32100 35105
35663 36389
Streptococcus_australis_ATCC_700641_gi_417919297_ref_NZ_
1 134
1461 2069
3108 3701
3940 5942
6070 10674
Streptococcus_australis_ATCC_700641_gi_417920081_ref_NZ_
1 1429
2237 2331
2413 2522
2601 3124
4261 4505
7151 9570
11500 15313
16176 17518
18246 21130
21968 23250
26972 30692
30789 31786
Streptococcus_australis_ATCC_700641_gi_417920351_ref_NZ_
Streptococcus_australis_ATCC_700641_gi_417919019_ref_NZ_
1 8145
