Geobacillus_sp_JF8_gi_563649971_ref_NC_
10991 16135
30098 32042
34716 35326
88183 94876
152807 157947
158591 158967
219470 219529
220243 220356
220521 221399
222519 225760
251615 256452
322264 323231
392264 393402
490976 491467
492011 496773
497083 497227
497895 498210
940603 940655
1053604 1054042
1278844 1280539
1291299 1296272
1301518 1304726
1306028 1309698
1398197 1399779
1419054 1420630
1427556 1428041
1428457 1430624
1443162 1443635
1575993 1577686
1637447 1637622
1677633 1677790
1689881 1693702
1807990 1810075
1810776 1812498
1940897 1941396
1947438 1947532
2012722 2014302
2019627 2021632
2055684 2055740
2071324 2076434
2095821 2097513
2278389 2279972
2288477 2289979
2312163 2312524
2382257 2383063
2577110 2578697
2613012 2613086
2616614 2616738
2770640 2771022
2780117 2780170
2807052 2807331
2807681 2807842
2808592 2813170
2826982 2828596
3044883 3045669
3080576 3080634
3081753 3082192
3110821 3112402
3121104 3124047
3131704 3133309
3143559 3144288
3210057 3210425
3223486 3225179
3278719 3278840
3300006 3301697
3337372 3337434
3369623 3370700
3375321 3377012
3381218 3382915
