Geobacillus_sp_JF8_gi_563649971_ref_NC_
2346 2975
5669 6193
7324 7563
9993 10195
10793 12873
13489 16559
17270 17895
18704 20461
22376 23805
25594 25732
26854 27377
29514 35428
37219 38158
41926 43048
49226 51581
55216 55541
59636 59701
60649 60762
63117 63256
63985 64095
66760 66881
67732 68379
70069 70362
70938 71410
79139 79225
82340 82441
84483 84700
88051 89599
90104 94812
98469 98538
102344 102795
103368 105157
105727 106327
107035 107980
110681 111113
111837 112191
114357 114846
116130 117049
118750 118832
120750 121148
122417 122493
123928 124590
125687 125793
127757 129166
134323 134649
139791 140400
141382 142109
143519 143575
152404 153278
154368 159011
162261 162995
167972 168525
171807 172257
174387 175987
176913 177146
178203 178824
180178 180949
182423 182612
185902 186456
203550 203936
206662 206905
207540 207914
210098 210208
215038 215689
216488 216743
218811 225834
228198 228527
229219 229459
230064 230156
231517 231569
232163 233841
235319 235398
236071 237229
239171 240802
243813 243866
251568 256500
257598 257742
259483 259641
262523 262884
263835 264115
264649 264891
267104 268857
271368 271495
277656 277977
278562 278612
280364 280462
281233 281307
291550 293473
296237 296526
298695 299715
301681 302104
307364 307570
309325 309413
309919 310692
311252 311529
312372 313135
313796 314552
315727 316357
318925 320208
322169 323862
326584 326718
327556 327730
329131 330226
332084 332639
339882 339994
344731 346391
347339 347513
348490 348861
349384 349467
354222 354509
355420 355524
356905 357673
358947 359078
360381 360833
361355 361579
362558 362808
365621 365923
366692 366749
373494 374743
375813 375880
378358 379154
381939 382610
385682 385919
387994 388094
391285 393888
396775 396996
397579 398186
399076 399692
401953 402044
403286 403596
406502 406712
415788 415852
417032 417120
419128 419449
420711 420962
422895 423344
425149 425639
426306 426463
429668 429932
431939 432018
436182 436620
438543 438673
440478 441641
445437 446592
449209 449548
450972 451936
455082 455918
457408 457818
459495 459606
467562 467623
468469 468838
470430 470825
473404 474497
476905 477351
486951 487313
489554 492607
494862 498435
504532 504942
506066 506395
507782 507864
511934 512394
520348 520709
523745 524005
525552 526159
526865 527133
527666 527831
529483 530620
533453 533730
535437 535751
540876 541083
546311 547082
550560 551855
555209 555363
559116 559665
560481 560604
563692 564515
565254 565440
567673 567782
569428 569508
570408 570461
575779 576302
577337 577406
579701 580031
581932 582603
584483 585549
587073 587449
588416 588884
589423 590028
591224 591481
592512 593234
594694 596790
598486 598613
600599 600703
601519 601706
602463 602869
604398 605372
611283 611740
612260 612411
613650 613728
616034 616457
617719 617772
618331 618947
619801 619856
623374 623952
625742 626758
629818 630002
630532 631428
633862 634223
635586 636567
637077 638535
640165 641027
642594 642788
643849 644305
645420 645548
646190 646317
647708 648331
649942 650083
653504 653781
654997 655811
658250 658326
660198 660483
662095 662231
664321 664901
671012 671133
677713 677850
680967 681847
682577 683205
687546 688849
689379 690107
692093 692182
693902 694182
697247 697296
701645 702015
705595 707098
709034 709403
715756 715918
719424 720280
724135 724500
726028 726240
730850 731039
733149 733256
738472 738567
740330 740395
744772 745926
746778 747234
755578 756069
757131 757937
759196 760424
763945 764027
766363 766885
767613 767877
769888 770026
771621 772433
775807 776987
778032 778863
779631 779686
781163 781300
790400 792608
795310 795379
796426 796925
802930 803610
805574 805709
810515 811471
812121 812228
812900 813067
813991 814593
817715 818745
830630 830770
831671 832086
835736 835927
837253 837996
842297 843328
844249 844683
848066 848449
851145 851743
852467 852747
854124 854185
858751 860213
862906 863361
865572 866024
868555 868717
872330 873184
875050 875105
876351 876443
879291 879393
880599 881276
882636 883059
883868 883965
888373 889084
893795 894506
897690 897865
900687 900958
901813 902115
905592 906302
911019 911215
913206 914473
915534 916018
916644 916744
919021 919750
924493 925317
926554 926983
928789 928882
934124 934422
938934 939312
940382 940731
941631 941838
943127 943991
955784 955850
957746 958273
960286 960439
961298 963105
966551 967214
968218 968353
970778 971139
973092 973220
976931 977213
979190 979427
981602 981839
983810 984625
988369 989742
990392 990952
992915 993423
995739 995997
998019 998100
998947 999094
1002162 1002218
1005499 1006187
1007201 1007929
1008505 1008749
1013751 1014202
1014911 1015533
1017190 1017360
1023144 1023584
1024983 1025358
1031497 1032206
1034415 1034642
1035917 1036150
1037175 1037701
1038366 1039416
1040395 1040853
1041357 1041837
1048167 1048495
1051118 1051397
1052789 1054275
1056094 1056691
1058718 1058798
1060156 1061776
1063253 1063572
1064169 1064265
1068777 1068827
1072736 1074047
1075180 1076311
1080674 1081284
1085109 1085911
1091424 1091820
1096705 1096936
1099414 1099480
1102062 1102641
1104624 1105057
1105760 1106290
1113439 1113661
1116204 1116354
1119031 1119128
1120004 1120426
1121760 1122281
1123595 1123661
1124946 1125248
1127780 1127846
1128633 1129111
1129751 1129938
1132047 1132364
1136120 1136348
1139171 1139426
1141624 1142305
1147116 1147958
1151276 1151712
1152217 1152542
1153440 1153511
1154156 1154876
1155592 1155864
1156484 1157029
1158274 1158439
1159448 1160044
1161147 1161218
1168836 1168951
1173355 1173428
1174372 1174449
1175911 1176284
1180849 1182039
1182965 1183080
1185148 1185463
1188333 1189160
1191191 1191347
1196290 1196892
1197775 1198248
1198798 1198985
1199667 1199901
1203416 1203485
1204215 1204537
1210750 1211230
1211939 1212494
1213548 1213669
1214522 1214811
1217366 1218333
1219619 1219961
1220929 1221092
1224348 1224399
1226139 1226201
1231920 1232551
1233906 1234829
1236385 1236659
1242679 1243025
1244965 1245028
1246985 1247687
1251483 1252094
1253928 1254241
1254890 1255217
1256626 1257064
1261183 1261234
1262287 1262708
1263888 1265103
1267909 1268446
1269691 1270361
1271672 1271800
1273398 1273864
1274578 1274751
1276419 1276518
1278897 1280542
1281132 1281238
1284284 1284627
1290836 1296312
1299446 1299588
1300984 1304782
1305835 1309740
1314921 1314974
1316617 1316981
1321351 1322921
1325103 1325293
1326451 1326731
1327367 1328303
1329769 1330581
1332496 1333133
1337917 1338168
1341383 1341444
1341986 1342113
1344184 1344784
1345326 1346327
1353752 1354579
1356737 1357031
1359070 1359552
1360611 1360867
1362434 1363480
1365455 1367019
1370294 1370767
1374085 1374499
1375692 1376184
1377690 1377771
1381557 1381910
1385208 1385527
1386515 1387150
1388997 1389181
1397374 1399817
1400893 1401106
1402521 1403037
1403771 1405965
1407939 1408305
1411688 1412012
1414934 1415456
1416081 1416793
1418942 1420643
1422164 1422512
1424995 1425051
1427552 1430925
1431722 1432653
1435059 1435477
1438748 1439355
1440026 1440377
1441573 1444076
1444924 1445192
1445905 1446042
1449133 1451083
1455145 1455265
1458314 1459589
1461445 1462204
1463067 1463186
1464056 1464110
1466452 1466817
1468881 1469075
1477224 1477377
1478904 1479393
1482108 1483303
1485785 1485991
1487476 1487685
1489609 1490041
1491586 1491752
1492274 1492818
1494288 1494380
1496386 1497127
1500676 1500968
1507649 1508163
1509132 1509527
1513216 1513602
1515266 1515523
1516802 1517242
1520763 1520995
1525276 1526387
1528137 1528266
1539793 1539843
1549907 1550042
1552479 1553035
1553763 1553820
1556161 1556358
1557925 1558483
1559451 1559561
1568696 1569292
1569977 1570648
1572100 1572435
1575645 1577881
1580929 1581465
1583379 1583483
1584113 1584320
1585825 1586366
1590040 1590197
1591566 1591738
1594473 1594589
1595176 1595498
1600053 1600443
1603067 1603535
1605278 1605425
1609932 1610289
1615200 1615406
1616256 1616407
1616997 1617192
1619122 1619800
1622016 1622936
1628503 1629753
1631510 1632047
1635277 1637602
1642929 1643733
1644893 1645790
1647235 1647366
1649602 1649683
1651751 1652506
1653399 1654176
1656151 1658002
1660242 1660518
1664961 1665993
1667917 1668387
1673021 1673347
1675669 1676071
1677102 1678617
1682914 1683336
1683843 1684150
1689321 1692176
1693673 1694134
1699461 1702802
1703594 1704268
1707937 1709352
1710205 1710365
1712954 1713157
1714748 1714923
1717082 1717536
1719058 1719316
1724519 1725432
1726264 1726539
1727961 1728392
1732710 1733860
1735647 1735836
1742445 1742987
1745397 1745671
1749283 1749454
1752850 1753582
1761000 1761756
1763257 1763490
1767756 1767924
1768797 1768946
1773055 1773909
1778409 1779297
1782707 1784369
1790526 1790856
1791681 1792088
1794358 1794532
1795331 1795761
1797851 1798148
1803804 1804106
1808082 1812535
1813823 1814459
1818251 1819092
1821428 1821677
1822281 1823695
1825279 1825445
1834259 1834554
1835576 1836486
1838785 1838968
1839543 1840058
1841526 1842134
1844821 1845882
1846812 1846943
1851918 1852080
1855169 1855916
1857006 1857306
1865409 1865676
1868673 1868906
1873346 1874129
1877140 1877295
1881125 1881378
1882384 1882785
1885303 1886354
1891432 1891683
1892904 1893330
1894575 1895019
1895838 1896264
1901874 1901932
1902691 1903610
1906918 1907244
1909438 1909550
1911362 1911709
1913803 1914039
1915006 1915340
1917481 1917563
1920187 1920769
1924543 1924693
1926673 1927332
1931426 1931515
1932035 1932177
1932745 1932834
1935471 1936148
1940982 1942173
1951400 1951687
1955569 1956423
1957232 1957331
1959536 1959887
1960569 1960870
1962216 1962988
1963543 1964279
1966138 1968320
1969866 1969977
1975092 1975709
1980558 1981621
1982604 1983341
1984015 1984387
1986385 1987039
1989692 1989816
1994568 1995402
1996019 1996081
1997956 1998077
1999872 2001111
2005489 2006094
2008279 2009547
2011142 2011262
2012665 2014806
2018657 2018945
2019619 2021678
2024696 2024988
2025695 2025820
2031639 2031939
2033623 2033862
2035527 2035697
2036433 2036511
2040214 2040410
2041030 2041954
2044622 2045749
2058517 2058581
2060767 2060911
2061646 2061735
2062433 2062512
2070215 2076372
2077056 2077932
2081568 2082109
2087969 2090310
2092231 2093499
2094952 2097588
2099825 2100574
2103012 2103208
2103753 2104332
2107002 2107145
2108767 2108835
2119249 2120112
2124442 2124742
2126317 2126637
2128570 2128856
2129843 2130675
2131497 2132105
2139524 2140084
2143264 2143691
2145955 2146753
2148488 2150464
2151030 2151101
2152511 2153263
2157712 2158493
2161661 2162544
2163502 2163568
2169680 2169929
2173067 2173251
2175714 2175985
2177145 2177264
2180057 2180350
2184906 2185484
2186781 2187105
2188187 2189436
2193884 2193976
2199183 2199664
2200370 2200686
2203186 2203398
2205118 2205176
2206643 2207373
2208335 2208455
2209416 2210908
2211811 2212834
2213822 2213954
2215751 2216311
2218368 2220058
2222373 2222753
2223986 2224307
2225518 2225876
2226396 2227258
2230383 2230885
2234760 2235940
2237015 2237488
2242991 2243260
2246399 2248072
2251335 2252491
2253639 2254096
2256415 2256755
2257862 2258453
2260401 2260802
2263021 2263353
2264225 2265185
2267008 2267897
2270202 2270639
2271400 2272871
2276848 2277208
2278309 2280090
2282660 2283032
2288418 2289248
2290337 2290575
2291945 2292300
2293065 2293164
2293888 2294643
2295312 2295932
2299505 2300121
2301593 2301732
2302738 2304424
2305640 2305962
2307329 2308283
2312323 2312788
2314009 2314264
2316969 2317156
2317678 2318263
2319100 2319639
2323370 2323665
2327860 2328329
2331302 2331747
2334839 2335345
2335871 2337250
2338258 2338604
2340570 2341371
2346306 2346775
2350123 2351625
2356136 2356362
2364483 2364550
2367716 2368400
2369989 2370650
2380491 2380701
2382196 2383051
2383610 2383904
2387224 2387795
2388957 2389206
2391870 2392526
2393839 2393901
2403189 2404625
2408468 2409068
2409608 2409776
2412593 2413035
2414904 2415856
2419140 2420697
2422165 2422262
2424537 2424713
2429831 2431507
2432923 2434269
2436955 2437044
2438668 2439336
2443021 2443260
2443870 2443936
2446275 2446704
2452311 2453261
2455955 2456342
2457764 2457872
2469967 2470096
2473317 2474647
2479976 2480168
2482988 2483162
2485494 2486139
2487645 2488080
2489503 2489677
2492060 2493290
2493969 2494151
2496493 2496709
2498054 2498163
2499038 2499318
2500662 2501210
2504333 2505070
2505840 2506117
2507874 2508547
2520752 2521198
2521879 2522937
2527055 2527973
2530818 2531445
2534435 2534577
2535879 2535933
2542042 2542611
2544628 2544900
2549076 2550046
2556071 2556510
2558958 2559204
2560060 2560458
2561228 2561302
2563104 2563304
2568786 2569341
2575721 2575883
2576743 2578713
2580116 2580575
2582378 2583908
2584631 2584773
2588216 2588715
2589274 2589886
2597775 2597868
2598508 2598752
2600354 2600408
2602135 2602486
2607731 2607961
2609626 2609745
2610836 2612070
2613011 2613104
2613775 2613856
2615460 2615561
2616182 2616587
2618291 2618421
2620399 2620500
2621869 2622509
2628119 2628911
2632230 2632891
2633975 2635426
2641051 2641150
2642103 2642159
2646305 2647142
2650348 2650413
2652998 2653460
2654807 2655338
2656416 2656910
2657909 2658438
2660401 2661121
2662888 2663312
2664262 2664662
2666337 2666774
2670085 2670405
2673854 2674844
2679785 2681220
2682701 2682858
2684441 2684685
2689733 2690443
2692956 2693034
2698029 2699224
2701253 2701319
2703287 2703835
2708190 2708288
2708890 2710409
2712687 2713684
2714917 2714977
2716490 2716568
2719123 2719327
2722636 2723711
2725105 2725244
2728814 2728962
2731192 2731885
2732723 2732879
2734452 2734831
2735410 2735574
2736438 2736688
2738072 2738181
2739553 2739929
2742790 2742917
2745320 2745374
2747350 2748124
2749468 2750000
2750700 2751422
2752231 2752326
2753494 2753591
2754709 2755103
2756148 2756419
2756946 2757404
2758189 2758322
2759442 2759556
2761343 2761603
2764327 2764484
2767481 2767804
2768955 2769404
2770286 2771087
2772003 2772528
2773198 2773288
2774027 2774118
2775768 2776185
2777979 2778075
2779229 2780677
2784625 2786294
2789660 2789898
2791278 2791528
2796194 2796589
2798581 2798866
2799585 2799797
2800655 2801052
2802544 2802663
2806231 2813283
2817762 2817956
2818534 2818794
2820883 2821353
2822942 2823042
2825996 2828556
2836861 2837319
2840673 2840731
2844238 2844304
2845396 2845706
2848343 2848500
2849140 2849308
2850743 2850992
2852000 2852120
2852760 2853023
2854822 2855137
2858967 2859119
2861714 2861764
2862431 2862554
2870058 2870319
2876727 2877119
2879414 2879971
2881314 2882064
2882718 2884072
2888311 2889845
2891553 2891862
2892697 2893288
2895849 2896501
2897870 2897996
2906146 2907070
2910648 2911078
2914734 2914806
2917917 2918043
2921615 2921699
2927463 2928929
2931509 2932230
2933098 2933288
2942213 2943041
2946117 2946472
2951225 2953151
2954939 2956794
2959470 2959612
2961302 2962021
2973675 2973786
2974377 2974524
2975155 2975788
2976543 2978350
2979860 2979996
2982477 2983215
2984147 2985391
2992287 2993006
2994253 2994452
2996165 2996431
2999287 3000257
3003028 3003211
3004474 3005674
3006698 3007170
3007982 3008825
3011315 3011392
3011908 3012308
3016061 3016840
3019137 3019196
3019885 3020656
3027745 3029160
3030364 3030816
3035454 3035552
3037288 3037482
3038638 3038691
3040377 3040854
3044858 3046881
3048104 3048201
3055841 3055988
3058972 3061208
3067669 3067989
3070687 3071823
3074565 3074797
3082035 3082294
3083994 3084093
3087631 3088035
3089080 3089433
3091704 3092386
3093830 3095192
3096256 3096400
3102585 3102724
3106911 3107223
3108331 3109222
3110801 3112693
3114495 3114689
3115284 3115355
3116014 3116377
3120488 3123939
3125273 3125583
3127477 3127562
3130222 3130313
3131603 3133665
3135340 3135568
3138340 3138574
3140177 3140691
3144714 3144766
3146327 3146819
3148963 3149409
3150499 3151272
3152243 3152342
3155842 3156551
3158113 3159242
3161566 3161622
3164120 3164575
3169328 3169955
3174808 3175170
3177459 3178348
3181625 3181815
3182685 3182917
3183627 3184032
3187415 3187731
3190457 3190948
3193609 3194113
3195252 3195832
3197042 3197825
3202293 3202897
3207142 3207204
3208007 3208145
3209780 3210845
3211520 3211741
3214933 3215236
3215874 3216241
3217663 3217825
3221307 3222672
3223518 3225255
3226793 3227155
3228124 3229069
3232987 3233515
3236961 3237175
3241563 3241719
3245070 3245784
3247133 3247347
3249133 3249503
3251529 3253013
3258341 3258470
3261653 3262297
3264405 3264943
3265886 3267007
3273136 3273404
3275298 3275352
3276469 3276897
3278484 3279245
3285887 3286016
3288120 3288239
3289288 3289473
3290484 3290621
3293518 3293976
3294682 3296194
3296820 3297275
3297780 3297966
3298886 3301658
3302208 3302560
3306859 3307091
3310213 3310733
3311882 3312603
3313236 3314457
3317150 3317728
3323467 3323669
3331974 3332601
3334656 3334930
3337222 3337823
3338910 3340340
3343615 3344298
3348362 3348836
3352642 3353258
3354942 3355118
3355815 3356412
3358318 3358479
3361220 3361365
3362574 3362949
3363789 3364423
3366838 3367074
3367697 3368206
3369109 3370592
3372847 3372978
3375342 3378229
3380416 3380568
3381281 3383013
3384205 3384416
3392654 3393519
3394092 3394583
3400366 3400839
3405926 3407324
3411889 3412300
3414694 3415112
3415878 3415975
3420432 3423870
3427555 3428051
3429889 3430702
3431457 3431543
3432566 3432682
3436616 3436925
3439266 3439688
3441687 3442013
3443877 3444534
3446573 3446630
