Geobacillus_sp_JF8_gi_563649971_ref_NC_
10881 16201
30049 35392
68054 68148
88043 94954
119806 119888
145587 145920
150888 151098
152741 159008
166684 166832
183583 183660
206847 206910
218967 225869
249829 249880
251492 256344
279080 279349
301676 301911
314131 314553
318857 319787
322366 323852
326699 326761
344266 344606
392111 392193
392412 393911
487320 487869
489554 498360
570477 570537
599061 599487
611409 611607
619802 619855
647124 647674
671013 671197
719600 719892
725292 725342
726693 726756
769936 770050
778022 778093
788537 790368
804540 804944
837857 837974
879997 880046
921707 923426
924545 925057
934064 934249
940636 940755
943924 943990
961360 962030
1006460 1006519
1008591 1008748
1045789 1046262
1052790 1054128
1059751 1059802
1137855 1137924
1139213 1139317
1156485 1156661
1199671 1199721
1278777 1280606
1284284 1284644
1291029 1296338
1297604 1297866
1301415 1302026
1302794 1304792
1305962 1309767
1360318 1360379
1377691 1377768
1398131 1399848
1411786 1412020
1418943 1420696
1427501 1430757
1441919 1443704
1458097 1458425
1495958 1496874
1499402 1499610
1502140 1502296
1507762 1507851
1522183 1522428
1523642 1523918
1575927 1577753
1590225 1590427
1617436 1617490
1635035 1635155
1635661 1636522
1637334 1637742
1643620 1643820
1661767 1661831
1665825 1665983
1673264 1673440
1677484 1678616
1684088 1684313
1689340 1693806
1728328 1728463
1746222 1746289
1767762 1768020
1776686 1777257
1792715 1793180
1807924 1808162
1809026 1809979
1811483 1812606
1827514 1827856
1839813 1840024
1877180 1877285
1895224 1895378
1904474 1905733
1906408 1906529
1907936 1908636
1913821 1913910
1935394 1936100
1947490 1947631
1957221 1957330
1960526 1960578
1979137 1979203
1986385 1986511
1995820 1995998
2012655 2014368
2018108 2018223
2018945 2019050
2019595 2021681
2054529 2054586
2055651 2055805
2058984 2059373
2070337 2076460
2095754 2096505
2097021 2097579
2166103 2166164
2222372 2222421
2245204 2245481
2256333 2258068
2272127 2273043
2278319 2280038
2288409 2289348
2292036 2292218
2293975 2294210
2310874 2311008
2312163 2312524
2328256 2328310
2329958 2330053
2346042 2346774
2382191 2383129
2386307 2386656
2456048 2456279
2470026 2470081
2522561 2522935
2523590 2524175
2527630 2528335
2563200 2563252
2577044 2578763
2609627 2609683
2610812 2610932
2612556 2613105
2616595 2616728
2637839 2637894
2646160 2646231
2656410 2656634
2669092 2669144
2674730 2674834
2694290 2694452
2698787 2698902
2714621 2714718
2736439 2736613
2742066 2742118
2762599 2762756
2770193 2771088
2779663 2780180
2785979 2786144
2806584 2813284
2820677 2820924
2826883 2828638
2836864 2836986
2845635 2845995
2847682 2847734
2860169 2860915
2861441 2861732
2897896 2898028
2925600 2925687
3004835 3005354
3020579 3020628
3028025 3029238
3044815 3046298
3049178 3049233
3080510 3082651
3110803 3112530
3114461 3114661
3120243 3120454
3121038 3123566
3131658 3133376
3143493 3143971
3144300 3145049
3190366 3190423
3201104 3201525
3209991 3211815
3223420 3225246
3228633 3228702
3229606 3229664
3231906 3232120
3234204 3235371
3245477 3245783
3265886 3265987
3272293 3272349
3278865 3279016
3284945 3285203
3299940 3301763
3305056 3305138
3310267 3310699
3313522 3313583
3368984 3370766
3375249 3377085
3378508 3378692
3380277 3380471
3381150 3382981
3409306 3409368
