Geobacillus_sp_JF8_gi_563649971_ref_NC_
10947 11825
12614 16158
30095 30850
31718 35370
88075 88661
88824 90425
94121 94920
152830 158986
218799 219135
219248 219521
220051 220356
220532 225781
251516 256322
322160 323830
392665 393447
490815 490907
491729 496278
496393 496932
497895 498425
788565 789320
792491 793017
1008635 1008710
1278800 1280463
1291310 1296292
1301440 1304767
1305984 1309742
1398098 1399821
1418977 1420674
1427523 1430734
1441941 1442995
1496423 1496778
1575949 1577730
1634974 1635972
1637362 1637599
1665848 1665941
1673306 1673408
1677433 1678212
1689362 1692122
1904496 1906702
1907991 1909865
1940838 1941574
1947522 1947609
1986408 1986505
2012680 2014401
2018132 2018201
2019617 2021659
2070447 2070780
2071217 2076438
2095896 2097557
2256422 2256726
2271730 2272512
2278341 2280071
2288435 2289326
2290174 2291373
2312163 2312524
2382338 2383104
2433198 2433258
2577066 2578741
2613025 2613089
2674769 2674829
2694327 2694428
2724962 2725036
2732625 2732702
2770377 2771065
2785923 2786096
2806625 2806716
2807034 2807178
2808830 2813260
2826939 2828616
3027773 3029212
3044837 3046289
3080532 3082236
3110826 3112387
3114483 3115157
3121060 3124091
3131680 3133354
3143460 3144288
3209862 3211793
3223560 3225223
3278861 3279064
3299962 3301741
3369006 3370695
3375277 3376938
3381296 3382932
