Bacteroides_sp_2_2_4_gi_224485592_ref_NZ_
1 38578
Bacteroides_sp_2_2_4_gi_224485628_ref_NZ_
1 605
Bacteroides_sp_2_2_4_gi_224485595_ref_NZ_
1 651
1400 1861
2962 15760
Bacteroides_sp_2_2_4_gi_224485583_ref_NZ_
1 3180
4192 18453
19948 24721
25802 33361
33951 34027
34748 36391
37346 83721
85127 90014
90749 106143
107515 124933
125949 128634
129337 130489
131116 133074
133588 133744
135220 137953
139097 147994
148743 149020
Bacteroides_sp_2_2_4_gi_224485574_ref_NZ_
1 758
4581 9125
9939 15096
26904 47883
48687 53559
60368 71909
80852 84320
86251 86448
92088 101696
102448 122652
125536 130401
130938 131458
133253 133549
134758 135641
136665 139160
140125 141323
143937 153985
156311 177463
179245 193175
193729 194216
194928 198691
199225 204881
205391 241867
242538 257780
259895 260080
277210 302649
303471 304884
312621 312864
313487 313883
315028 315225
316473 317127
317810 318387
318520 318583
319462 320478
321518 321653
323460 323639
325125 325691
326468 326863
327908 328696
333059 334662
335726 339887
349203 354187
356194 379008
379806 380622
381265 393050
395871 406981
407495 407635
408171 409714
410401 413621
414511 429085
429448 447277
447945 448883
449642 457787
459465 464563
464783 472107
472808 477531
479789 481016
481733 484056
484905 485656
485878 489237
490678 501614
502589 504363
505862 514948
Bacteroides_sp_2_2_4_gi_224485585_ref_NZ_
1 6504
7449 31806
32966 75849
76643 87395
88736 92846
93993 94898
95747 98768
99299 115421
116793 121488
122156 123017
Bacteroides_sp_2_2_4_gi_224485630_ref_NZ_
1 541
Bacteroides_sp_2_2_4_gi_224485578_ref_NZ_
1 15141
15760 28406
29423 37139
37664 41046
41173 77017
78207 78664
79841 81533
84257 91430
91547 92376
93612 94846
95722 96702
98231 98397
100095 100663
101948 102827
103514 105000
105866 106491
107361 107530
108639 116311
117214 128531
129532 144516
144666 148891
150383 153043
153855 157920
158678 165175
165775 167075
167790 172105
172816 173982
174505 175378
176068 176282
178347 178715
179610 179969
180746 180992
183645 184351
186533 187650
191365 193754
196532 212178
212932 213190
216750 216982
217764 226440
228104 228213
231420 232302
233078 256652
258227 261596
262336 268140
268827 272694
Bacteroides_sp_2_2_4_gi_224485591_ref_NZ_
1 203
1363 2415
3275 3700
4105 5035
5678 42547
43325 52489
Bacteroides_sp_2_2_4_gi_224485616_ref_NZ_
1 950
Bacteroides_sp_2_2_4_gi_224485590_ref_NZ_
1 27815
38201 58657
Bacteroides_sp_2_2_4_gi_224485613_ref_NZ_
1 1259
Bacteroides_sp_2_2_4_gi_224485598_ref_NZ_
1 3817
Bacteroides_sp_2_2_4_gi_224485609_ref_NZ_
1 1427
Bacteroides_sp_2_2_4_gi_224485629_ref_NZ_
1 600
Bacteroides_sp_2_2_4_gi_224485571_ref_NZ_
1 4096
4802 7606
8564 11531
12589 12686
18177 18693
20155 20312
31990 34844
37496 42260
43195 43404
44194 44991
45974 47404
48704 56349
57470 58085
61077 61352
68504 125421
126931 127089
132515 132775
133957 137461
138431 141144
142538 143851
146119 146310
147513 150711
152270 163242
164083 188774
190126 191832
192838 193133
194389 222383
223301 225902
227252 231268
233617 275589
277039 289299
290534 291188
293342 296993
297851 309695
312003 312963
314492 329201
334471 334655
338595 341146
341905 342954
344074 344793
345306 347446
348327 348626
349806 350182
352906 353299
358648 358767
359751 367212
375077 375264
376015 383084
384207 384553
386357 409889
410899 411055
412599 412981
418672 418934
420191 420798
422096 422552
423689 423923
426475 426637
427448 428999
429896 430345
431136 432126
432857 434346
435988 436479
437523 439656
440571 441228
442055 445298
446147 470402
471402 473068
475301 480637
482721 484520
486774 490258
492486 495143
495720 496964
501226 505461
508159 511791
514006 516603
518620 524336
525650 526128
528030 567175
569961 577359
578563 578669
579411 592084
592958 597572
598394 603580
604955 605506
Bacteroides_sp_2_2_4_gi_224485589_ref_NZ_
1 26593
27374 27737
28280 29026
29867 42894
43620 66987
Bacteroides_sp_2_2_4_gi_224485618_ref_NZ_
1 911
Bacteroides_sp_2_2_4_gi_224485573_ref_NZ_
1 358
907 2193
3138 4107
5305 8448
9780 10153
11058 27314
28409 29470
30814 49802
50550 58132
58862 76876
77641 77755
81434 84014
85692 86599
87536 88703
90217 90324
93559 96507
97929 98096
99807 109378
110167 125671
126855 163909
164547 165161
166354 176741
186793 193172
195179 203353
204068 204154
205535 211159
213772 214591
216808 220653
221238 221732
224481 226220
226619 228186
229817 239074
239889 247114
247722 248162
252865 260451
261058 264821
269569 283623
284762 284983
286596 303425
326863 327263
330412 350144
356636 356935
362233 369213
372462 375350
375885 377455
379546 380074
381807 391278
392440 393827
394099 400137
401835 424386
425241 426068
429312 435583
438387 439601
440415 441836
442775 446579
448225 448630
450218 450919
451467 455143
455691 460485
461022 526608
528323 530777
531390 536975
537769 546400
547483 549300
550322 550750
551458 552872
554198 573420
574040 576617
577302 577475
579798 589452
Bacteroides_sp_2_2_4_gi_224485606_ref_NZ_
Bacteroides_sp_2_2_4_gi_224485587_ref_NZ_
1 326
1160 69398
70246 73330
74009 74521
75666 81439
82784 83906
86497 86628
87378 90104
Bacteroides_sp_2_2_4_gi_224485604_ref_NZ_
1 2485
Bacteroides_sp_2_2_4_gi_224485601_ref_NZ_
1 2509
Bacteroides_sp_2_2_4_gi_224485608_ref_NZ_
1 1451
Bacteroides_sp_2_2_4_gi_224485582_ref_NZ_
1 33088
33196 33318
34659 40583
41461 153715
Bacteroides_sp_2_2_4_gi_224485594_ref_NZ_
1 15465
16749 20202
20958 25535
26349 27770
29179 29675
30490 31390
Bacteroides_sp_2_2_4_gi_224485631_ref_NZ_
1 4774
4958 5593
Bacteroides_sp_2_2_4_gi_224485623_ref_NZ_
Bacteroides_sp_2_2_4_gi_224485597_ref_NZ_
1 5239
Bacteroides_sp_2_2_4_gi_224485576_ref_NZ_
1 7407
12251 15230
22376 23679
26361 39009
52965 61292
63131 68068
71204 71308
72246 72532
74825 75064
94219 98748
99586 100852
101136 101907
102770 104512
105230 131282
131806 132076
133720 134002
135822 138113
138343 138791
140954 144144
144838 148450
150710 151451
152294 155671
156756 157412
158260 158822
159475 159771
160660 160787
162097 162310
163677 164576
174356 177097
178584 178633
179586 179806
180967 183236
184428 210226
210922 211538
212261 213921
214441 214735
222917 224806
225369 225539
233108 251208
251828 252054
252578 252887
253464 253535
254975 257696
258201 262341
265216 265649
266099 266314
267104 274958
283312 285170
285844 288329
289123 293301
294152 294309
295300 295700
296695 297375
300620 320390
323595 324424
327105 345065
345795 365218
367870 368317
369102 370079
371206 378385
378554 411381
412973 413081
414171 426404
432095 437055
Bacteroides_sp_2_2_4_gi_224485593_ref_NZ_
1 38511
Bacteroides_sp_2_2_4_gi_224485602_ref_NZ_
1 2493
Bacteroides_sp_2_2_4_gi_224485584_ref_NZ_
1 30511
31281 34196
34424 36951
43244 43585
46476 46936
48610 80502
81939 83716
84503 91208
91944 121363
123238 123703
126604 130906
132550 146245
Bacteroides_sp_2_2_4_gi_224485605_ref_NZ_
1 2429
Bacteroides_sp_2_2_4_gi_224485625_ref_NZ_
1 641
Bacteroides_sp_2_2_4_gi_224485580_ref_NZ_
1 612
2204 8463
9835 10808
13450 26630
28693 29433
30874 32925
38037 63594
64428 68377
69054 87193
87891 90390
91085 94521
95307 95759
98621 101188
101971 102895
103676 130139
131196 139714
141543 141727
142634 144569
145869 149514
150084 163487
164998 168081
169183 183816
184485 187842
189559 192171
Bacteroides_sp_2_2_4_gi_224485575_ref_NZ_
1 26112
27803 102806
106683 106903
109736 110460
112138 116168
117535 118995
120100 120887
121545 121870
122689 124198
125380 125472
126273 126941
129341 129607
131648 133550
140195 140900
141854 142075
142760 146345
148729 149563
150577 152939
165406 166413
167808 187956
189901 190051
190829 191254
194922 200856
201582 201838
203452 204947
205847 206196
207555 208310
208926 229654
230186 231299
232225 241491
242819 248764
249861 256878
257402 264129
265734 290601
291115 300466
301461 309287
310344 319478
320153 352227
353444 364859
366786 375577
376321 380964
381428 385758
386598 394147
394732 440418
441522 443588
444172 445180
446176 446314
448144 449502
Bacteroides_sp_2_2_4_gi_224485627_ref_NZ_
1 612
Bacteroides_sp_2_2_4_gi_224486165_ref_NZ_
1 2742
Bacteroides_sp_2_2_4_gi_224485570_ref_NZ_
1 3094
3764 4612
4897 5088
6952 11947
12663 16286
16798 22106
23318 29675
31753 32599
33467 42454
43294 60310
63449 102522
110054 129084
130442 141200
143469 171454
172387 176628
177549 180243
180989 184119
184838 193472
194299 217430
218504 219121
219659 225797
226627 231690
232602 240392
241038 246907
248266 248891
250097 273796
274408 280265
280911 283725
284626 286569
290725 303359
304194 306546
307150 307478
308169 328805
329506 337139
340447 341366
341919 343432
347173 347577
348674 348936
350174 350678
357239 389103
389887 420594
421194 430621
431195 431875
433727 434259
436450 438060
440148 442691
443704 481976
483002 483459
484513 511180
512185 512402
514270 516143
518763 522344
523589 544243
545122 567587
568560 569130
569759 596480
597723 598523
602227 615005
616116 616817
617713 620881
622625 635900
639073 733100
Bacteroides_sp_2_2_4_gi_224485600_ref_NZ_
1 69
643 3334
Bacteroides_sp_2_2_4_gi_224485572_ref_NZ_
1 391
1003 2960
3526 4926
6020 7459
8659 9425
10523 13077
14753 16415
17178 26092
26644 29989
30998 32971
33768 37142
37927 45601
47783 52740
53358 63567
64654 68581
69025 69852
73970 75335
77973 79733
80748 81093
82279 84568
85155 85252
86119 113239
114512 114775
115347 154230
161082 168960
169869 180787
181358 194410
194651 207538
208178 216335
217024 217687
217837 219012
219802 220227
221002 221773
223006 244056
245538 251330
252371 258419
259689 266982
267653 269533
271368 288595
289246 289817
290595 291947
292549 296659
297643 298075
298638 299164
300259 303959
304855 320004
320628 321863
323432 324113
324666 328429
329332 330510
331031 334315
335398 342202
342881 352036
352736 354084
362613 362865
364051 364113
365278 394360
397292 399452
400068 400545
401912 402043
404417 407412
414185 421873
427640 431215
431890 445637
451046 451581
452343 456262
456870 485226
486618 493881
494411 508732
509388 512806
513949 515197
518465 590670
Bacteroides_sp_2_2_4_gi_224485579_ref_NZ_
1 4178
5484 5781
6686 52128
52834 55551
56201 56788
57720 62738
63599 66708
67222 67288
68003 70772
71598 78166
80072 80267
80844 88466
89004 89940
90583 91236
93544 97675
99857 124726
125853 129014
129825 138251
139977 172413
173242 182366
182932 198724
199626 199851
201471 202129
202633 203231
208010 208412
211125 211386
213399 213919
214959 215350
216072 216790
220011 222106
234140 236926
Bacteroides_sp_2_2_4_gi_224485622_ref_NZ_
1 799
Bacteroides_sp_2_2_4_gi_224485599_ref_NZ_
1 3559
Bacteroides_sp_2_2_4_gi_224485610_ref_NZ_
1 1393
Bacteroides_sp_2_2_4_gi_224485619_ref_NZ_
1 849
Bacteroides_sp_2_2_4_gi_224485621_ref_NZ_
1 810
Bacteroides_sp_2_2_4_gi_224485586_ref_NZ_
1 758
2448 9371
10452 26793
30439 34163
35592 50284
51064 51180
51958 52152
53721 78273
79996 80657
82156 82500
83414 84653
86394 86976
89396 90204
90801 92129
92683 95069
95517 95651
95876 99109
99745 100660
101186 102291
105166 113616
117174 122764
Bacteroides_sp_2_2_4_gi_224485588_ref_NZ_
1 31264
32717 33077
35003 35194
36316 38961
40248 40380
41533 42011
43980 68643
Bacteroides_sp_2_2_4_gi_224485596_ref_NZ_
1 6389
Bacteroides_sp_2_2_4_gi_224485615_ref_NZ_
Bacteroides_sp_2_2_4_gi_224485611_ref_NZ_
1 1373
Bacteroides_sp_2_2_4_gi_224485614_ref_NZ_
1 407
Bacteroides_sp_2_2_4_gi_224485620_ref_NZ_
Bacteroides_sp_2_2_4_gi_224485617_ref_NZ_
1 927
Bacteroides_sp_2_2_4_gi_224485624_ref_NZ_
1 739
Bacteroides_sp_2_2_4_gi_224485612_ref_NZ_
Bacteroides_sp_2_2_4_gi_224485603_ref_NZ_
1 2486
Bacteroides_sp_2_2_4_gi_224485626_ref_NZ_
1 612
Bacteroides_sp_2_2_4_gi_224485581_ref_NZ_
1 10711
13071 23603
26003 30545
32024 35216
39214 39626
40567 44940
46337 46567
49248 51111
53717 64372
65053 78498
79092 83299
83502 157014
Bacteroides_sp_2_2_4_gi_224485607_ref_NZ_
1 230
1065 1741
Bacteroides_sp_2_2_4_gi_224485569_ref_NZ_
1 5442
6605 27381
30039 30550
31281 31977
33328 35107
36790 46284
58630 60416
62026 62623
63522 65831
66432 78468
80233 80382
85597 85810
88852 94425
95322 96356
97168 103201
104693 106084
107060 109711
110458 113168
113781 136765
138185 139173
139688 143684
146133 146727
146895 149215
150378 152341
152958 161156
164989 171815
173988 182952
187931 194195
194968 198390
199259 204606
204834 214986
215610 219934
220867 228136
228872 246142
246981 255429
256156 263811
264538 268443
269136 271565
272376 272662
274625 275805
276386 282906
283547 287140
289735 299489
300216 304950
305543 316318
333276 341765
344185 367240
368414 374995
383150 383644
396053 403668
404389 404638
405440 406506
407688 411850
416595 420185
420736 425149
425339 427839
428806 437881
438649 443227
446434 447218
448203 450029
450317 452608
453004 462928
463270 463438
463613 467047
467886 468789
469790 475055
475854 476764
477382 502555
503079 503875
504649 505386
506093 513939
515125 516308
517318 520962
521958 526213
527496 537651
538634 539946
540681 544577
545421 546207
546742 549657
550267 551668
553265 553909
555061 558272
559059 559488
559721 559822
560229 562069
562753 564418
566438 566657
567604 568163
569569 570377
571108 577497
578132 582474
584299 598252
598804 601463
602541 605193
607695 611682
614050 614690
616923 625780
626596 629779
630726 636530
637114 646285
647009 647764
651850 652992
653727 656516
657158 657885
659062 660597
661227 661564
662195 685894
686895 687182
687741 689383
690003 691769
692141 700188
700720 716397
717327 719182
720411 720749
726469 731836
732473 736827
737834 749693
750391 753866
755497 763044
764339 765062
765866 765958
766726 768781
Bacteroides_sp_2_2_4_gi_224485577_ref_NZ_
1 17267
18110 18970
19798 24993
26268 27883
29207 29494
30044 39874
41481 57026
59476 61075
63311 69428
70084 70461
71168 75077
75959 77679
80237 81919
87879 88015
88690 89525
90317 92330
93015 93607
95526 98362
99910 104374
105046 120800
122073 126134
127298 128806
132273 132483
134162 138737
139826 141448
142771 152650
153251 183968
184615 184846
185900 188193
188529 199254
199903 206666
207656 210486
212071 214099
216058 224928
226877 249655
250810 252779
253295 264640
265955 273441
273971 278149
278863 278945
279310 287358
288276 304148
305347 305908
306595 328829
