Bacteroides_sp_2_2_4_gi_224485592_ref_NZ_
1 38578
Bacteroides_sp_2_2_4_gi_224485628_ref_NZ_
1 605
Bacteroides_sp_2_2_4_gi_224485595_ref_NZ_
1 2451
2797 15760
Bacteroides_sp_2_2_4_gi_224485583_ref_NZ_
1 19561
19747 19900
20126 20462
20556 20808
20958 25276
25793 87980
88270 106439
107214 108550
108697 149020
Bacteroides_sp_2_2_4_gi_224485574_ref_NZ_
1 194
440 7298
7569 7762
7982 8144
8400 8526
8681 11305
11957 13620
14289 17945
18486 19566
20745 24521
25298 30499
31184 35755
36180 43796
44165 47894
48419 58087
59232 68552
68903 69026
69096 69267
69497 69629
69790 69987
70477 70758
71018 71240
71366 73535
74283 76155
76819 77367
77883 79592
80199 85761
86168 86536
87118 87620
87805 87993
88246 91562
91656 92121
92306 92418
92673 101720
102433 124831
124902 125089
125533 126129
126268 126398
126584 126835
127045 130751
130883 131210
131349 131494
131917 136096
136238 136467
136611 136750
136886 140400
140518 140706
140793 141018
141116 153779
153873 154118
154199 168453
168581 196925
197093 197302
197411 197872
198479 198605
198881 204926
205119 236425
236852 237286
237569 264133
264946 265009
266053 270705
271753 294188
294409 294566
294673 302365
302501 302680
302796 302920
303878 304010
304135 304952
305254 305427
305621 308551
308725 308855
308966 309134
309486 309535
309885 310075
310263 310331
310554 310765
311095 311413
311548 311787
311995 312152
312358 318134
318283 318531
318620 318831
318966 319203
319276 319551
319746 323888
323984 324165
324354 324540
324685 324837
325069 326203
326315 326569
326689 326935
327064 327233
327368 327619
327826 328028
328173 328344
328571 328989
329270 329465
330232 331036
331173 331347
331483 331675
331877 332018
332317 332470
332624 332806
332914 333128
333296 334170
334432 334685
334923 340204
340327 344766
345343 388850
389705 394654
394991 395183
395293 439036
439264 449513
449623 469364
469549 469718
469847 472206
472414 478941
479627 481031
481233 481419
481525 485671
485772 506748
508542 514948
Bacteroides_sp_2_2_4_gi_224485585_ref_NZ_
1 6678
6886 7130
7246 94553
94700 95106
95231 95410
95578 95787
95917 100106
100370 114362
114558 116341
116553 118630
118764 123017
Bacteroides_sp_2_2_4_gi_224485630_ref_NZ_
1 541
Bacteroides_sp_2_2_4_gi_224485578_ref_NZ_
1 4609
4948 5126
6015 22775
22894 23327
23454 38474
38602 38810
39035 70627
70911 75689
75859 86685
86751 107147
107442 107555
107790 107961
108115 128882
129056 163212
163375 170575
170792 177096
177365 177540
177661 177907
178036 178212
178343 183193
183403 184612
184777 184938
185114 185333
185491 190693
191356 195291
196258 215280
215765 215953
216282 216460
216903 226477
226738 227286
227559 227728
227875 229834
230084 230322
230531 230778
231012 243030
243618 244591
245414 245489
245714 245835
246631 247096
247413 247619
247763 247891
248043 268005
268158 268310
268434 268683
268822 272694
Bacteroides_sp_2_2_4_gi_224485591_ref_NZ_
1 1103
1220 2540
2695 9198
9407 9607
9789 52800
Bacteroides_sp_2_2_4_gi_224485616_ref_NZ_
1 950
Bacteroides_sp_2_2_4_gi_224485590_ref_NZ_
1 17008
17586 17778
18301 22602
23658 28623
29320 33508
34266 35412
35921 55592
55752 58657
Bacteroides_sp_2_2_4_gi_224485613_ref_NZ_
1 1259
Bacteroides_sp_2_2_4_gi_224485598_ref_NZ_
1 3817
Bacteroides_sp_2_2_4_gi_224485609_ref_NZ_
1 1427
Bacteroides_sp_2_2_4_gi_224485629_ref_NZ_
1 600
Bacteroides_sp_2_2_4_gi_224485571_ref_NZ_
1 7606
8564 132235
132353 136798
136926 137126
137287 137436
138138 139024
139312 141191
141750 142986
143111 144224
144328 146046
146168 146316
146389 146588
146966 147024
147129 148407
148518 150455
150710 150872
150939 185403
186337 189070
189281 189396
189586 211625
212325 213206
213697 213879
214074 215584
215715 275848
276391 276536
276766 284720
284813 289934
290510 291921
292169 292353
292547 292727
293030 300070
300260 310470
310793 310864
311113 311195
311572 311788
311872 312119
312311 312519
312705 312883
313475 313598
313771 313948
314082 318620
318777 318983
319133 319316
319623 334773
334936 335136
335247 335523
335700 341154
341266 341489
341573 341815
342050 347993
348157 348663
348867 349091
349236 351961
352089 352296
352426 352570
352791 354217
354946 355110
355220 355429
355680 355928
356030 357803
358213 358426
358579 360677
360806 360986
361419 367777
368634 375304
375838 378674
379182 389980
390137 397665
397906 398138
398299 399569
399694 399887
400004 400159
400267 400432
401573 408925
409143 411969
412189 412346
412640 415128
415508 415747
415849 419725
419872 420049
420191 422350
422471 422708
422793 423023
423313 428825
428968 429135
429370 429507
429641 429825
429891 430475
430788 431030
431128 435156
435281 435540
435984 439952
440545 442302
443537 443681
443782 443881
443955 445235
445475 445664
445842 461593
462202 465051
465833 466941
467113 467258
467429 467631
467769 480808
480998 481168
481378 481884
482639 482879
482998 485830
485987 486208
486302 487557
488163 504314
504441 512792
513026 517088
517277 517410
517598 517827
518470 522215
522316 524736
524896 525066
525612 565929
566497 576125
576327 576499
576661 576843
577078 577672
577828 578729
578828 597803
598390 605506
Bacteroides_sp_2_2_4_gi_224485589_ref_NZ_
1 66987
Bacteroides_sp_2_2_4_gi_224485618_ref_NZ_
1 911
Bacteroides_sp_2_2_4_gi_224485573_ref_NZ_
1 9001
9247 9414
9499 16594
16731 17210
17343 40819
41034 80791
81422 83426
83659 84071
84165 84305
84470 86865
87487 87714
87830 106446
106579 106700
107079 164562
164753 164915
165111 165299
165517 168749
169015 169170
169409 178083
178627 180599
180978 181508
181739 182411
182515 182731
182826 183055
183243 184630
184736 184928
185159 185313
185442 185573
185839 186506
186610 186856
187013 187163
187387 195224
195436 195638
195792 195912
196056 199464
199740 200136
200277 200435
200625 200871
201017 202618
202814 203046
203236 203410
203698 210178
210763 223897
224005 224236
224425 224580
224711 229640
230222 230449
230695 231693
232202 260201
260332 265770
265907 290984
292117 292337
297364 303746
304624 306264
308296 310986
319351 323585
325682 327514
332491 334496
338726 338960
339095 340619
346376 349408
350108 354173
356636 356935
360775 372948
373608 378866
379566 380268
381089 423982
424060 424284
424431 424607
424730 426325
426432 426646
426934 427170
427264 434561
434700 436786
437312 437568
437668 441698
441783 441993
442094 448261
448363 448565
448633 453450
453797 454013
454154 454697
454990 455192
455306 455455
455593 533988
534193 536350
536483 536653
536898 537135
537267 543344
543877 576815
576932 577092
577180 577370
577453 577599
577742 577957
578096 578249
578355 578580
578649 589452
Bacteroides_sp_2_2_4_gi_224485606_ref_NZ_
1 736
Bacteroides_sp_2_2_4_gi_224485587_ref_NZ_
1 25252
25532 41615
41741 41948
42039 42227
42458 90104
Bacteroides_sp_2_2_4_gi_224485604_ref_NZ_
1 2485
Bacteroides_sp_2_2_4_gi_224485601_ref_NZ_
1 521
Bacteroides_sp_2_2_4_gi_224485608_ref_NZ_
1 1451
Bacteroides_sp_2_2_4_gi_224485582_ref_NZ_
1 40583
40755 43007
43605 153715
Bacteroides_sp_2_2_4_gi_224485594_ref_NZ_
1 22450
22787 23293
23436 31390
Bacteroides_sp_2_2_4_gi_224485631_ref_NZ_
1 5593
Bacteroides_sp_2_2_4_gi_224485623_ref_NZ_
1 771
Bacteroides_sp_2_2_4_gi_224485597_ref_NZ_
1 5239
Bacteroides_sp_2_2_4_gi_224485576_ref_NZ_
1 7708
7808 8266
8447 8587
8728 39938
40354 40518
40621 41133
42488 42540
43389 48814
49926 52699
53406 65194
65746 68437
69580 71698
72244 73321
73502 73710
73832 74020
74138 75563
76076 76551
78127 81002
81783 87502
88488 88742
89292 91790
92429 94449
94702 94831
95375 109373
109579 110169
110309 110485
110689 117407
117645 117839
118483 118694
118807 118964
119218 121908
123000 124968
125125 125301
127874 147059
147295 147498
147807 150630
150873 151300
151562 151806
151919 152126
152249 155873
156410 168929
169218 169466
169727 173293
173567 173961
174356 180094
180233 180395
180623 180808
180918 184559
185531 185839
186210 186387
186532 187830
187957 209081
209698 209771
210209 210352
210482 210669
210790 210975
211107 211275
211384 211573
211794 212038
212184 212404
212492 212658
212776 214760
214983 215145
216073 216237
216525 217161
217580 217783
218503 218782
219344 220596
220822 220993
221193 221349
221767 222003
222121 222311
222545 223883
224035 224224
224300 224512
224638 224825
224935 229823
231167 231917
232541 237067
237880 238421
238968 239220
239740 240881
241013 265609
265794 266299
266453 277883
278118 278294
278475 278628
278747 278932
279381 282428
282560 282764
282968 283106
283251 288382
288569 288693
289015 289229
289371 290989
291510 292260
292375 292569
292693 292848
292979 293132
293301 295437
295560 295780
295897 296125
296250 297478
297587 297756
297884 298060
298163 298347
298597 301431
301497 302014
302223 307465
307575 307815
308638 309189
309770 322600
322970 323103
323485 326522
326723 326920
327074 327246
327359 363894
364070 366777
366910 367037
367333 371083
371233 396591
397777 410063
410338 410485
410734 429412
430017 432695
433931 436274
436444 436592
436874 437055
Bacteroides_sp_2_2_4_gi_224485593_ref_NZ_
1 38511
Bacteroides_sp_2_2_4_gi_224485602_ref_NZ_
1 2493
Bacteroides_sp_2_2_4_gi_224485584_ref_NZ_
1 16861
18072 23991
24896 25002
25195 25337
25555 26115
26704 36449
36575 38157
38306 38585
38750 38981
39630 39794
40290 40503
40712 41517
41638 41852
42021 42250
42456 42639
42864 43860
44490 44691
45010 47346
47554 47795
47918 48080
48221 48391
48667 122093
122195 122977
123176 124138
124585 124784
124929 125000
125511 125660
125910 126130
126356 135289
135966 139127
140413 145216
145797 146245
Bacteroides_sp_2_2_4_gi_224485605_ref_NZ_
1 2429
Bacteroides_sp_2_2_4_gi_224485625_ref_NZ_
1 641
Bacteroides_sp_2_2_4_gi_224485580_ref_NZ_
1 13895
14135 86051
86122 86292
86884 87023
87126 96157
96672 101188
101294 101469
101636 101855
101933 102153
102272 130143
130211 130687
130908 131090
131191 139258
139400 139609
139707 139885
140112 140443
140567 140720
141251 159748
160320 164013
164121 192171
Bacteroides_sp_2_2_4_gi_224485575_ref_NZ_
1 8712
13387 13766
18405 24978
25534 26435
26739 26961
27288 32661
33654 70832
71644 74566
78668 79170
80490 80902
85158 86866
87557 93524
94088 100488
100820 100947
101125 101309
101820 101995
102353 103293
103447 103601
103732 103901
104230 113349
113488 113723
113825 113971
114109 119366
119590 119840
120001 120184
120279 120487
120796 122991
123694 125016
125325 125505
125668 125841
125990 126146
126273 135818
136276 136497
136612 138174
138842 155213
155328 155574
156262 156448
156540 164036
164383 164522
164691 164829
165027 165203
165384 166236
166359 166558
166821 167054
167348 167489
167663 168598
168757 168932
169060 205077
205516 205719
205808 205997
206110 208519
208641 241677
242192 242371
242540 250683
251578 261425
262075 303378
303591 304260
304411 309956
310310 310476
310600 317126
317219 396885
396993 441777
441903 449502
Bacteroides_sp_2_2_4_gi_224485627_ref_NZ_
1 612
Bacteroides_sp_2_2_4_gi_224486165_ref_NZ_
1 2742
Bacteroides_sp_2_2_4_gi_224485570_ref_NZ_
1 5136
5914 29108
29727 32626
33432 45612
46177 51979
52059 93398
93923 98139
98584 102644
102913 103079
103355 106560
107231 107421
107524 107762
107936 108668
108811 108964
109141 109584
109801 131111
131219 131380
131550 131721
131875 135052
135242 135467
135547 135778
135877 136052
136303 136451
136570 144282
144533 144710
145060 167250
167369 167606
167734 167912
168274 192875
193000 193171
193425 218711
218870 219027
219158 219289
219627 222260
222495 222653
222922 226195
226333 239794
239926 240321
240488 246079
246276 248835
248908 249133
249306 249466
249812 254056
254225 263346
263994 284475
284794 294739
294846 295100
295199 315462
317323 330747
331452 331887
332428 332601
332704 332905
333165 337665
338299 341439
341583 342044
342211 342444
342729 345157
345838 351415
353413 375892
376004 376250
376325 376522
376628 433116
433552 434522
434683 434855
435303 436141
436450 436916
437015 437354
437938 439611
439995 440470
440643 440818
440953 441127
441261 441460
441550 441737
441987 443095
443690 456391
456903 464402
464516 467344
467595 509732
509940 510162
510354 510794
510952 513700
514026 514231
514370 515204
515483 515715
515911 516863
517035 517562
518229 519000
519242 519442
519700 571541
571706 598365
598471 598605
598826 599790
599885 600022
600277 600755
601198 601359
601719 601780
601887 601945
602100 602342
602411 629659
629905 630141
630948 631220
631510 631687
631960 635937
636597 638017
638618 646168
646272 733100
Bacteroides_sp_2_2_4_gi_224485600_ref_NZ_
1 3334
Bacteroides_sp_2_2_4_gi_224485572_ref_NZ_
1 25302
25370 45488
45609 63829
64358 79979
80737 80861
80979 81138
81362 81496
81887 82053
82242 156499
156776 156962
157166 157660
158048 158240
158631 158773
158939 159147
159416 161463
162064 169183
169389 169563
169665 221435
221502 229632
229824 230043
230129 231913
232028 232541
232805 245994
246213 260985
261123 262039
262208 265375
265520 266261
266378 266544
266704 316598
316744 317248
317411 322768
323316 334659
335162 355807
356614 363187
363321 364105
364218 368416
368697 368822
368966 369118
369225 369746
369827 370027
370140 370330
370446 370662
370743 370892
371053 381395
381472 381646
381730 396481
397013 400357
400497 400638
400817 401045
401172 402123
402693 405101
405240 463189
463982 464303
464486 465958
466038 466273
466432 469025
469568 471677
472622 476989
477124 485226
485664 485944
486517 490929
491040 491665
491770 492628
492935 499521
499637 499805
499947 500126
500241 527270
527577 554253
556028 590670
Bacteroides_sp_2_2_4_gi_224485579_ref_NZ_
1 186215
186762 186926
187022 187140
187263 187653
188196 197652
197857 198063
198240 198365
198534 198777
198920 199268
199564 199720
199787 199915
200097 200952
201210 201442
201615 202646
202811 203011
203232 203375
203457 203688
203910 204148
204501 204577
204809 204941
205216 206834
207019 207212
207315 207483
207746 209752
209929 210070
210633 210868
210997 211194
211340 211897
212033 212208
212328 212453
212714 212843
212962 217893
218152 218310
218408 218592
218682 218841
219006 219064
219316 219448
219716 226889
227131 227372
227660 228142
228436 234626
235347 236926
Bacteroides_sp_2_2_4_gi_224485622_ref_NZ_
1 799
Bacteroides_sp_2_2_4_gi_224485599_ref_NZ_
1 3559
Bacteroides_sp_2_2_4_gi_224485610_ref_NZ_
1 1393
Bacteroides_sp_2_2_4_gi_224485619_ref_NZ_
1 849
Bacteroides_sp_2_2_4_gi_224485621_ref_NZ_
1 810
Bacteroides_sp_2_2_4_gi_224485586_ref_NZ_
1 14119
14269 14801
18524 26468
27601 41852
42069 42268
42465 42837
43091 46207
46421 46654
46796 60788
60919 61098
61317 79076
79169 79372
79932 82449
82670 82860
83050 84912
85222 85382
85557 87243
88015 88141
88346 89158
89328 97026
97481 97651
97778 97939
98093 103575
103822 103969
104126 104241
104447 105424
105491 105699
106246 110280
111073 112092
112206 112405
112495 112707
112823 112963
113193 113381
113497 113671
113743 113887
114247 114440
114657 122764
Bacteroides_sp_2_2_4_gi_224485588_ref_NZ_
1 5864
7011 9072
9617 10290
10878 11002
15498 16796
17609 18735
19361 19621
20003 20128
20274 45678
46383 48285
52612 52723
60603 60674
61463 68643
Bacteroides_sp_2_2_4_gi_224485596_ref_NZ_
1 6389
Bacteroides_sp_2_2_4_gi_224485615_ref_NZ_
1 1187
Bacteroides_sp_2_2_4_gi_224485611_ref_NZ_
1 157
822 1373
Bacteroides_sp_2_2_4_gi_224485614_ref_NZ_
1 1191
Bacteroides_sp_2_2_4_gi_224485620_ref_NZ_
1 818
Bacteroides_sp_2_2_4_gi_224485617_ref_NZ_
1 927
Bacteroides_sp_2_2_4_gi_224485624_ref_NZ_
1 739
Bacteroides_sp_2_2_4_gi_224485612_ref_NZ_
1 332
1211 1320
Bacteroides_sp_2_2_4_gi_224485603_ref_NZ_
1 2486
Bacteroides_sp_2_2_4_gi_224485626_ref_NZ_
1 612
Bacteroides_sp_2_2_4_gi_224485581_ref_NZ_
1 20413
20550 34900
35036 35295
35528 36543
37123 52987
53203 53324
53566 61362
61597 76563
76678 76839
77068 95645
95826 96295
96430 153261
153366 157014
Bacteroides_sp_2_2_4_gi_224485607_ref_NZ_
1 1741
Bacteroides_sp_2_2_4_gi_224485569_ref_NZ_
1 8500
8698 23419
23619 23754
24135 36206
36778 36908
37155 42689
44136 53974
54794 60419
60544 60720
60869 61016
61314 61701
62026 63527
63926 66452
66541 67112
67254 67404
67583 67771
68034 68261
68578 68788
69066 82128
82644 86227
86359 86578
86646 86778
86981 87414
87554 88952
89278 89507
89644 101605
101796 101998
102123 137036
137195 137671
137778 147954
148078 156497
156806 166962
167172 167357
167466 167700
167796 186398
186647 187006
187209 193287
193376 193531
193629 193801
194129 206113
206215 216896
217051 217299
217412 224896
225097 225269
225380 227826
227979 228525
229095 232365
232462 232668
232781 232964
233273 239749
239858 240732
240964 241212
241311 262767
262895 278656
279319 302951
303071 303223
303378 304137
304207 319871
323453 325007
327433 328360
329656 330088
333297 334278
334852 336129
337030 339390
340291 341765
350684 351846
358535 365781
365939 366139
366309 366458
366843 367061
367309 367483
367576 367807
367999 370056
370173 370670
370921 371489
371605 371807
372039 372726
372842 372962
373119 373367
373488 404646
405171 414646
415865 437979
438185 438353
438710 443927
444132 444329
444478 444687
444758 444969
445305 473154
473428 473859
473967 474176
474298 515775
515929 516373
516456 516993
517296 533105
533246 533847
533916 570152
570366 570557
570649 570809
571055 575587
575717 580554
580815 584352
584469 584706
584809 612338
612472 612692
612968 618382
618570 618695
619108 625016
625172 625336
625539 628758
628850 629037
629117 629270
629409 722257
722781 724401
725168 753440
753552 753723
753830 754165
754418 759226
759370 762579
762686 762846
762945 768781
Bacteroides_sp_2_2_4_gi_224485577_ref_NZ_
1 8315
8636 8772
9044 52556
52932 53101
53259 60949
61091 61615
61827 83321
83859 87181
87762 95160
95323 95523
95776 99530
99787 100332
100482 100710
100820 101708
101862 107641
107755 107899
108019 112726
112871 116851
117420 121463
121964 130175
130905 132723
133085 133248
133549 133868
133992 134201
134281 134466
134545 139359
139629 149833
150063 188557
188720 219889
219990 223693
223896 224011
224678 225808
226117 226284
226608 249905
250409 265373
265543 265732
265845 287809
288187 288333
288536 296822
297367 299417
300019 300192
300523 300679
300991 305337
305444 323063
323771 324359
326425 326762
327634 328829
