Bacteroides_sp_2_2_4_gi_224485592_ref_NZ_
1 38578
Bacteroides_sp_2_2_4_gi_224485628_ref_NZ_
1 605
Bacteroides_sp_2_2_4_gi_224485595_ref_NZ_
1 14037
14695 15760
Bacteroides_sp_2_2_4_gi_224485583_ref_NZ_
1 7056
7793 16542
16802 16893
17122 19196
19806 37665
37889 88918
89737 106099
107515 122820
126478 127712
129341 129548
129672 131504
132174 132766
133524 138242
139762 141013
142068 149020
Bacteroides_sp_2_2_4_gi_224485574_ref_NZ_
1 1121
3748 19212
24268 26826
33912 47615
48694 53608
60954 66302
68026 71398
72067 84412
86201 93964
95025 101709
102448 122652
126188 126779
127162 131375
133266 139302
139811 155513
156548 163085
164156 174012
174722 177636
179245 184008
184517 194378
194928 217357
218362 221349
221425 247085
247255 264557
278414 297472
300880 302646
304222 304302
313769 313832
315212 315368
316832 317130
318079 318906
321123 321185
321634 321717
325125 325175
325397 325688
326698 326863
328591 328683
340054 380392
381721 386393
397118 432085
432623 449453
450258 459822
460206 460363
460500 463420
463869 477507
480656 481016
481552 482569
483224 489166
489689 499363
499886 506748
508590 514948
Bacteroides_sp_2_2_4_gi_224485585_ref_NZ_
1 11867
11965 41338
41728 43243
43889 46487
47859 56254
56333 75650
76587 81285
81807 87799
88354 98768
99315 105476
106223 115079
116354 121163
121870 123017
Bacteroides_sp_2_2_4_gi_224485630_ref_NZ_
1 541
Bacteroides_sp_2_2_4_gi_224485578_ref_NZ_
1 40754
41173 61510
62877 63007
63583 64998
65706 77645
78249 80803
83878 90446
91696 93708
94863 95283
95790 102900
103853 107519
108597 110985
111525 120297
121821 144946
145345 154675
155513 161669
162982 167075
167700 172084
172816 175378
176099 176250
178618 178871
179851 180227
180746 180992
183555 184348
185215 185688
186105 186839
188535 212178
216967 217087
217821 223628
223841 226189
231716 232425
233036 242683
246959 257648
258223 259572
260159 261388
261665 261777
262336 266501
268827 270432
270543 272694
Bacteroides_sp_2_2_4_gi_224485591_ref_NZ_
1 699
1806 2267
3689 52800
Bacteroides_sp_2_2_4_gi_224485616_ref_NZ_
1 950
Bacteroides_sp_2_2_4_gi_224485590_ref_NZ_
1 27815
38201 58657
Bacteroides_sp_2_2_4_gi_224485613_ref_NZ_
1 1259
Bacteroides_sp_2_2_4_gi_224485598_ref_NZ_
1 3817
Bacteroides_sp_2_2_4_gi_224485609_ref_NZ_
1 1427
Bacteroides_sp_2_2_4_gi_224485629_ref_NZ_
1 600
Bacteroides_sp_2_2_4_gi_224485571_ref_NZ_
1 4131
4657 7606
8564 11236
12481 12686
18530 20479
24092 28844
30271 30525
31270 35102
36129 36319
37818 38233
38837 39019
42077 42294
43211 43369
44194 44439
45890 45975
46307 46424
46716 46833
47390 47465
48040 58046
69383 125210
125350 125401
130051 140958
141395 144496
149329 182227
190027 191790
192841 193177
195266 200284
204375 206977
207537 219151
219750 225608
225847 231268
233719 258305
259562 260006
260355 277021
277628 286781
287521 291049
293352 297824
298148 311826
315783 335476
338162 340864
342223 342922
344704 345463
345982 349549
349806 350182
355947 356483
358588 358735
359751 376494
376618 386937
387755 394247
403257 404022
406398 409165
409456 409615
412718 412953
417840 417979
420507 420779
422096 422559
426174 426608
427491 428377
429469 429620
430162 430345
433641 434338
436287 436825
437538 438838
439079 439378
440794 442040
443884 444157
444659 447553
453260 473124
474576 479651
483357 484520
488592 490258
491544 496277
497193 498274
501226 502531
503124 511426
513489 524857
525955 526114
528218 568194
569822 571393
572496 577119
579630 590646
592093 603547
604955 605506
Bacteroides_sp_2_2_4_gi_224485589_ref_NZ_
1 29026
29750 66987
Bacteroides_sp_2_2_4_gi_224485618_ref_NZ_
1 84
599 911
Bacteroides_sp_2_2_4_gi_224485573_ref_NZ_
1 27318
28403 34504
34655 46585
46845 51737
53338 84129
86138 87540
87971 89061
90222 90387
91536 92798
97935 111090
111892 125671
126860 131587
133005 161216
162005 172542
173073 177004
186795 189787
196080 216896
220423 220728
221476 221621
225276 225502
227666 228186
230979 248553
254378 254429
256008 257942
260485 268665
269590 289010
290263 290891
292117 292337
298535 299056
301180 301496
326863 369635
370744 370916
372505 374676
376922 377730
382673 382862
383382 383661
383855 395480
396326 400705
401793 402286
403584 403644
404428 423937
425355 426742
429312 430561
431630 433463
436614 437265
438123 444915
445174 447458
448177 450919
451420 452444
453207 456649
457192 460062
460670 527195
527735 527877
528558 528771
529671 530764
531289 536471
536899 537071
537788 537947
538073 540927
541139 546155
546870 547510
548151 552760
554570 589452
Bacteroides_sp_2_2_4_gi_224485606_ref_NZ_
Bacteroides_sp_2_2_4_gi_224485587_ref_NZ_
1 308
2501 52197
53187 64145
64982 65108
66348 83906
86497 86589
87669 90104
Bacteroides_sp_2_2_4_gi_224485604_ref_NZ_
1 2485
Bacteroides_sp_2_2_4_gi_224485601_ref_NZ_
1 2509
Bacteroides_sp_2_2_4_gi_224485608_ref_NZ_
1 1451
Bacteroides_sp_2_2_4_gi_224485582_ref_NZ_
1 33098
34783 153715
Bacteroides_sp_2_2_4_gi_224485594_ref_NZ_
1 20947
21459 25825
26463 28336
28925 31390
Bacteroides_sp_2_2_4_gi_224485631_ref_NZ_
1 5593
Bacteroides_sp_2_2_4_gi_224485623_ref_NZ_
1 771
Bacteroides_sp_2_2_4_gi_224485597_ref_NZ_
1 5091
Bacteroides_sp_2_2_4_gi_224485576_ref_NZ_
1 5001
5532 16500
20547 25333
26361 34184
34942 35231
36204 51514
54997 68068
75072 79134
91067 100852
101263 101608
102965 104554
105230 105662
105935 107661
108300 109724
110446 116629
119369 131407
133628 134046
135349 142368
143743 146612
146760 148556
149027 156796
157352 159739
160660 162690
163677 164269
168905 169210
173639 176827
178584 178633
179482 208703
211407 211538
212188 212328
213068 213168
213752 213886
219655 219787
223292 224791
225355 225524
233285 243118
243729 251172
251747 252127
252720 260808
261511 261666
264821 264975
266108 267152
267891 276303
283312 284522
285844 286340
286962 288381
289373 291862
294152 294306
297020 297151
301109 301416
302655 320390
322712 326524
327110 364450
365101 365214
366854 381017
381164 386053
388457 415346
416209 426404
Bacteroides_sp_2_2_4_gi_224485593_ref_NZ_
1 38511
Bacteroides_sp_2_2_4_gi_224485602_ref_NZ_
1 2493
Bacteroides_sp_2_2_4_gi_224485584_ref_NZ_
1 15186
15792 32251
34073 42534
47958 48056
48667 49625
50304 101038
101590 116091
117461 117859
118806 121623
123583 123650
125961 126086
126769 131169
132550 146245
Bacteroides_sp_2_2_4_gi_224485605_ref_NZ_
1 2429
Bacteroides_sp_2_2_4_gi_224485625_ref_NZ_
1 641
Bacteroides_sp_2_2_4_gi_224485580_ref_NZ_
1 612
3020 8708
9513 12257
14358 63614
64439 85093
86593 89475
89987 93725
94488 94810
95305 95759
98547 100555
100798 101033
101692 102700
104103 129472
129756 138502
141829 144855
145556 151355
152302 168205
169579 175114
177251 182290
183408 192171
Bacteroides_sp_2_2_4_gi_224485575_ref_NZ_
1 26410
27803 100686
104541 105329
105954 107688
109640 110489
111127 111458
112048 119116
120408 121814
125033 127089
128965 130640
132211 140898
141869 142223
146333 159828
167660 193764
195093 196008
197068 201917
202817 203633
206706 207777
208231 229423
230098 231026
232041 248738
250253 255561
256404 262989
265489 267016
267775 300466
301205 309852
310344 336658
337308 338427
339145 353718
354442 367027
368304 368423
368949 375072
375294 387447
388083 404761
405912 409691
410367 423328
423548 440939
441083 444832
446223 449502
Bacteroides_sp_2_2_4_gi_224485627_ref_NZ_
1 612
Bacteroides_sp_2_2_4_gi_224486165_ref_NZ_
1 2742
Bacteroides_sp_2_2_4_gi_224485570_ref_NZ_
1 204
718 15986
18086 23395
24862 38360
39011 99981
105158 105298
107866 107987
109236 129343
129928 134543
135198 141200
143676 175170
175463 192307
192941 197625
198271 199947
200558 217386
218507 218590
218889 220152
221486 222680
224452 231615
233480 236876
237568 237648
238192 250376
251423 254249
254754 284003
284933 304812
307167 324489
326884 330465
335362 335652
340707 349050
355451 355711
359859 388841
389887 420717
421289 430620
431726 431863
433950 434262
436463 439525
441020 442793
443704 480293
481068 512228
514270 519679
520389 521131
521636 522309
523051 544333
545200 557842
558363 572738
574728 599184
600559 601707
602227 602463
603327 619439
620059 620753
623854 627579
631633 634023
634770 733100
Bacteroides_sp_2_2_4_gi_224485600_ref_NZ_
1 69
614 3334
Bacteroides_sp_2_2_4_gi_224485572_ref_NZ_
1 447
1229 1291
1573 2960
3526 5007
5748 6065
7003 7459
8660 13074
14768 19038
19579 19857
20700 41790
42308 44620
45377 46146
47867 61058
62886 63307
64654 66412
69094 70653
73943 75914
79469 168528
169482 206523
207049 219748
221019 245831
246626 251641
252371 258427
259303 269521
271371 299166
301313 305344
306459 317813
318411 318973
319740 320065
320637 322310
323434 328334
329335 330409
331783 336268
337178 348476
349322 350158
350477 355980
361568 361897
362587 400532
401194 402098
404977 421214
429212 430876
432057 462619
470401 471366
471774 472586
472719 485226
486618 493231
493954 504196
504636 510595
511248 553899
557546 590670
Bacteroides_sp_2_2_4_gi_224485579_ref_NZ_
1 4175
7025 15779
16519 23472
23684 49763
51231 52015
53383 55237
57720 62033
63397 64426
68003 69286
70485 70763
71501 76202
76372 76852
77480 89248
89936 127770
128754 133117
135383 138243
143977 160634
160923 161074
161367 172413
173166 199908
201630 201845
204741 204906
205865 206027
208019 208390
214558 214679
214984 216501
216733 216819
217325 218308
232618 236926
Bacteroides_sp_2_2_4_gi_224485622_ref_NZ_
1 799
Bacteroides_sp_2_2_4_gi_224485599_ref_NZ_
1 3559
Bacteroides_sp_2_2_4_gi_224485610_ref_NZ_
131 1393
Bacteroides_sp_2_2_4_gi_224485619_ref_NZ_
1 849
Bacteroides_sp_2_2_4_gi_224485621_ref_NZ_
1 810
Bacteroides_sp_2_2_4_gi_224485586_ref_NZ_
1 8565
10027 25433
30439 30863
31455 33668
35592 41344
42493 42803
46493 46690
47418 47728
48283 50847
53571 80435
81224 84626
86479 86619
90215 93160
93732 99082
99745 102284
104163 113911
117174 122764
Bacteroides_sp_2_2_4_gi_224485588_ref_NZ_
1 30520
32819 44613
45452 68643
Bacteroides_sp_2_2_4_gi_224485596_ref_NZ_
1 6389
Bacteroides_sp_2_2_4_gi_224485615_ref_NZ_
1 594
Bacteroides_sp_2_2_4_gi_224485611_ref_NZ_
Bacteroides_sp_2_2_4_gi_224485614_ref_NZ_
1 407
Bacteroides_sp_2_2_4_gi_224485620_ref_NZ_
177 818
Bacteroides_sp_2_2_4_gi_224485617_ref_NZ_
1 927
Bacteroides_sp_2_2_4_gi_224485624_ref_NZ_
1 306
Bacteroides_sp_2_2_4_gi_224485612_ref_NZ_
Bacteroides_sp_2_2_4_gi_224485603_ref_NZ_
1 2486
Bacteroides_sp_2_2_4_gi_224485626_ref_NZ_
Bacteroides_sp_2_2_4_gi_224485581_ref_NZ_
1 38065
38356 38417
40710 52963
53815 64526
65352 65832
66327 76471
77089 77815
79131 83257
83764 90161
90789 104507
105281 109873
110354 145940
146463 157014
Bacteroides_sp_2_2_4_gi_224485607_ref_NZ_
1 1741
Bacteroides_sp_2_2_4_gi_224485569_ref_NZ_
1 1223
2126 21889
22624 24820
30039 32123
33582 34734
37727 44338
45998 50113
58807 60414
63957 65831
68814 75921
76414 79155
80057 80382
85722 85925
86668 88202
90025 96361
97375 106045
107269 111771
112086 133347
133873 143684
144407 144510
146690 154089
154259 201320
202215 209550
209802 212417
213343 219077
219662 220180
220774 243013
243729 246123
246760 255429
256814 257983
258636 261354
261909 270401
270941 295214
295637 367285
368892 369002
369238 381194
388377 404368
406172 406795
409442 411645
414612 417079
417498 435088
435587 436405
440711 440836
441548 445654
446434 450029
450317 452608
453004 462928
463270 466703
467819 469027
470086 472991
473503 475052
476397 476746
477918 502489
503367 506610
507408 510916
511548 512846
514666 515523
517318 518406
519262 520684
521872 530466
531409 537648
538634 539946
541963 542215
542799 546207
546685 552225
553265 557960
559059 559756
560452 563728
566781 566950
567892 568158
569329 570134
571082 582385
584057 624995
626451 632798
635131 638041
639135 648431
648973 649302
652720 659931
661248 661549
662195 662545
663119 686164
686840 689519
690074 691769
692141 708206
708924 709026
709992 718294
720934 722008
726249 737419
738575 742820
743421 751926
752464 753862
755123 761203
761937 768781
Bacteroides_sp_2_2_4_gi_224485577_ref_NZ_
1 6607
8183 16899
18315 19026
19749 22295
23023 23308
24214 25749
26476 42720
43623 57581
58562 64536
65381 77457
78022 82174
82906 90600
91103 91471
93364 93540
96917 102633
103929 110775
111385 117954
118836 120524
122349 126211
127228 128145
132286 132479
133098 136935
137439 141004
142171 143700
145060 152688
153254 185205
185811 188193
188535 208454
208908 209727
212043 214370
215877 219585
221359 223325
223657 223914
225000 228142
229282 265089
265930 280642
282271 286770
287618 293280
294241 304060
305367 305619
306431 322172
328726 328829
