Prevotella_pallens_ATCC_700821_gi_340354302_ref_NZ_
1 1303
1968 3240
Prevotella_pallens_ATCC_700821_gi_340354328_ref_NZ_
206 670
Prevotella_pallens_ATCC_700821_gi_340354331_ref_NZ_
Prevotella_pallens_ATCC_700821_gi_340354323_ref_NZ_
1 755
Prevotella_pallens_ATCC_700821_gi_340354315_ref_NZ_
Prevotella_pallens_ATCC_700821_gi_340354337_ref_NZ_
1 512
Prevotella_pallens_ATCC_700821_gi_340354310_ref_NZ_
1 1389
Prevotella_pallens_ATCC_700821_gi_340354300_ref_NZ_
1 8131
8734 19509
20559 49706
50241 51681
52305 73409
74123 88460
88608 92760
93357 98279
98821 102506
103775 104172
104753 109579
110069 119479
120069 128946
129635 132904
133601 156159
156579 161242
161798 162571
163076 167171
167681 178959
180798 182920
183041 183155
183473 183523
184081 184921
185475 187422
188007 188425
188962 195110
196117 202232
202811 204943
205607 214997
215580 224996
225538 228081
228564 232688
233231 247640
247907 247971
248472 248533
249041 255256
255916 274736
275355 289072
290298 308033
309060 358999
360078 362418
362918 368730
369164 370239
370762 379575
379779 392203
393327 393773
393981 398328
398873 399785
400398 407628
408483 409075
409345 411903
412628 426474
427052 436823
437595 442568
442714 457057
457566 460767
462353 462419
475978 480178
480779 486345
487124 498269
498998 499359
499831 506401
506908 512063
512528 519091
519595 559575
560108 560543
561393 565914
566478 567183
568314 590211
590726 597582
598096 601319
601922 612198
612708 617140
617836 624003
624509 638213
638787 651145
652196 661937
662784 671826
672390 687842
688116 702233
702848 712655
713167 746135
746710 748029
748291 765694
766220 772022
Prevotella_pallens_ATCC_700821_gi_340354305_ref_NZ_
1 1842
Prevotella_pallens_ATCC_700821_gi_340354317_ref_NZ_
Prevotella_pallens_ATCC_700821_gi_340354334_ref_NZ_
Prevotella_pallens_ATCC_700821_gi_340354312_ref_NZ_
1 128
Prevotella_pallens_ATCC_700821_gi_340354319_ref_NZ_
1 951
Prevotella_pallens_ATCC_700821_gi_340354307_ref_NZ_
1 1461
Prevotella_pallens_ATCC_700821_gi_340354303_ref_NZ_
1 1877
Prevotella_pallens_ATCC_700821_gi_340354316_ref_NZ_
1 1002
Prevotella_pallens_ATCC_700821_gi_340354309_ref_NZ_
Prevotella_pallens_ATCC_700821_gi_340354311_ref_NZ_
1 1283
Prevotella_pallens_ATCC_700821_gi_340354333_ref_NZ_
1 555
Prevotella_pallens_ATCC_700821_gi_340354314_ref_NZ_
1 1038
Prevotella_pallens_ATCC_700821_gi_340354313_ref_NZ_
1 1061
Prevotella_pallens_ATCC_700821_gi_340354338_ref_NZ_
1 502
Prevotella_pallens_ATCC_700821_gi_340354330_ref_NZ_
1 572
Prevotella_pallens_ATCC_700821_gi_340354320_ref_NZ_
411 937
Prevotella_pallens_ATCC_700821_gi_340354325_ref_NZ_
1 737
Prevotella_pallens_ATCC_700821_gi_340354336_ref_NZ_
1 521
Prevotella_pallens_ATCC_700821_gi_340354304_ref_NZ_
168 693
1299 1864
Prevotella_pallens_ATCC_700821_gi_340354322_ref_NZ_
1 809
Prevotella_pallens_ATCC_700821_gi_340354332_ref_NZ_
1 566
Prevotella_pallens_ATCC_700821_gi_340354327_ref_NZ_
1 705
Prevotella_pallens_ATCC_700821_gi_340354308_ref_NZ_
1 1026
Prevotella_pallens_ATCC_700821_gi_340354335_ref_NZ_
1 546
Prevotella_pallens_ATCC_700821_gi_340354306_ref_NZ_
1 1564
Prevotella_pallens_ATCC_700821_gi_340354318_ref_NZ_
1 976
Prevotella_pallens_ATCC_700821_gi_340354299_ref_NZ_
1 2653
3173 8565
9251 10091
10681 10815
11572 13274
13938 14359
15266 17983
18476 19469
19766 23441
24483 26447
27340 28199
28905 32797
33780 51989
52500 64743
65917 67528
68044 73975
74500 76708
77495 81019
81366 82468
82969 84054
84337 89618
90187 91802
92328 92562
94122 97042
98303 99455
100035 100775
101467 102735
103158 106644
107327 114902
115075 115188
115701 124368
125060 127236
127783 128938
130098 130545
131227 132769
133154 137532
139076 142691
143298 144988
145569 149573
150361 152675
153131 160305
161006 167966
168490 169655
170212 173016
173594 185187
185718 186277
187009 187845
188378 189933
190237 193063
193624 195109
195675 195736
196308 199858
200797 201244
202058 208343
209513 211860
212586 214878
215894 216789
217657 218732
219602 220226
221196 221826
223211 238467
238876 245075
245925 246265
247524 249381
250163 251477
252623 261682
262285 262479
263171 266612
267171 267312
267585 270142
270731 273409
273788 274307
274507 275185
275850 276290
277824 278741
279211 286559
287107 294605
295283 299543
300918 302589
303351 305856
306687 307583
308146 308945
309643 310624
311152 316825
317124 320790
321354 322307
322864 325476
328112 329535
330310 337137
337922 338770
339311 339916
340690 342263
342849 344277
344783 345196
346526 347678
348492 349595
350262 352293
353091 356073
356894 358250
359109 365738
366279 367782
368576 373696
374297 388884
389596 395107
395616 396095
396278 401407
401948 404113
404523 415390
415924 417201
417954 418441
419526 426962
427991 438657
439932 444725
445336 445585
446101 448491
448928 450611
451487 455275
456525 458311
458799 462330
462872 465070
465149 474651
475273 476041
476875 480340
480982 495829
496352 498119
498766 498836
499389 500364
500948 504391
505015 512933
514109 519649
520244 551625
552156 556692
557361 559311
559829 561753
562264 563061
563642 566003
566610 567521
568139 568291
568838 568951
569537 572869
574224 574655
575414 579664
580192 591060
592075 592698
593568 604132
604956 606146
606766 609058
609571 611462
612312 615459
616222 623900
625323 627210
627408 631350
632327 632465
633179 636082
636708 653659
653748 654566
655087 674622
675158 676216
676724 687321
687823 705174
706227 709155
709688 714509
714951 722421
723133 726661
726766 733163
733731 758679
759277 773268
773629 781052
781704 782851
783320 787143
787721 798039
798488 799340
800019 801733
802230 804271
805072 823674
824705 828703
829186 831050
831206 839831
840361 844765
845271 845970
846471 855117
855666 864090
864806 870050
870579 871561
872102 872514
873076 876068
876338 877808
878355 885102
885706 893537
893617 896805
897430 898351
898852 904755
905406 916899
917299 939913
941053 941198
941713 946812
947349 951562
952275 953237
953745 954548
955063 955270
955792 959480
960253 968544
969107 970203
970957 973749
974151 977283
977946 983248
984565 988068
988688 990872
991417 993703
994338 995582
996304 997804
998493 999405
1000003 1000629
1001252 1004966
1005539 1008450
1009115 1020597
1020873 1025091
1025988 1027656
1028643 1029996
1030514 1031720
1032135 1033207
1033742 1036477
1037216 1045519
1046044 1051544
1052045 1054287
1054875 1059062
1059447 1060375
1061015 1061231
1062367 1063880
1064449 1064874
1065403 1077014
1077606 1090146
1091112 1095943
1097085 1100650
1101186 1102045
1102710 1104020
1104643 1107028
1107557 1110507
1111063 1117716
1118624 1124549
1125513 1128093
1128655 1131032
1131521 1132789
1133450 1136068
1136922 1143559
1143741 1148137
1148739 1149947
1150553 1152195
1152841 1154430
1154508 1156707
1157228 1157466
1158179 1163373
1164357 1168552
1168865 1170453
1171036 1171188
1171775 1172861
1173744 1178693
1179416 1184305
1184917 1189524
1190138 1213472
1214291 1220404
1220945 1222246
1223027 1238225
1238939 1240235
1240895 1240969
1242083 1250081
1250604 1258899
1259690 1259940
1260285 1263327
1263830 1268117
1269058 1269887
1270422 1296207
1296799 1297044
1297806 1308062
1309219 1311463
1311982 1315034
1315466 1316511
1316656 1334603
1335330 1337393
1338727 1340809
1340888 1354445
1354736 1371076
1371810 1371926
1372721 1377590
1378154 1386645
1387031 1398292
1398721 1398880
1399634 1400575
1401171 1407622
1408024 1426443
1427200 1447781
1448370 1448858
1448962 1449309
1449633 1466475
1466567 1475591
1476281 1478708
1479237 1481855
1482440 1490390
1490769 1502492
1503005 1508907
1509818 1520012
1520130 1550183
1550832 1561421
1561660 1570178
1570646 1571297
1571727 1573431
1573779 1583955
1584139 1586728
1587397 1604729
1605305 1607740
1608501 1620783
1622603 1623635
1623875 1626403
1627155 1636992
1639853 1662480
1664975 1665246
1667615 1682439
1683467 1690607
1691174 1695513
1696948 1698620
1700051 1707412
1708204 1714623
1715203 1715957
1716144 1719967
1720482 1777313
1777887 1783545
1783629 1787040
1787690 1791211
1791806 1793708
1794237 1800789
1801335 1805519
1805901 1813147
1813785 1817786
1818315 1825433
1825975 1827404
1828334 1829845
1830882 1833857
1834719 1836974
1837468 1845168
1845692 1857892
1858003 1858098
1858507 1858774
1859406 1863198
1863790 1871292
1871774 1878217
1879385 1885385
1886059 1887693
1888203 1888530
1889208 1899319
1899874 1901513
1902771 1909374
1909671 1913839
1915165 1920858
1921765 1923895
1924564 1924906
1925590 1935224
1935993 1938012
1938592 1949689
1950244 1961061
1961616 1962751
1963201 1967080
1967740 1975925
1976504 1984385
1984925 1988392
1988965 1999015
1999527 2009776
2010351 2011912
2012499 2013946
2014230 2016668
2017269 2020841
2021466 2021516
2022020 2032277
2032963 2034023
2034560 2049890
2050910 2051120
2051762 2054934
2055408 2069496
2070382 2088680
2089246 2095722
2096433 2103972
2104747 2109010
2109557 2128498
2129300 2131290
2131923 2132950
2133541 2135733
2136377 2137747
2138100 2144298
2144989 2147554
2147937 2148460
2149385 2149930
2150039 2150801
2151800 2164262
2164917 2167471
2168068 2173400
2173519 2174224
2174800 2175848
2176463 2177416
2178135 2180584
2181153 2181419
2182357 2184826
2185458 2185659
2186633 2187876
2188377 2191796
2192341 2196356
2196571 2197016
2197444 2207977
2208081 2208865
2209569 2213703
2214248 2219540
2220047 2226475
2227213 2231812
2231902 2235174
2235683 2236548
2237492 2243580
2244446 2253665
2254259 2256975
2257484 2259487
2260159 2261244
2261375 2268365
2269285 2275003
2275616 2279832
2280443 2282078
2282700 2284216
2284785 2286553
2287096 2287956
2288517 2292135
2292233 2293133
2293309 2314492
Prevotella_pallens_ATCC_700821_gi_340354324_ref_NZ_
1 737
Prevotella_pallens_ATCC_700821_gi_340354329_ref_NZ_
1 648
Prevotella_pallens_ATCC_700821_gi_340354321_ref_NZ_
1 851
Prevotella_pallens_ATCC_700821_gi_340354326_ref_NZ_
1 83
Prevotella_pallens_ATCC_700821_gi_340354301_ref_NZ_
120 428
1416 2544
