Prevotella_pallens_ATCC_700821_gi_340354302_ref_NZ_
496 1347
1970 3240
Prevotella_pallens_ATCC_700821_gi_340354328_ref_NZ_
206 670
Prevotella_pallens_ATCC_700821_gi_340354331_ref_NZ_
Prevotella_pallens_ATCC_700821_gi_340354323_ref_NZ_
1 755
Prevotella_pallens_ATCC_700821_gi_340354315_ref_NZ_
970 1036
Prevotella_pallens_ATCC_700821_gi_340354337_ref_NZ_
1 512
Prevotella_pallens_ATCC_700821_gi_340354310_ref_NZ_
1 1389
Prevotella_pallens_ATCC_700821_gi_340354300_ref_NZ_
1 8131
8734 16723
17801 19508
20565 35158
35707 51681
52305 64094
64678 73409
73965 98242
98821 100557
101115 102506
103335 103421
103775 104179
104753 108464
109134 109579
109971 119476
120070 129027
129648 132904
133602 139758
140346 156159
156792 161232
161798 178959
180798 182498
182733 183523
184081 187422
188007 190165
190720 195192
196117 199109
199443 202232
202811 205187
205821 208361
208922 214997
215503 222090
222758 224979
225594 228011
228567 245777
246327 247971
248472 248533
249449 255341
255916 261884
262209 268292
268614 289233
290298 302523
303149 308033
309714 324542
325052 358999
360168 361357
361884 362418
362926 379500
379779 392203
393327 393773
393982 398348
398873 399785
400447 403424
404083 407614
407847 411903
412645 426464
427054 436823
437595 438596
439240 457382
457686 461464
462353 462419
462715 463076
474315 480147
480901 486358
486934 488759
489122 498286
499022 506401
506908 507686
508238 512204
512528 519091
519687 520095
520415 536873
537598 551443
551563 554718
555206 557430
558037 559575
560108 560543
561436 565914
566533 578500
578916 585808
586146 590629
590710 592956
593181 597586
598096 601319
601922 610995
611434 612168
612708 613279
613784 617142
617888 618582
619121 638211
639211 651145
652196 660533
660760 662236
662811 662947
663666 671826
672418 673635
673777 686020
686142 697655
698142 706586
707108 712655
713176 718141
718250 724099
724733 736308
736842 742712
743248 748029
748291 765694
766220 772022
Prevotella_pallens_ATCC_700821_gi_340354305_ref_NZ_
1 1842
Prevotella_pallens_ATCC_700821_gi_340354317_ref_NZ_
366 560
Prevotella_pallens_ATCC_700821_gi_340354334_ref_NZ_
Prevotella_pallens_ATCC_700821_gi_340354312_ref_NZ_
Prevotella_pallens_ATCC_700821_gi_340354319_ref_NZ_
1 951
Prevotella_pallens_ATCC_700821_gi_340354307_ref_NZ_
1 1461
Prevotella_pallens_ATCC_700821_gi_340354303_ref_NZ_
1 1877
Prevotella_pallens_ATCC_700821_gi_340354316_ref_NZ_
1 1002
Prevotella_pallens_ATCC_700821_gi_340354309_ref_NZ_
Prevotella_pallens_ATCC_700821_gi_340354311_ref_NZ_
1 1283
Prevotella_pallens_ATCC_700821_gi_340354333_ref_NZ_
1 555
Prevotella_pallens_ATCC_700821_gi_340354314_ref_NZ_
1 1038
Prevotella_pallens_ATCC_700821_gi_340354313_ref_NZ_
1 1061
Prevotella_pallens_ATCC_700821_gi_340354338_ref_NZ_
1 502
Prevotella_pallens_ATCC_700821_gi_340354330_ref_NZ_
1 572
Prevotella_pallens_ATCC_700821_gi_340354320_ref_NZ_
577 812
Prevotella_pallens_ATCC_700821_gi_340354325_ref_NZ_
1 737
Prevotella_pallens_ATCC_700821_gi_340354336_ref_NZ_
1 521
Prevotella_pallens_ATCC_700821_gi_340354304_ref_NZ_
161 1591
Prevotella_pallens_ATCC_700821_gi_340354322_ref_NZ_
1 809
Prevotella_pallens_ATCC_700821_gi_340354332_ref_NZ_
250 566
Prevotella_pallens_ATCC_700821_gi_340354327_ref_NZ_
1 705
Prevotella_pallens_ATCC_700821_gi_340354308_ref_NZ_
1 496
952 1026
Prevotella_pallens_ATCC_700821_gi_340354335_ref_NZ_
1 546
Prevotella_pallens_ATCC_700821_gi_340354306_ref_NZ_
1 1564
Prevotella_pallens_ATCC_700821_gi_340354318_ref_NZ_
1 976
Prevotella_pallens_ATCC_700821_gi_340354299_ref_NZ_
337 1397
1920 2653
3173 8565
9624 10091
10681 10874
11572 13441
13951 14312
15266 18009
18511 19154
19335 23441
24513 26482
27253 32787
33710 33808
34317 51490
52500 55739
56509 64743
65917 72127
72667 73966
74500 76225
77515 78771
79218 81019
81386 82468
82969 89611
90187 91802
92775 92853
94134 95005
95809 97043
98303 98702
99241 100775
101467 103595
104312 106644
107327 110603
111152 112995
113367 115188
116002 119121
119576 124368
125077 125552
126154 127236
127783 128938
129896 130167
131227 132901
133154 137532
139071 142786
143306 144879
145605 149569
150361 152675
153246 160305
161013 168362
168490 169508
170203 170936
171229 178077
178578 182873
183641 185187
185743 186277
187547 187845
188378 192348
192612 193063
193624 195736
196308 199858
200426 201238
202002 208331
209692 209904
210577 211864
212586 214190
214803 214862
215840 216743
217616 217908
219437 220316
221199 221586
223211 226126
226381 237820
238343 243887
244537 245045
245590 245958
247524 249381
250163 251400
252414 259576
260109 261664
262320 262496
263183 270741
271526 272023
272553 273403
273782 274301
274697 275176
275850 276344
277824 278504
278679 278741
279211 292239
292853 294558
295208 295750
296709 299622
300972 302477
303269 305856
306713 308931
309731 314192
314734 314953
315482 316607
317237 320593
321354 322307
322864 324664
328053 330493
331016 336240
336777 337137
337922 338770
339289 339916
340690 342263
342764 344198
344844 345016
347090 347678
348492 349036
350262 352396
353091 353787
354304 356071
356905 358250
359088 364251
364807 367782
368587 385599
385952 388884
389373 395087
395616 395952
396584 401355
401948 404113
404540 416460
417954 418519
419526 421583
422016 426962
427971 429359
429954 438035
438510 438655
440582 444655
445336 445409
446102 448491
448928 450971
451518 455275
456525 456929
457075 460036
460577 465070
465149 469493
470138 473436
473954 474630
475344 476041
476868 480340
481029 483104
483730 486166
486672 498119
498738 498836
499543 500058
500948 501107
501892 504391
505014 512890
514109 539571
540106 541232
541502 548879
549386 552743
552955 556677
557419 557802
558716 561753
562264 565924
566622 567816
568838 568909
569551 571350
571885 572869
574236 574858
575414 579536
580861 590397
590949 591523
592075 592698
593568 604330
604956 606146
606793 608996
610192 611462
612334 615459
616311 623002
624273 624351
625020 631570
632327 637049
637541 649918
650445 653659
653748 661727
662280 672302
672505 673119
673737 675392
675984 676196
676759 698239
698743 702078
703019 704871
704979 705174
706227 714505
715038 722717
723231 726665
726766 728711
729426 733163
733731 734351
734426 740075
740600 741437
741967 758492
759334 764264
765112 767478
767982 773264
773629 781052
781704 787143
787721 793673
794294 801542
802230 804424
805072 823674
824705 826612
827130 831050
831206 832989
833491 833962
834780 839831
840589 844694
845223 847424
847592 851943
852491 853671
854191 854888
855681 863503
863670 864935
865238 866796
867053 868085
868275 870052
870579 884259
884864 885102
885620 887340
887806 893537
893617 898351
898852 931892
932079 939843
941088 941181
941749 946812
947302 950734
951164 951540
952292 953211
953745 954532
955063 955270
955792 959443
960253 968542
969679 970731
971702 973825
974340 977364
978169 981645
981912 983248
984628 985845
986584 988135
988786 993775
994338 995582
996304 997101
997609 997804
998421 998575
999094 999293
999851 1004966
1005580 1008450
1009115 1009799
1010094 1022320
1023106 1024599
1024803 1024993
1025988 1029996
1030514 1033207
1033742 1036462
1037136 1045519
1046044 1050569
1051353 1051544
1052045 1054287
1054875 1055458
1056067 1060375
1060897 1061271
1062388 1063880
1064449 1064872
1065403 1068943
1069488 1084944
1085343 1087935
1088438 1090146
1091107 1095943
1097104 1100650
1101186 1107028
1108094 1109277
1109908 1110463
1111007 1117716
1118587 1124549
1125430 1128093
1128655 1131032
1131729 1132789
1133450 1136068
1136922 1143559
1143916 1148184
1148744 1152012
1153192 1154430
1154508 1156707
1157228 1157466
1158219 1163373
1164357 1168552
1168911 1170453
1171059 1171184
1171775 1172861
1173744 1175359
1176006 1178693
1179416 1184305
1184917 1187282
1187904 1191086
1191587 1207701
1208720 1209846
1210021 1213452
1214291 1217868
1218418 1220404
1220945 1230604
1230804 1238091
1240331 1242402
1243146 1250081
1250604 1259914
1260445 1263035
1263870 1263933
1264618 1268061
1268907 1269857
1270422 1273766
1274276 1297044
1297828 1308029
1309219 1311463
1311982 1315033
1315466 1316511
1316656 1317746
1317918 1324662
1324756 1334010
1335331 1337436
1338727 1344288
1344411 1351084
1351647 1356410
1356565 1357921
1358016 1360700
1361243 1368616
1369643 1371075
1372721 1375605
1375739 1382198
1382595 1386445
1387031 1390045
1390675 1391258
1391819 1393284
1393873 1395239
1395491 1398292
1398721 1398853
1399647 1407523
1407969 1416267
1416593 1421151
1421748 1426644
1427201 1427958
1428305 1440302
1440494 1447781
1448486 1448855
1448962 1449309
1449633 1455797
1456028 1466475
1466567 1475591
1476220 1480246
1480413 1481901
1482440 1485252
1485848 1493429
1493834 1502408
1503192 1503796
1503906 1505943
1506464 1509248
1509890 1511388
1511939 1550306
1550832 1570172
1570811 1571217
1571761 1573998
1574211 1586197
1587408 1598745
1599361 1601000
1601221 1607840
1608501 1609953
1610257 1617705
1618207 1620731
1622420 1622536
1623155 1626112
1627023 1633971
1634542 1636503
1637718 1638453
1639753 1666149
1667419 1681427
1681766 1682430
1683467 1689462
1691174 1693373
1693621 1695591
1696966 1697377
1697906 1698620
1700051 1701207
1703310 1707412
1708007 1714623
1715203 1719903
1720317 1741048
1741426 1751194
1751854 1753980
1754572 1756350
1756560 1777338
1777887 1781604
1782282 1783545
1783629 1787040
1787690 1790088
1790593 1791211
1792265 1799079
1799893 1800657
1800753 1813133
1813785 1813883
1814470 1815316
1815847 1817760
1818380 1827796
1828374 1829844
1830233 1833840
1834520 1836906
1837468 1845168
1845714 1858801
1859406 1863198
1863790 1871161
1871815 1875254
1875753 1878279
1879384 1887723
1888214 1888514
1889166 1899319
1899877 1901513
1902771 1906263
1906765 1909134
1909710 1913839
1915167 1920858
1921782 1923880
1924564 1924906
1925688 1927238
1927743 1935224
1935993 1938002
1938607 1949618
1950244 1960920
1961535 1962724
1963368 1967121
1967739 1973169
1973572 1975788
1976504 1984385
1984921 1987218
1987734 1988392
1988965 1999015
1999522 2008276
2008846 2011912
2012414 2015319
2015769 2016615
2017269 2017422
2018028 2021516
2022020 2023764
2024307 2027435
2027738 2032260
2032963 2036501
2036889 2039299
2039826 2043837
2044358 2049890
2050971 2051129
2051693 2052219
2053004 2054934
2055462 2061863
2061954 2067566
2068244 2069496
2070382 2074102
2074510 2077839
2078370 2088680
2089291 2091369
2091851 2095821
2096433 2103972
2104747 2105311
2105833 2124585
2125145 2126263
2126953 2128708
2129215 2130868
2131059 2131939
2132167 2133033
2133541 2135666
2136422 2140955
2141619 2144299
2145025 2148460
2149382 2150801
2151800 2164262
2164917 2167465
2168068 2174224
2175004 2175848
2176466 2177126
2178016 2179615
2179877 2180584
2181153 2181765
2182368 2183120
2183501 2185469
2187361 2187900
2188407 2191790
2192341 2196529
2197546 2202701
2203259 2203367
2203580 2206561
2207083 2207319
2207955 2208865
2209569 2213703
2214248 2219540
2220070 2221502
2222224 2223187
2223974 2226475
2227213 2230879
2231180 2231812
2231902 2236405
2237211 2241461
2242040 2243845
2244515 2253640
2254157 2256904
2257485 2258665
2259230 2259570
2260186 2267605
2268265 2268488
2269332 2275003
2275630 2279817
2280443 2282078
2282700 2284216
2284867 2285635
2286178 2286553
2287096 2287947
2288517 2293133
2293309 2296987
2297479 2314619
Prevotella_pallens_ATCC_700821_gi_340354324_ref_NZ_
1 737
Prevotella_pallens_ATCC_700821_gi_340354329_ref_NZ_
1 648
Prevotella_pallens_ATCC_700821_gi_340354321_ref_NZ_
1 851
Prevotella_pallens_ATCC_700821_gi_340354326_ref_NZ_
1 264
Prevotella_pallens_ATCC_700821_gi_340354301_ref_NZ_
1 387
1416 2544
