Clostridium_sp_SS21_gi_224515036_ref_NZ_
1 2090
Clostridium_sp_SS21_gi_224515017_ref_NZ_
1 2947
Clostridium_sp_SS21_gi_224515023_ref_NZ_
1029 1121
1384 27676
28621 30926
32086 32667
34289 34364
36004 36288
37268 40570
42532 43398
44024 44313
46257 46672
48164 48465
49094 49180
49499 49984
51159 52414
53742 54867
55618 55919
56455 56748
57534 58470
58681 59587
60949 63690
64510 66197
68360 68703
69386 69671
70435 70689
72504 73376
73569 74233
76452 77164
78369 79885
80615 81878
84450 84772
85657 86167
86974 87331
88956 89671
93632 93942
94727 96020
97716 98800
102877 104934
105191 105450
109495 111594
112345 115378
118026 118332
119158 119609
121358 121891
123653 127817
128076 129262
131047 132951
133384 134238
136184 136830
137995 138139
138305 138764
139945 140852
141186 143088
144020 144128
144731 145802
146710 149744
150407 150748
152487 152943
153041 170056
Clostridium_sp_SS21_gi_224515035_ref_NZ_
1 204
Clostridium_sp_SS21_gi_224515028_ref_NZ_
1 12509
13245 18514
19284 20161
20737 20848
21565 25099
25653 26188
26980 28382
28884 29985
31139 35715
36138 37775
38477 39684
40589 42431
43138 45952
46740 50703
51308 52469
53165 57420
58379 59250
59983 61307
62466 62582
63586 130922
131091 132681
133302 134505
135148 140548
141096 142288
142629 174028
174581 175993
176680 184131
184446 184854
185554 186061
186640 188658
189172 191530
191716 192722
193249 195298
195789 202636
203550 203823
204848 208558
208907 218469
218614 219615
220677 225695
226234 227595
229124 230394
230863 232771
234117 234767
236496 236722
237326 238361
239690 242388
244311 245406
247020 247362
247964 251148
251685 253753
254449 254505
255585 257762
258264 260052
260263 262046
262783 263512
264134 265128
265396 273938
275546 330458
330904 332632
333139 334819
336129 339424
340120 344171
345045 346700
348070 349314
350641 350943
351771 352160
352869 354447
355970 356534
357305 360941
362059 367830
369268 370867
371068 371530
372383 375676
377082 377132
377899 382572
383221 387292
388546 394259
394869 402062
402364 402448
403145 406970
407436 419097
419920 425312
426168 431133
431977 433185
434014 436540
437557 442352
442695 444581
446446 449075
450650 451422
452214 454350
454859 455543
456075 460691
461647 462867
463817 466602
467395 468657
469479 469678
469935 470151
471129 471867
475156 476647
477364 478002
478519 480734
481568 481894
482573 482815
483725 485050
485646 488355
Clostridium_sp_SS21_gi_224515049_ref_NZ_
1 605
1240 1871
2510 2856
3915 4203
5009 9187
10673 10810
11410 11526
11653 12760
13436 15336
18142 18612
19376 19648
20371 21216
22328 24210
24823 28330
28888 31835
32740 34168
34922 35319
36577 36860
37598 38101
Clostridium_sp_SS21_gi_224515056_ref_NZ_
1 4977
5884 6061
7020 7150
7296 7910
8836 9200
10350 10440
12431 14307
15203 16409
16883 23774
25999 26390
28863 29944
31207 31335
33694 33835
36417 36635
37455 38775
39942 41472
42679 46104
47091 49323
51952 52799
53670 55035
56295 56816
60232 61164
63126 63388
63970 66562
67210 68148
69524 70605
72224 77355
78888 79049
79701 85918
87191 90643
91180 91870
92614 94499
95472 95711
96563 96652
97210 99977
101096 102729
104349 107588
108543 109333
111193 111549
116875 116972
117666 118920
122963 124533
125461 126166
127208 127881
128541 137155
137672 139433
140173 140646
143147 144065
145307 146442
147117 148702
150275 151409
153805 166904
167604 167956
168142 168786
169318 169548
170461 176411
182064 191890
192871 194883
195448 195899
197068 198765
201817 201875
203136 203371
204006 204660
205835 206461
209347 209521
210750 225460
226100 226469
229601 231073
232288 238786
239502 241300
243122 244722
246748 247914
248105 249545
250911 251406
253129 255557
255870 256666
257883 257939
258540 259810
260915 261978
262509 273484
273950 274315
274927 298335
299119 300225
302673 304542
305100 305286
305641 305742
306701 306852
307402 308702
309843 310279
311275 311871
313624 313889
314748 314972
315656 318298
320169 320405
322545 323344
325435 327076
328316 328438
328883 330175
330693 330999
332462 332842
333496 333870
335064 335952
336165 336234
338470 340159
340851 342045
342275 342724
343710 359094
366928 367695
368520 368896
369461 375111
377067 383761
384360 385208
386072 392536
393604 395415
396130 399594
400235 403075
406502 406805
407565 408500
409256 410063
410918 411359
412620 413151
415608 416214
416307 416366
417583 421309
422695 423436
426917 428056
428568 430158
432029 432179
433272 433860
434048 435635
436752 437436
438210 441893
442810 443574
444596 445513
447038 447707
449009 449321
450001 450212
450908 452056
452960 453261
454669 456618
459175 461033
462238 462492
463011 463283
464147 465592
466719 467754
469586 469643
470427 470949
472247 476420
478628 479334
479991 483195
483936 485558
486309 486365
487037 487565
488160 490581
491093 499807
500480 501135
502009 502139
506731 507291
507955 508904
509921 514182
515182 515363
517053 517439
518737 519696
520437 520758
522135 528020
528797 529246
529671 532741
533239 550225
557149 558140
559316 559785
560402 561816
563879 564019
565559 566981
567767 567840
568421 569229
569731 571091
572068 573336
573620 577263
577793 580633
581005 586601
Clostridium_sp_SS21_gi_224515032_ref_NZ_
1 4014
4754 7234
8046 8974
9797 11495
12052 12266
14509 15635
16237 19041
20281 21216
21960 22848
24058 24481
24987 25262
26061 28732
29657 31307
31864 32661
33574 36364
37281 38648
39162 42356
42955 47675
48424 49539
Clostridium_sp_SS21_gi_224515038_ref_NZ_
1 629
1834 1884
2625 3387
4778 6010
7002 12244
13630 14242
14894 15250
17189 19750
20425 21164
22180 22964
23590 24020
24617 25653
26714 26996
27534 32382
33608 37275
37495 37713
40617 42958
43626 44087
45142 46964
47066 48135
49552 51850
54631 68452
70009 70319
70548 73212
73916 74163
74826 78025
78774 82284
82592 88524
89194 90447
Clostridium_sp_SS21_gi_224515042_ref_NZ_
1 4286
9615 9757
15976 17433
18517 23565
25526 25863
26924 28282
30001 30741
31379 31581
33081 33306
36699 38723
40029 40495
41861 42525
43928 44248
45387 45656
47395 48165
48687 49155
52188 52341
53542 53719
55366 56025
56771 57294
58293 58791
60484 60879
61068 63005
65435 65705
68309 69125
70418 71245
71880 74858
77976 78158
79792 79949
81582 81707
82939 84668
86149 86474
90155 90744
98537 98707
98979 102750
103067 104154
104483 104774
107275 115583
116963 117977
118538 121656
121742 126229
126736 127005
130724 131188
132187 135634
136989 137298
139721 140431
141851 148494
150015 150314
151183 152008
154356 155370
157313 157621
160657 162242
164941 166278
169609 169709
170534 171197
172152 172234
173017 173796
175082 175418
175727 178665
179676 179997
180684 190335
192292 194457
196494 196907
197221 198625
200515 201399
201985 203961
204687 204957
206237 207070
208330 208568
210613 211475
213869 214599
215584 215921
217208 217352
217989 219647
220523 220966
226341 228162
228942 229133
229493 230927
231024 231705
Clostridium_sp_SS21_gi_224515034_ref_NZ_
1 331
2474 2887
3414 4389
5619 8346
8993 9164
9788 10693
11371 13002
13922 16175
Clostridium_sp_SS21_gi_224515050_ref_NZ_
1 1970
2768 3003
3711 4585
5575 6400
7655 8460
9011 9901
10865 11262
12186 12514
14002 15150
16664 17288
17838 23523
24141 25720
27771 30063
30993 31710
32480 32597
33361 33895
34630 35954
36802 37065
39447 42372
42472 45339
46143 47155
48118 48696
49845 51021
52718 52920
53763 56248
Clostridium_sp_SS21_gi_224515031_ref_NZ_
1103 2054
4208 4894
5552 7241
8837 14488
16017 16100
16700 17735
18583 19837
20926 21822
22824 23486
24719 25060
26870 27174
27826 29754
Clostridium_sp_SS21_gi_224515055_ref_NZ_
1 1303
3113 5228
6449 9618
10987 12979
13585 13634
14278 15033
15874 21222
21403 26761
27648 28578
29716 31289
32156 83834
84601 86464
87169 87246
87333 95529
97321 99436
100266 103843
104519 104701
105720 106463
106685 109281
110127 111247
112113 114944
116413 116682
117375 118031
119416 120140
120870 122819
123353 123923
124774 127214
127872 131318
132286 133879
136115 138539
139479 145090
145186 148071
149368 150315
150981 151801
152759 153236
154432 161725
161959 163782
164440 164986
165705 166377
167170 168481
169182 171199
171484 173373
174032 180597
181471 181532
182251 182579
183034 183114
184346 185243
186100 188652
189362 190333
192054 194238
194696 194966
195707 197969
198707 207855
Clostridium_sp_SS21_gi_224515030_ref_NZ_
1227 1584
2474 3091
5372 6267
6875 7464
8040 8463
9049 9716
11459 13405
14231 15923
16893 17690
19526 19924
20236 21546
22313 22796
24622 24994
25574 25840
26229 26436
27200 28321
30054 30199
31914 33099
33781 34257
35296 36052
36691 38213
40089 40147
41079 42033
42824 43136
44286 44491
46000 46073
46960 47111
47919 48370
49337 53052
53853 53977
57015 57507
58462 58616
60638 61805
62437 64099
64610 64929
65557 70268
71240 72082
72795 73874
74046 76131
77026 77608
79302 79812
80933 83155
84019 84221
85228 87166
89011 89093
89848 90385
90922 91505
92272 93965
94213 95424
96101 97282
97844 98562
99376 100166
Clostridium_sp_SS21_gi_224515041_ref_NZ_
1 2066
Clostridium_sp_SS21_gi_224515033_ref_NZ_
1 1910
3642 3975
6362 6781
7490 8181
9267 9936
10776 12491
12789 13058
14264 15266
16215 18348
19716 20186
Clostridium_sp_SS21_gi_224515039_ref_NZ_
1 657
Clostridium_sp_SS21_gi_224515029_ref_NZ_
1 2498
Clostridium_sp_SS21_gi_224515021_ref_NZ_
1 1570
Clostridium_sp_SS21_gi_224515043_ref_NZ_
1 4539
4748 5055
Clostridium_sp_SS21_gi_224515040_ref_NZ_
1 447
1490 5173
6297 7357
8929 9678
10412 10647
12533 12797
13746 14178
15972 16054
18723 21345
23058 23251
24189 26520
28472 32060
34840 35364
36554 39080
41545 42123
43624 44582
Clostridium_sp_SS21_gi_224515054_ref_NZ_
1 269
702 851
2792 3421
4386 4950
5113 5250
5791 6235
6829 6989
7596 7711
8356 8765
9430 10063
10775 13867
15447 37864
38782 39296
40409 41630
42692 47278
47820 68669
70530 71248
72008 73039
73558 74117
74866 75521
76704 76985
78789 80240
82255 82634
84415 84945
85631 86174
87407 89385
89858 102153
102937 103353
104339 106121
106820 108302
111042 112314
113710 115673
118935 122176
123439 123839
129652 133387
134119 134376
134704 135005
136090 137690
138450 138607
139026 139261
139869 140427
141061 141342
142527 143296
144245 146228
146970 148620
149432 149694
153284 153647
154863 155087
156273 156596
158649 158709
162605 162929
164007 164239
165363 165641
Clostridium_sp_SS21_gi_224515048_ref_NZ_
1 709
2646 3843
4454 7642
8116 10966
11643 13883
14560 17565
18471 18615
18766 20764
21719 24724
26002 26474
27001 27190
28819 32274
32451 33103
33995 38661
39310 43220
43838 44597
45535 47822
49059 49962
50611 53205
54280 54945
55550 58045
58613 58988
60004 60921
61689 66832
67759 68132
68807 71057
71852 85774
87049 89309
89628 90329
96242 103861
104763 113186
113801 114510
115257 115999
116696 118154
118797 119949
120531 121079
121873 123243
124084 124825
125714 137858
138430 140296
Clostridium_sp_SS21_gi_224515025_ref_NZ_
1 2774
Clostridium_sp_SS21_gi_224515045_ref_NZ_
1 560
2542 6410
7371 8451
8656 8960
9588 15038
15952 18356
19129 19758
19970 20528
21584 21713
21947 22874
23397 24548
25436 26520
28495 30457
32079 33491
35494 35883
36555 37736
39871 40729
43407 51170
52119 54131
54399 57906
58761 58965
59664 63123
63913 64376
65105 66091
66862 66945
67580 68371
69020 69582
70613 70692
71667 73902
74650 74994
76265 77543
78468 78621
Clostridium_sp_SS21_gi_224515053_ref_NZ_
1 77
4141 4345
7194 7591
8276 8800
9802 10482
11432 31427
32322 40154
41327 58100
60233 61023
63209 63710
64497 65601
66266 66568
67448 67633
68417 69055
70596 72002
72773 74286
75082 76273
77160 77917
78771 79218
81548 85053
87477 89301
90607 93029
94541 95026
95738 97048
98630 100428
Clostridium_sp_SS21_gi_224515019_ref_NZ_
1 1747
Clostridium_sp_SS21_gi_224515047_ref_NZ_
1 454
1134 3265
5527 6378
8202 8277
9360 9796
9918 11023
13071 14247
15419 15488
16678 18742
19938 20263
21068 23592
25701 25909
26515 26756
27084 29730
32289 33410
35006 41262
42186 44905
45080 45168
45943 46105
46709 46835
48428 54280
54815 55583
58491 62359
71537 93811
94733 100136
100584 113158
114011 116654
Clostridium_sp_SS21_gi_224515037_ref_NZ_
1 262
903 2142
3017 4840
5565 5661
6256 6846
7541 13447
13979 14852
15775 17339
17849 18692
19320 22439
23081 25602
26535 28614
31237 43143
43852 43918
44563 46403
47096 49047
50392 52981
53547 53916
55710 56923
57778 58389
59271 59420
61997 62174
62943 67813
68693 70881
72405 73110
73679 73800
78066 78609
79333 80320
81716 83477
84088 84523
85663 86439
87531 88715
90898 91023
91131 93112
94612 106155
106811 108720
109697 111367
111978 112178
112762 113087
113961 114102
115675 116016
116578 117669
118489 118915
120157 124936
125081 125508
126278 127124
127936 132122
Clostridium_sp_SS21_gi_224515051_ref_NZ_
1 288
7871 8237
8627 11090
11933 12631
17103 18521
19417 20475
20801 58204
59373 94267
96313 96558
99713 99924
101078 101786
102504 102678
103860 104413
106894 107452
109413 109649
111228 111286
113269 113577
116729 117503
120229 121188
122685 136942
137445 137816
142617 144167
148566 149392
150186 151619
152047 153944
155072 158071
Clostridium_sp_SS21_gi_224515044_ref_NZ_
1 210
1897 4438
5458 6380
7409 7898
8568 11438
13400 22806
Clostridium_sp_SS21_gi_224515052_ref_NZ_
1 2008
2749 7294
Clostridium_sp_SS21_gi_224515046_ref_NZ_
1 243
1180 5275
6198 8335
10629 10857
11555 11962
12803 12904
13140 15315
16529 17630
18256 18964
19842 20184
23573 24540
26783 29812
30476 30846
31833 33231
34421 34866
36073 36900
38566 43411
44737 45343
46270 46603
47240 48123
48922 49675
50587 53373
54059 56736
57406 58731
