Clostridium_sp_SS21_gi_224515036_ref_NZ_
1 2090
Clostridium_sp_SS21_gi_224515017_ref_NZ_
1 2947
Clostridium_sp_SS21_gi_224515023_ref_NZ_
835 1076
1202 30395
30498 30674
30873 31075
31208 32953
33061 33179
33435 33957
34121 34344
34805 34989
35126 35257
35446 35520
35714 36152
36290 36488
36725 41312
41720 41881
42429 42606
42721 43207
43353 43518
43636 43777
44024 47798
47972 48188
48283 48498
48633 56477
56632 57060
57160 57300
57534 59284
59429 59601
59826 60006
60324 60480
60613 61907
62183 62402
62482 63018
63192 67668
68002 68161
68333 68401
68577 68714
68851 69046
69201 69390
69600 70684
70817 70990
71269 71411
71832 72026
72195 73862
73953 74117
74235 74540
74793 74961
75770 77366
77604 77767
77998 78162
78276 78513
78700 83655
83967 84191
84369 84515
84623 90765
90917 91126
91721 92289
92786 92949
93129 93315
93477 93942
94105 99433
99533 99802
99931 100127
100330 100955
101065 101242
102021 102179
102351 102577
102838 105483
105723 106299
106505 106650
106955 108381
108568 108718
109001 109183
109323 110683
110961 116341
117459 117594
117707 119652
120436 120686
120812 121002
121358 122620
123386 129464
130386 130448
130537 130660
130751 134615
134760 140868
141023 141188
141376 141587
141704 145278
145515 149779
149937 150075
150362 150529
150651 150757
150864 151589
151821 152033
152267 170056
Clostridium_sp_SS21_gi_224515035_ref_NZ_
1 1550
2059 3209
4728 4983
Clostridium_sp_SS21_gi_224515028_ref_NZ_
1 18391
18552 19096
19234 27494
27623 27753
27902 28029
28238 28418
28525 33034
33149 33363
33487 33735
33823 35133
35273 35722
35841 36264
36438 53244
53343 59007
59129 59305
59588 59744
59859 65022
65182 65310
65510 65689
65846 174175
174581 176138
176680 204407
204687 236912
237032 237187
237302 245841
246014 246243
246375 246512
246661 246751
246895 247122
247284 248103
248206 248419
248530 253636
253713 254259
254418 254633
254733 254979
255256 255618
255729 256275
256377 256597
256679 274308
275781 330479
330590 331119
331227 331425
331506 340862
341003 341188
341298 341487
341586 353048
353193 353344
353506 353714
353853 354171
354393 354588
354697 354898
355119 359117
359247 365050
365296 368152
368304 368475
368691 368905
369009 372257
372355 372556
372644 372824
372955 373154
373253 373459
373690 373834
374026 374640
374741 382857
383190 383390
383542 388022
388211 393348
393551 393733
393932 394106
394214 394436
394703 410775
411023 411156
411240 411377
411538 411708
411787 429893
430031 430294
430475 431665
431865 432025
432180 432330
432510 442352
442454 449131
449245 449451
449779 450051
450178 450412
450665 450867
451010 452836
453079 466625
466757 466926
467385 473154
473578 473805
473930 477662
477903 478361
478509 483368
483609 483803
483918 488314
488751 488921
489036 489166
489457 489539
Clostridium_sp_SS21_gi_224515049_ref_NZ_
1 271
406 588
836 1021
1159 9484
10656 17306
17600 17789
18042 18176
18290 28894
29073 29344
29501 29677
29817 31604
31721 31936
32052 37028
37206 37375
37472 37665
37871 38101
Clostridium_sp_SS21_gi_224515056_ref_NZ_
1 8931
9073 9232
9352 9491
9742 9900
10097 11544
11805 11917
12157 23774
24025 24201
24651 25104
25311 25521
25998 27630
27825 27967
28337 29694
29793 30017
30091 30329
30594 31431
31592 31728
31884 32035
32441 32613
32772 33376
33631 33869
34093 34574
34933 38977
39211 39395
39513 39724
39961 48258
48422 48586
48714 48882
48984 49171
49419 49610
49726 49927
50032 50222
50355 50527
50651 50860
51937 55243
55447 55567
55831 55981
56050 57117
57688 58001
58248 58435
58842 58997
59430 59572
60170 62681
63078 66699
66876 67018
67175 67324
67580 68921
69524 71589
72183 77770
77880 86082
86406 91950
92171 92388
92607 93897
94018 94539
94646 94806
94895 95107
95395 95460
95690 95805
95955 96096
96265 96563
96946 97072
97190 102597
102720 102892
103201 103367
103533 107877
108140 108278
108420 108573
108714 108869
108945 109125
109294 109510
109689 109855
109995 110188
110415 110664
110796 110992
111178 113261
113826 114363
114475 114712
114803 115001
115207 115284
115496 115624
115827 116028
116215 119190
119822 120036
120160 125453
125567 125773
125925 138045
138141 138665
138794 138930
139049 139221
139379 139516
139734 140646
140875 146505
146641 146767
147101 150290
150468 150626
150772 150913
151153 152547
152853 152982
153175 153388
153620 183681
184416 196197
196319 196473
196573 196810
197065 202155
202714 206463
206667 206859
206993 207123
207318 209692
209839 210085
210225 225457
225678 225902
226129 226551
226676 226874
227146 227336
227471 227684
228004 231175
231668 232576
232706 232876
233004 233498
233649 246466
246748 247914
248018 248191
248332 255768
255970 256160
256261 257120
257260 257424
257790 257939
258101 258239
258396 258865
258973 259856
260055 260293
260609 260728
260914 261096
261200 261409
261544 261717
261832 261998
262104 262224
262412 262646
262732 273702
273891 274437
274711 298043
298282 298446
298525 298758
298922 299485
299708 299927
300052 300263
300377 300571
300690 300885
301157 301210
301352 301730
302673 302954
303152 303319
303517 303731
303840 303997
304554 305286
305430 305908
306020 306583
306701 307137
307284 307800
307882 308419
308485 308559
308888 309025
309291 312183
312358 312496
312738 312884
313045 313176
313279 313464
313567 313959
314093 314320
314570 314790
314949 315012
315540 316065
316186 316347
316469 316660
316762 317418
317537 317725
317819 318016
318108 318325
318412 318650
318844 319072
319187 320405
321502 321590
321737 321918
322243 322384
322543 328317
328432 328601
328686 328907
329099 329255
329386 331038
331169 331291
331749 335064
335169 335384
335465 335676
335779 335985
336104 337861
338225 338437
338583 339414
339522 339721
339823 339994
340119 340267
340557 341131
341231 341454
341541 341779
341948 342089
342243 342430
342565 359935
360489 361539
364321 364872
366438 373257
373446 373567
373721 373922
374116 375383
376297 376454
376780 385539
386072 393767
393875 394117
394186 394433
394569 403378
403474 403687
403770 403976
404289 405842
406115 406238
406331 406562
406775 408028
408129 408334
408422 408601
408731 408957
409109 412017
412163 412341
412674 413497
413782 413972
414105 414299
414504 416669
416853 417043
417254 417428
417578 417806
418006 421783
422460 423852
424492 430802
431376 432179
432363 432608
432756 432935
433054 441963
442801 442967
443088 443264
443373 443863
444596 447956
448248 448469
448723 448853
448954 449172
449274 449494
449600 449765
449896 457244
457459 457636
458280 458335
458611 458760
459047 459971
460190 460371
460513 461179
461311 461770
461925 467754
468262 468412
468649 471553
471713 471855
472022 486024
486205 486399
486678 499494
499646 499835
499982 500146
500458 501402
501564 501765
502009 502210
502385 502541
502691 502863
503085 504410
504706 504924
505116 505345
506071 507654
507793 508005
508091 508354
508453 509180
509692 513732
513975 514409
515023 515681
516189 516376
516583 517078
517196 517509
517654 518058
518308 518464
518651 520135
520358 520991
521313 523759
523871 524082
524155 525296
525422 525562
525691 525841
526165 550429
550606 551027
551113 551320
551738 552286
552452 552637
552773 552981
553140 559436
559648 559810
559918 560121
560314 562303
562558 562695
562874 565551
565737 565882
565999 566198
566473 569745
569870 570039
570116 570337
570438 570637
570746 577106
577277 577413
577770 587063
Clostridium_sp_SS21_gi_224515032_ref_NZ_
1 2322
2535 2997
3084 3251
3361 13397
13686 25530
26040 26232
26346 36944
37086 37314
37502 49539
Clostridium_sp_SS21_gi_224515038_ref_NZ_
1 9241
9413 9591
9700 9904
10051 12521
12871 13008
13341 14304
14503 14691
14855 15028
15210 15341
15524 16534
16791 17014
17158 17321
17474 25769
26340 34437
34560 34754
35011 44588
44882 45147
45258 46525
46593 46830
47106 47296
47410 47660
47781 47943
48052 51850
52081 52256
52372 52548
52675 53772
53857 72749
72903 73067
73197 73367
73553 73774
73899 74219
74393 74565
74724 74853
74933 75127
75272 75994
76118 76254
76492 76684
76780 78446
78595 78779
78931 80825
80949 81398
81527 81967
82101 85918
86066 86240
86391 86846
86991 90447
Clostridium_sp_SS21_gi_224515042_ref_NZ_
1 4678
5050 5207
5427 5622
6387 6572
7008 7144
7857 8060
8351 8882
9038 9200
9455 9591
9733 9902
10032 13935
14762 14987
15445 15673
15805 24729
24943 25126
25241 25676
25867 27675
27919 28422
28648 31125
31291 31744
31834 32469
32613 32809
32910 33329
33547 34513
34652 34881
35144 35291
35617 35745
35971 36187
36670 40961
41272 41395
41861 42283
42506 43115
43266 43462
43597 43731
43891 44320
45057 45414
45529 45696
46482 47892
47999 48216
48291 48830
48921 49152
49326 49467
50327 50470
51323 53292
53523 57141
57281 57421
57539 57709
58005 58164
58370 59408
60000 60651
60860 69302
69895 70780
71017 71151
71290 76407
76574 76706
76907 77062
77252 77323
77867 78050
78157 79041
79234 79425
79505 80000
80187 80265
80858 81051
81532 81733
81876 82001
82135 82498
82601 82819
82952 83094
83246 83389
83581 85401
85767 85945
86105 86521
86863 87061
87220 88775
89037 89473
89981 91723
91917 92128
92503 93778
94019 94214
94433 94659
94731 96343
97072 97241
97597 104855
105131 106525
107226 115585
115807 116018
116098 116318
116414 117211
117328 117575
117687 129319
129753 129909
130339 130757
130836 131046
131120 131241
131459 131581
131808 136981
137263 137793
138467 138631
139371 149351
149602 150382
150564 153232
153325 153508
153728 155125
155256 155493
155856 155985
156135 157898
158047 158206
158366 166470
166772 167869
168472 169658
169776 169986
170181 173578
173712 173870
174016 174179
174347 174570
174699 174860
174987 175149
175334 176132
176257 176446
176594 176727
176890 177452
177700 178023
178215 178353
178526 178673
178809 179012
179136 179475
179632 179781
179931 180123
180221 180443
180684 190273
190561 191328
191563 191679
191990 194727
195245 195457
195669 195902
196111 196194
196378 196560
196930 199038
199131 199373
199691 200619
201230 201702
201842 202075
202308 202780
202925 209569
210210 210356
210607 211729
211990 212161
212440 213789
213856 213998
214162 214334
214546 214690
215144 215349
215584 215805
215901 216078
216300 216459
216622 217549
218034 218195
218320 220864
220966 221080
221637 223295
223429 223605
223817 223982
224102 224160
225273 225418
225552 225628
225842 226012
226349 226565
228033 228232
228528 229978
230614 231705
Clostridium_sp_SS21_gi_224515034_ref_NZ_
1 917
1621 2165
2305 6742
6850 7018
7157 7341
7432 11798
11927 12111
12318 16175
Clostridium_sp_SS21_gi_224515050_ref_NZ_
1 231
655 3937
4096 4273
4359 4558
4673 4827
5051 5268
5481 5622
5732 5916
6032 8902
9022 9211
9334 9464
9610 10357
10868 11043
11221 11944
12177 12338
12435 12592
12828 13059
13215 13394
13484 13659
13762 15686
16300 16496
16611 20158
20311 20450
20747 20911
21015 21183
21311 33651
33753 33997
34289 37242
38313 38484
38612 45474
46147 48142
48278 48456
48689 51469
51637 51878
52190 52414
52621 56248
Clostridium_sp_SS21_gi_224515031_ref_NZ_
1 2262
2366 2601
3088 6731
6861 7317
7535 7993
8186 12604
13108 19948
20064 20199
20467 20609
20741 21169
21389 21520
21663 21882
22066 24755
24976 25144
25246 25436
25663 26266
26474 26645
26785 26940
27551 27758
27824 28863
28966 29135
29402 29582
29692 29754
Clostridium_sp_SS21_gi_224515055_ref_NZ_
1 1876
2248 2501
2647 5510
5682 5851
6024 6245
6393 10344
10461 15279
15695 16370
16486 17347
17445 20975
21167 21276
21403 28596
28819 28943
29624 31319
31421 31610
31774 32008
32136 95295
95483 95717
95799 102771
103028 103253
103422 127963
128075 128327
128527 128676
128765 130011
130141 130308
130432 130682
130836 131656
131896 132009
132270 133936
134484 134727
135117 135349
135537 138404
138522 138675
139344 151972
152125 152262
152510 152758
153143 153387
153945 154106
154412 177121
177303 177517
177699 177936
178110 182631
182746 182879
183034 183160
183402 183618
183828 185341
185471 185674
185802 185942
186064 189154
189307 189491
189579 189751
189897 190117
190245 207855
Clostridium_sp_SS21_gi_224515030_ref_NZ_
128 299
681 3915
4184 4303
4616 4833
5133 10064
10150 10369
10587 10710
10983 11050
11158 11229
11448 18078
18146 18344
19037 22817
22968 23153
23440 23647
23775 24994
25108 25309
25515 29880
30034 30314
30922 31105
31252 34301
35010 40137
40348 40483
40806 43748
43936 44057
44425 47245
47449 47678
48000 50618
50826 50985
51120 51290
51368 51520
51667 54601
55095 58628
58765 58948
59470 59695
59975 60177
60327 73648
73824 74074
74149 74611
74693 74888
74961 75177
75259 75507
75780 78783
78905 79122
79285 79439
79590 79812
80067 80207
80459 86448
86517 86717
87174 88133
88301 88433
88732 89198
89382 100166
Clostridium_sp_SS21_gi_224515041_ref_NZ_
1 2066
Clostridium_sp_SS21_gi_224515033_ref_NZ_
1 2715
2781 3001
3603 4491
5448 5635
6138 9423
9524 9680
9822 9988
10104 10329
10442 12242
12365 12560
12758 13061
13277 13467
14150 14267
14372 14558
14701 15563
16137 16649
16884 17414
17693 17770
17892 18099
18275 18425
18551 18733
18896 19015
19264 19456
19611 20186
Clostridium_sp_SS21_gi_224515039_ref_NZ_
1 239
351 946
1089 1249
1374 1598
2167 2324
Clostridium_sp_SS21_gi_224515029_ref_NZ_
1 2498
Clostridium_sp_SS21_gi_224515021_ref_NZ_
1 1570
Clostridium_sp_SS21_gi_224515043_ref_NZ_
1 5055
Clostridium_sp_SS21_gi_224515040_ref_NZ_
1 5766
6291 6380
7062 8787
8919 9148
9216 10027
10297 10452
10592 12828
13012 16416
17220 18199
18621 21642
22137 22282
22406 22651
22775 23574
24135 26530
26980 27189
27758 27899
28027 28162
28435 32579
33565 33698
33905 34029
34127 35692
35977 36114
36391 39136
39345 39485
39671 39837
39990 42150
42432 42593
42718 43232
43624 44582
Clostridium_sp_SS21_gi_224515054_ref_NZ_
1 174
277 465
825 1037
1124 7019
7134 7373
7509 7700
7827 11316
11481 37864
38178 38421
38490 38895
39172 39316
39432 43847
44052 44230
44349 44551
44681 69356
70347 70586
70722 70918
71029 74066
74849 80565
80723 80857
80981 81171
81391 82801
82911 83136
83244 83426
83634 84656
84785 85014
85115 85241
85591 103411
103913 106121
106417 106578
106813 108311
108494 108646
108792 108935
109233 109363
109512 109728
110142 110268
110411 110561
110814 116142
116235 116868
117081 117257
117381 118320
118563 118792
118959 119463
119590 120707
121176 121359
121506 124002
124639 125047
125241 125443
125561 125718
126696 128835
128980 129169
129323 129525
129651 132532
132654 132831
133078 133396
134026 135718
136007 136188
136514 137689
138021 138137
138293 138518
138727 141884
142207 142424
142597 143179
143437 143569
143984 146430
146944 150246
150494 150905
151077 151232
151321 151577
151653 152113
152302 152474
153163 153379
153566 160297
160872 161100
161947 162064
162200 162381
162546 163036
163209 163338
163501 165220
165359 165641
Clostridium_sp_SS21_gi_224515048_ref_NZ_
1 9698
10130 10317
10434 24899
25747 25901
25967 26194
26318 52656
52773 52959
53042 53236
53617 53761
53952 54124
54255 75545
77947 79916
80554 80837
80927 81109
81373 81529
81632 87209
87310 88892
89308 90373
94885 95008
95301 95569
95688 98162
98664 103587
103713 103866
104015 104216
104497 104641
104745 135927
136078 136314
136492 140329
140857 141192
Clostridium_sp_SS21_gi_224515025_ref_NZ_
1 2774
Clostridium_sp_SS21_gi_224515045_ref_NZ_
1 266
467 591
830 1015
1218 10226
10343 10569
10716 20931
21164 21299
21572 27098
27460 27720
28035 28306
28487 28717
30120 30528
30684 30874
31115 31253
31531 35287
35458 35629
35749 35919
36056 36325
36552 37834
37955 38074
38252 39495
39687 39910
40052 40252
40458 42059
42711 42902
43110 56331
56432 56687
56842 57585
57717 57929
58004 58200
58374 59469
59850 61140
61245 61436
61526 65832
65930 66150
66805 70815
71346 71705
71837 72024
72136 72371
72515 73047
73304 73531
73604 73811
73899 74057
74187 77808
78007 78220
78498 78621
Clostridium_sp_SS21_gi_224515053_ref_NZ_
1 172
473 652
945 1188
1335 1464
2281 2460
2905 3081
3303 3490
3716 4156
4296 4388
4523 4746
4848 5062
5471 6231
6385 6537
6902 7868
8126 8669
8782 31256
31323 31523
31801 31965
32075 33878
34135 40310
40531 40739
40963 51094
51979 63853
64032 64235
64504 67041
67173 67399
67555 67708
67913 69205
69323 69552
69660 69789
70085 71736
71884 72095
72269 72496
72658 78097
78467 78632
78813 78969
79191 79336
79547 80538
80724 80965
81200 81330
81548 93579
93863 100428
Clostridium_sp_SS21_gi_224515019_ref_NZ_
1 1747
Clostridium_sp_SS21_gi_224515047_ref_NZ_
1 4873
5050 6409
6631 6789
7000 7229
7377 8386
8505 8698
8912 12095
12347 12467
12716 12904
13039 13615
13754 13902
14068 14279
15091 17446
17700 17912
18023 18222
18340 19975
20114 20326
20458 20637
20790 23592
23759 25267
25622 29730
30090 30338
30893 34237
34470 34699
34925 36922
37115 37279
37468 37639
37741 41108
41185 41356
41552 47215
47294 47828
48025 49456
49618 49786
49950 50137
50366 56410
57139 61469
62192 62588
66794 67484
67751 67801
68384 68579
68682 91742
92929 116654
Clostridium_sp_SS21_gi_224515037_ref_NZ_
196 6884
7457 7683
7982 16394
16534 41710
41902 42034
42276 43617
43859 44406
44530 48680
48800 49829
49937 50130
50249 54189
54361 54614
54908 55039
55294 55464
55619 55830
56058 56291
56542 58817
59092 59284
59472 59755
59912 60148
60410 60980
61123 61338
61473 61610
61726 61881
62017 65382
65458 71066
71389 71520
71702 80609
81213 89268
89402 89871
90191 90396
90522 90767
90882 91327
91401 91567
91706 91846
91959 93668
93821 94326
94480 132122
Clostridium_sp_SS21_gi_224515051_ref_NZ_
1 442
939 1194
1548 1629
1774 1994
2244 2412
2660 2794
3022 3170
3469 3601
3695 4401
4960 5361
5648 5882
6435 6586
6792 6858
7434 7581
7693 12833
13723 15494
15931 16074
16326 16557
17051 18643
18772 20197
20322 20461
20701 61586
62255 93783
93926 94353
94861 95277
95864 96064
96285 96423
96540 98716
99067 99267
99462 102392
102651 102877
103200 103344
103499 104093
104353 104590
104815 104988
105157 105625
105934 108126
108538 112159
113018 114010
114078 114315
114912 115158
115307 115446
115582 115637
115822 115995
116351 117490
117632 117767
118362 118785
119697 120807
120912 121121
121341 121494
121662 123601
123787 124198
124298 124491
124594 138444
139094 139277
139505 141053
141198 141379
141531 141668
142381 142521
142735 142909
142975 143885
144127 144302
144458 144599
144854 145071
145329 145470
145619 146893
147372 147520
148123 148331
148532 149161
149276 149424
149669 149845
150158 157845
157957 158071
Clostridium_sp_SS21_gi_224515044_ref_NZ_
1 7024
7129 7295
7460 7629
7747 7929
8066 11588
11698 11869
12026 12165
12366 12501
12770 12886
13057 19272
19443 19619
19780 20025
20193 20620
20782 20954
21139 21331
21434 22806
Clostridium_sp_SS21_gi_224515052_ref_NZ_
1 7294
Clostridium_sp_SS21_gi_224515046_ref_NZ_
1 3802
3926 4094
4217 4375
4516 4679
4777 4913
5028 10857
11036 11313
11536 11969
12088 12251
12511 12700
12803 20569
20888 21103
21173 21407
21484 21696
21838 21974
22196 22369
22660 23296
23468 23625
23777 23964
24111 25585
25838 26031
26246 34956
35084 35217
35327 35465
35555 35727
35857 38621
38781 38915
39147 45059
45161 45404
45669 45857
45981 50862
51018 51192
51322 51523
51639 51883
51970 55113
55335 55527
55633 58731
