Clostridium_sp_SS21_gi_224515036_ref_NZ_
1 2090
Clostridium_sp_SS21_gi_224515017_ref_NZ_
1 2947
Clostridium_sp_SS21_gi_224515023_ref_NZ_
1399 2723
2946 26353
26922 27508
28621 29926
32119 32813
33814 33883
34289 34364
35042 36067
37271 37362
37942 39238
39745 40291
42495 43128
48288 49504
49793 49969
51508 52180
52385 52707
53996 55899
57785 59537
60917 63690
64455 66197
67295 70678
72201 78472
78788 79426
80624 82252
84694 84772
86975 87641
88618 89740
93511 93989
94935 95566
98198 98768
102877 105333
106107 106174
109037 109157
109495 110478
110970 111085
111314 111598
112339 115378
117978 118465
121585 124282
124486 126892
127667 128189
128313 128384
129281 134116
134398 134528
136514 136830
138019 138863
139253 140839
141462 144108
146913 147583
147998 148478
149256 150745
152487 152943
153041 170056
Clostridium_sp_SS21_gi_224515035_ref_NZ_
1 182
895 1084
2843 2942
4900 4983
Clostridium_sp_SS21_gi_224515028_ref_NZ_
1 12509
13153 15023
15657 16156
16379 17616
18251 18383
19524 20090
20753 23022
23620 26155
26841 28403
29630 29985
31040 32586
33576 36243
36722 37751
38608 39588
40589 42101
42323 42414
43138 45227
45752 46015
46740 50769
51167 52210
53168 57385
58590 58698
58989 60832
63588 132421
133302 174028
174624 175755
176691 179130
179666 180984
182139 182712
183256 183750
184379 184729
185849 186045
186651 188540
189173 189705
190137 192802
193511 195153
195877 199662
199798 201006
201250 202014
203780 220545
221120 225409
226035 227589
229124 230092
231130 236831
237335 238311
240008 245199
246432 249392
250053 251017
251666 251881
252611 253662
255596 261717
263358 263497
264248 264925
265849 272492
275856 278138
279687 281299
281645 330093
330354 331019
331369 332582
333636 339329
340066 341662
342417 343292
343525 344267
345045 346853
348085 348168
348845 348926
351771 351907
352422 354671
356440 356548
357336 358325
359260 361133
362059 364586
364859 364954
365340 368040
369268 372801
374032 374328
374921 375676
376968 377094
377808 381107
382256 382344
383298 383653
384146 389184
390829 391109
391889 406077
407327 407498
407767 409503
409726 411836
411984 412116
412398 423701
424781 425464
426104 426906
427540 430483
432313 433185
434014 436370
437562 438441
440629 442319
442695 442881
443149 444592
446047 446708
447904 449984
450699 450869
451302 451422
452497 456843
456964 461165
461903 462603
462756 462867
463882 466621
467669 470566
471137 471681
475368 476009
476497 476638
478245 480400
481582 481862
482625 483011
484351 484748
485651 486035
486543 487541
487778 489539
Clostridium_sp_SS21_gi_224515049_ref_NZ_
1 605
1240 2878
3915 4260
4795 6615
7397 9187
10673 10869
11410 14492
15174 15315
16123 16631
18084 18375
19410 19627
20442 20563
20855 21181
22284 22714
24727 28312
29174 34338
34705 35238
36577 38101
Clostridium_sp_SS21_gi_224515056_ref_NZ_
1 4928
5884 6197
7029 7910
8836 9177
10375 10429
12203 12879
13145 13224
13549 23179
28401 28622
29189 30212
31225 31338
32895 32976
35157 35209
36433 36736
37780 44694
45442 46266
47158 47258
47927 49538
50342 50512
52288 52572
53681 53964
56312 58940
63126 66547
67210 67309
67928 79023
79521 83790
84297 90500
91850 91931
92478 93674
94310 95643
98913 101681
105824 106109
107007 107868
108543 109476
110662 110746
110969 111287
116551 116929
117666 121773
122456 122640
123230 123626
124156 125102
126078 127413
128207 133919
134528 137106
137615 141202
143412 143545
143759 144329
145307 146421
147117 147327
147902 148216
148400 148519
150277 150583
153805 167934
168142 168786
169318 192382
193583 194261
196816 198765
199764 200387
201358 201499
201824 203361
203860 204660
206055 206143
209554 209648
211807 211882
212402 212992
214151 214705
215336 220841
222270 222768
223273 224978
226398 226534
227169 227305
229603 230597
232235 232813
233650 234918
235107 240260
240791 241121
241884 242333
243319 243379
244521 244723
246748 247914
248520 248803
249044 249537
250740 251518
253129 255091
256271 256464
258437 259383
260945 263544
263681 273232
273955 274320
274927 295359
295751 295845
301548 301798
303550 303722
305078 305888
307659 308767
309693 309848
311121 311871
312753 312880
313640 313747
316513 318269
320105 320498
325435 327276
328333 328556
328883 329389
331818 332842
333496 333870
335064 336234
338591 340159
340876 340962
341269 342716
343801 354333
354631 354759
354992 367755
368787 368891
369570 373248
373769 373886
374803 375007
377095 377585
377802 378128
379076 384909
386075 387445
388053 388288
388994 392320
393645 394377
394940 395526
396130 396302
397239 399594
400812 402986
407839 408484
409272 410155
410918 411353
413112 413283
413977 414131
415587 415642
417757 419019
420309 421025
422627 423386
427460 428056
428568 429776
432035 432174
433025 436203
436752 439241
439491 439604
439909 441008
443263 443540
444540 444589
445137 445264
447070 447592
450632 453578
454542 456073
459259 460629
461364 461690
462274 462492
463116 463283
464168 465567
466601 467732
468413 471062
471831 474667
475760 476420
477553 479424
480405 482286
484479 485542
486226 486365
487041 487332
488160 499050
502012 502139
505039 505183
506731 507264
507969 508187
508690 509149
510184 512927
514006 514306
515184 515546
516665 516757
518651 519696
522321 522415
522740 523031
523597 524036
524155 524303
524709 527724
528852 528939
529671 550202
557106 561816
563412 563571
564699 564823
565604 567877
568431 568941
569713 571091
573231 573336
573626 573770
574244 575190
575428 576784
576998 577098
577819 585888
586312 586436
Clostridium_sp_SS21_gi_224515032_ref_NZ_
1 149
643 1077
1806 2315
2853 2935
3220 3842
4754 7272
9700 12225
13998 14121
14494 15654
15974 19021
20281 22818
24058 25237
26099 28721
29612 32661
33813 34210
34806 36122
36839 38624
39162 41804
42955 43133
43330 45509
45761 45852
46071 47723
48346 49539
Clostridium_sp_SS21_gi_224515038_ref_NZ_
1 378
2632 2767
3422 3536
4470 5966
7022 7567
8145 11388
12005 12124
13562 14242
14905 15011
17189 19714
21039 22964
23604 24052
24641 25653
26641 27536
28057 31368
32103 33306
34265 36505
37208 37275
37495 37813
38969 39377
40617 44062
45142 48632
49558 51544
52526 52934
53567 53697
54625 68430
69862 72103
73757 74163
75243 76217
77067 78025
79280 79803
80470 80630
81623 82241
82957 86173
86742 88513
89105 90447
Clostridium_sp_SS21_gi_224515042_ref_NZ_
1 4286
9501 9801
11163 11330
15492 16448
17410 17734
18304 18933
19654 20591
21567 23232
23402 23472
26924 27400
27960 28282
30001 30291
31379 31566
32723 33306
34592 40475
41865 42269
45387 47861
52186 52341
53542 54713
55136 55719
57161 57487
58447 58580
59408 74703
77917 78229
79680 79863
81582 81707
82271 82366
90166 92710
97130 97235
98979 102750
103075 107552
107645 117337
118539 121656
121775 126207
126816 126928
132451 135634
135980 136105
136831 136977
140084 140316
141862 149601
151183 151901
152420 153191
154638 155427
157323 157618
160692 161553
163176 163418
165020 165993
169371 169835
170944 173046
178041 189911
190281 190335
193263 194431
196940 198709
201987 203060
204862 204941
206108 206704
210889 211441
215608 216580
217208 219625
220523 220686
225383 225560
226556 226610
228222 229622
230750 231705
Clostridium_sp_SS21_gi_224515034_ref_NZ_
1 624
1890 2865
3435 3562
3994 4385
6082 9131
9722 10514
11315 11749
12320 12709
14198 14395
14665 15742
15953 16175
Clostridium_sp_SS21_gi_224515050_ref_NZ_
1 735
1823 1963
2768 5498
5897 6061
7655 9337
10869 11262
12120 13399
14032 14177
14536 15139
16374 17265
17928 20392
20477 25652
27690 27783
28173 28515
29155 29978
30993 31510
32480 32595
33381 33670
39775 41970
42273 42483
42707 45339
46149 47155
48028 48113
49686 51011
53763 53838
54567 54764
55357 56248
Clostridium_sp_SS21_gi_224515031_ref_NZ_
1414 1759
4211 4534
5558 5676
6440 7241
8764 11817
12023 13483
16567 19577
20942 21155
21708 21806
23168 23496
28874 28999
29435 29754
Clostridium_sp_SS21_gi_224515055_ref_NZ_
1 5215
6852 6977
7246 9618
10323 11514
12014 15183
15904 17549
18178 18601
19159 19438
20033 21222
21405 26845
27687 28137
28416 28577
29655 30427
30657 31774
32041 35038
35744 35818
36785 84600
85197 96378
97054 97794
97908 98154
98287 98881
99419 99626
100127 100676
101479 102675
103189 104792
105759 106024
106878 106940
107696 108132
109087 109281
110536 110676
112113 114912
116240 118031
118718 120140
121094 122817
123636 123911
124733 126909
128175 128271
128814 129185
129657 131215
132522 133924
136170 138375
139561 148071
149285 149376
149588 152039
152759 153953
155040 156642
157213 161704
162461 166309
166912 167895
168024 168479
168723 168843
169489 170582
171484 180427
181425 181532
182167 182579
184346 185223
186100 187859
188368 188703
190676 191297
192054 194182
194898 195024
195717 197980
198643 207855
Clostridium_sp_SS21_gi_224515030_ref_NZ_
1 2732
5372 5754
6875 7190
9543 9653
11164 13111
14377 17690
19526 21546
22658 22755
24633 24972
26334 27977
28078 28321
29860 30297
31939 32500
33615 34231
35315 35775
36054 36148
36609 37953
39310 39394
41081 42188
43001 43136
46960 47102
48225 48370
49617 51818
52894 53340
53853 54259
55634 57280
58462 58599
59629 59686
60667 60764
61042 63458
64899 65036
65572 65747
66313 66572
67478 70268
71242 71517
71783 72147
72795 75026
77259 77675
80788 82777
83054 83146
83931 85457
85972 86971
88729 89071
90139 90197
90954 91150
92468 92844
93092 93191
93478 93566
94560 96136
96857 97028
97844 98562
99376 100166
Clostridium_sp_SS21_gi_224515041_ref_NZ_
1 2066
Clostridium_sp_SS21_gi_224515033_ref_NZ_
1 1910
3661 3975
6362 6781
7499 8429
9182 11538
11828 11949
12210 12491
12789 13058
14471 15291
16229 16646
17219 18340
19343 19514
19974 20186
Clostridium_sp_SS21_gi_224515039_ref_NZ_
1 145
2207 2324
Clostridium_sp_SS21_gi_224515029_ref_NZ_
1 2498
Clostridium_sp_SS21_gi_224515021_ref_NZ_
1 1570
Clostridium_sp_SS21_gi_224515043_ref_NZ_
1 5055
Clostridium_sp_SS21_gi_224515040_ref_NZ_
1 128
1780 2113
2654 5166
6120 6290
8970 9118
9334 10619
14062 15560
15972 16054
17491 17802
18723 18854
18958 20054
21274 21518
22956 23251
24945 26245
28070 28512
29037 31754
34749 35359
36486 36845
37723 39080
39755 39873
41071 41185
41979 42123
43624 44582
Clostridium_sp_SS21_gi_224515054_ref_NZ_
1 322
2486 3060
4396 6837
8359 8760
9269 37864
39210 39280
40457 41630
42956 43833
44694 46326
47880 67095
67770 67950
68424 68669
70756 71248
73830 74022
74767 76056
76704 76985
78221 79443
80758 81751
82439 83693
84085 84897
85631 86168
87381 89385
89828 102032
103090 103353
104242 104616
105268 105516
106820 108302
110986 112918
113718 113953
114104 115422
116270 116428
118781 120703
121231 121873
123525 123828
124724 130157
131282 132075
132458 132657
134759 134983
137390 137684
139026 140427
141061 141404
144053 146228
146970 148707
149897 154888
156296 156592
158612 158899
162605 163036
163889 164003
164221 164307
164743 164912
165363 165641
Clostridium_sp_SS21_gi_224515048_ref_NZ_
1 6399
7186 11013
11646 12613
13339 15625
16229 16370
16512 19584
20158 20761
21764 21924
22294 22906
23585 24823
25893 26164
28592 29932
30682 33033
34287 34848
35381 43480
43838 44112
45653 48653
49075 49482
50958 51260
51762 53197
54280 54737
55550 57014
57614 58126
58613 58974
60004 61067
61632 71057
71852 74641
75154 75521
78753 79017
81422 85095
85874 87605
87809 103861
104532 107617
108125 108427
109891 110082
110317 110478
110722 113186
113692 115999
116646 116925
117435 119949
120451 120940
121582 124825
125343 127993
128568 135660
136528 140330
Clostridium_sp_SS21_gi_224515025_ref_NZ_
1 2774
Clostridium_sp_SS21_gi_224515045_ref_NZ_
1322 1443
2841 5297
5867 5983
6936 7727
8666 8934
9588 10526
10885 13187
14228 14606
16176 17220
17754 18388
19167 20111
20413 20519
22476 22861
23410 23948
25436 26483
28495 30326
32033 32786
32978 33635
35494 35883
36555 37797
39158 39420
40478 40680
43350 43896
44755 44934
45127 51170
52446 54131
54399 57877
58795 58915
59889 60844
62503 62603
62860 63123
63913 64178
65424 66091
68898 69551
70267 70700
71737 73892
74650 75598
76247 76439
76538 76797
77443 77543
78520 78621
Clostridium_sp_SS21_gi_224515053_ref_NZ_
1889 2009
7501 7591
8276 8592
9802 10482
11543 15278
15834 30577
32038 33258
33844 33968
34420 34549
35687 36049
36203 40310
41327 58100
59396 59537
60439 60799
63209 63706
64508 66453
67173 69177
70882 73500
75085 75223
75761 77080
80266 80332
81202 85102
87478 87833
90468 94735
95568 97087
98688 100428
Clostridium_sp_SS21_gi_224515019_ref_NZ_
1 1747
Clostridium_sp_SS21_gi_224515047_ref_NZ_
1 513
1615 2490
2754 2894
4081 5841
6237 11057
15356 15457
16678 17268
18069 18352
19947 20263
21291 24862
25855 25909
26494 26756
27360 29468
31099 31386
32504 33642
34967 36633
37142 41262
42186 45167
46709 47114
48459 49454
50431 52710
53596 55854
61244 62142
72418 95025
95929 100235
100584 116654
Clostridium_sp_SS21_gi_224515037_ref_NZ_
221 1424
2965 4121
6151 6291
6550 6846
7919 16602
17682 17836
18114 18495
18968 19183
19323 20450
21403 25649
27090 46458
47580 52981
54923 55159
55621 55797
56132 56252
58026 59275
60997 61108
63307 63963
64080 72503
72885 73087
75139 75324
76403 76546
78360 78601
79618 80320
81716 84936
85684 86775
87531 88814
90777 92227
92517 94884
95365 95924
96508 97225
97800 106096
106898 108706
109157 110555
111152 111324
112788 113087
114012 117025
118489 118984
120183 124936
125389 127122
127970 131463
131529 132122
Clostridium_sp_SS21_gi_224515051_ref_NZ_
1 288
7920 8237
10040 10105
10883 11090
11933 12628
13740 13824
17087 18634
19446 20398
20801 93742
96547 96784
99723 99924
101078 101786
103348 103504
106521 107447
108862 108992
109968 110023
111895 111980
113088 115600
116746 117135
121068 135795
136291 136532
137392 137839
141064 141228
142737 142874
143983 144167
144818 144884
148566 149366
151395 151576
152140 154260
155029 158071
Clostridium_sp_SS21_gi_224515044_ref_NZ_
1 318
1068 1288
1692 4117
5458 6023
6566 7871
8603 11319
13629 15119
15856 16959
17107 22024
Clostridium_sp_SS21_gi_224515052_ref_NZ_
1 7294
Clostridium_sp_SS21_gi_224515046_ref_NZ_
1 381
1180 5265
5947 8295
9157 11962
13036 13994
14206 14369
14610 14747
16529 17625
18256 18647
18829 18938
19856 20157
21616 21839
22973 24533
26783 30035
30498 32122
34421 34886
36026 36137
39899 41273
41666 44935
45230 45380
46270 46471
47477 47768
48066 48174
48922 49316
49564 49648
51442 51834
52355 53493
53997 55093
55677 56884
58354 58731
