Actinomyces_odontolyticus_gi_298103479_ref_NZ_
1 98
1838 2730
3537 4814
5325 26716
27715 27881
28439 32065
32310 36384
36879 40284
40385 41758
47071 47346
47850 47999
48675 58043
60647 61059
63166 69763
70988 78118
84103 85422
89362 91130
93012 93292
93695 98403
98472 100893
101794 111068
111654 111773
113088 114788
116051 117282
118712 125095
125865 126490
127742 131109
131297 131960
132526 132637
133522 135039
136402 136964
137709 139220
139450 182671
184106 192838
193491 194016
194836 201495
202795 212558
212695 213466
214203 214289
214510 222730
223160 234077
234591 237198
239375 245079
249666 254774
255335 256653
257292 263971
265766 270637
271470 283937
284018 297910
300353 301019
302001 302113
302948 303011
306660 307883
311640 311845
313397 313532
314288 317068
317567 329159
330328 351664
351895 357282
357829 359589
360332 360542
361681 371257
372684 373153
373307 374852
375354 395845
396426 397942
399123 427832
429227 429377
430049 433411
434606 438487
439252 439908
443624 445086
445953 446096
449069 450611
451174 457398
458375 458474
462435 463975
465841 492743
493467 493548
496397 503366
504201 510729
511421 514550
515599 517795
518944 519161
520289 520599
524546 531964
532464 533813
534360 534952
536695 543577
544264 544661
544770 556481
557992 573768
574892 575359
575945 579057
579928 580327
583135 588655
591388 599335
600049 601827
601917 606096
608658 627161
627972 644459
644969 645456
646786 647235
648325 660059
661595 662650
664113 664186
665097 669756
669836 675150
678791 691984
694069 694533
695815 696851
697879 707836
707975 717602
719411 729909
730679 737092
739326 755471
756397 757417
759056 762898
763646 767098
768274 779169
786329 788733
789104 793409
794643 794753
796469 796603
797633 801765
802554 811346
811549 812475
815939 816222
817119 820276
821857 823125
823952 824581
825190 825291
826518 826631
826791 827486
828823 831105
832246 832882
834049 835087
836273 836503
838598 838944
843041 843136
843741 844911
845784 867027
867727 875857
875957 876662
882491 882742
889212 898868
900715 912758
914202 916807
918501 922875
923800 923948
924520 931600
932781 942617
943682 947546
950738 962246
964227 991284
994757 996348
996524 997484
997964 1017665
1018554 1022396
1023063 1028515
1030149 1031744
1032167 1033229
1033971 1037843
1042917 1046257
1046843 1046915
1047512 1047564
1049378 1063235
1065343 1066999
1067862 1069771
1070489 1082160
1082406 1086477
1087013 1087428
1088907 1088969
1091421 1094254
1095187 1095368
1095683 1095818
1096054 1096374
1097405 1097548
1100332 1105871
1111223 1112139
1112914 1119688
1119811 1120012
1120183 1125648
1132172 1132433
1133141 1144324
1144832 1151792
1153059 1155490
1156941 1160424
1164338 1168280
1169963 1175039
1175167 1176646
1176791 1180357
1180876 1181013
1181414 1183590
1184951 1185578
1186321 1186407
1186640 1188485
1189604 1191462
Actinomyces_odontolyticus_gi_298103483_ref_NZ_
1 893
Actinomyces_odontolyticus_gi_298103482_ref_NZ_
1 2555
3007 3908
4618 14635
14795 17558
18070 20182
21179 23719
25030 25128
25687 26282
27287 31246
32014 35028
37091 38194
38644 39494
39593 40529
42235 42808
42908 45367
45831 53260
55016 55530
62217 62316
62671 62997
63383 64386
64891 65173
66477 68162
69978 82069
82736 83202
83706 85317
87739 88347
88845 99037
101538 103093
104576 111427
112486 113427
113528 114188
116475 120702
121779 122603
123344 127860
128635 134719
135818 142239
142335 143489
145076 153182
153445 155690
155800 159413
162306 166097
166549 170990
171254 172311
172390 175562
175666 199358
202490 203175
203372 203720
205799 207862
209127 218039
218120 218564
218699 218841
218968 219233
219716 220458
221402 222431
222777 222947
225489 229561
230579 234077
234573 248009
248534 249676
250748 251218
Actinomyces_odontolyticus_gi_298103484_ref_NZ_
1 575
Actinomyces_odontolyticus_gi_298103481_ref_NZ_
1 2897
3610 5958
8223 8958
9316 20017
21541 22093
28816 33007
42579 42968
43543 44730
51890 53889
54570 82775
84070 84907
90242 95143
95722 104769
123801 124161
124582 126507
127853 134591
134669 139915
141136 144878
148854 154653
156221 160044
161969 162180
163112 167643
168290 170687
171355 178847
179517 180463
181481 185350
186673 204111
205484 205552
208214 213054
213154 213413
213611 235529
240881 246959
248894 267943
269866 273229
274859 279973
280661 281214
282025 294362
294960 315860
316384 317684
319220 319463
321473 327046
328146 360686
363548 378815
379411 379466
382521 383021
383555 384721
390644 390743
391741 421551
422624 439152
439762 453658
Actinomyces_odontolyticus_gi_298103480_ref_NZ_
1 20038
21188 21523
25212 38220
39674 41359
42285 65345
66202 70250
70385 71543
72693 78814
79101 103509
104129 104426
104572 108538
109291 152061
159068 162735
170477 192314
195017 195966
196109 203951
205181 209893
211012 211268
212329 212842
215718 215940
217322 219050
219904 220013
220536 220890
223255 230913
231834 234668
235109 237550
243201 244680
245077 263505
266928 267277
270123 270185
271785 273623
274604 276362
276508 281896
282005 285457
285601 285763
286962 303303
305900 308976
310426 313275
315198 332127
335732 335831
337836 341119
342112 344156
346490 352657
357596 357695
358534 386596
388513 394930
395562 397812
397962 399005
400047 400220
400424 400473
400717 401151
402497 402812
403472 415903
416493 423202
423760 426192
439607 440262
442639 444504
446879 449369
452313 452522
457119 458187
459030 461454
462083 463203
463305 463754
464409 465414
465533 465919
466084 476600
476737 480533
481089 481185
482728 499129
499415 501270
502260 502529
502805 517094
518743 520595
522458 530509
530630 534189
