Actinomyces_odontolyticus_gi_298103479_ref_NZ_
1 766
4483 7357
8157 15540
16776 26977
29017 36384
36879 40284
40501 41758
47103 48619
49138 49863
50685 58194
58307 59800
63166 69763
71051 72118
72247 73910
75263 82782
84074 85566
93107 93292
93966 95969
96293 96638
97333 98706
99446 100741
101911 117282
118862 120009
120611 124251
127861 131109
131541 136981
138018 138261
139450 178667
181333 182671
183002 186435
186707 191914
192968 201491
202389 222830
223601 237198
239140 244982
249666 253434
254036 255333
255722 257539
259509 263967
267086 283935
284020 296980
301944 302107
302948 303011
304971 305451
306680 307510
316360 317068
317521 340790
341433 349790
350143 358616
359804 360257
361589 363045
364474 369260
369949 370076
371104 371210
372045 373158
373670 392722
393444 397833
398630 398810
400337 402895
404588 427832
428124 429340
429934 432893
434784 436762
437298 442655
443721 445234
445906 446096
449069 457179
458282 458542
462314 477079
484252 487643
490994 492605
496319 499717
500926 503366
503651 510282
511364 511768
512571 514550
515599 519490
519994 521038
522011 522235
523139 530799
531480 535352
537385 556481
557992 573155
574446 574711
575480 588465
592807 596572
598900 601749
601917 605960
606280 606460
607294 647801
648325 663385
664814 666611
669930 672220
672913 674960
676425 691984
694069 694533
695815 696074
697914 707836
708071 718097
719781 729706
730579 737934
739054 741928
742831 752883
756111 756255
756400 762379
767330 767609
768531 773263
773691 777900
786463 788726
789104 793905
795543 811335
811549 813109
814654 814720
815839 816370
817449 820943
821453 822663
824032 825855
826518 826631
826902 828081
828805 833341
834006 839126
840654 871557
874930 875857
876514 877036
878177 878611
882354 882742
885859 892031
893559 900843
901633 916910
917438 922965
923846 934360
935583 942913
943747 944602
945358 947546
950841 962252
963157 963308
963944 964064
965754 991273
992530 994300
995049 1010128
1010670 1022042
1022924 1028518
1030212 1031744
1032101 1033061
1033798 1038379
1039995 1049288
1050481 1051217
1052256 1059010
1059560 1074581
1082406 1082518
1095853 1095911
1103953 1105871
1106179 1106656
1115544 1120015
1120183 1125648
1127381 1127774
1129520 1129837
1132287 1132433
1132958 1133041
1133667 1136876
1137761 1144366
1145549 1151461
1152425 1153962
1156418 1160128
1165148 1172306
1173852 1175044
1175167 1183590
1184951 1185295
1186640 1189412
1189970 1191462
Actinomyces_odontolyticus_gi_298103483_ref_NZ_
1 893
Actinomyces_odontolyticus_gi_298103482_ref_NZ_
1 1375
1868 20185
21179 23719
24678 24930
27429 31761
32014 35028
38082 38194
38348 39494
39593 39800
43015 52358
62177 62325
63383 63984
64554 64849
66637 69221
69961 82069
82320 82835
83861 96992
97087 99037
101367 103093
104576 114048
116475 128127
128614 134719
136036 142251
142322 142830
143104 143347
145076 148433
149826 161159
162549 164768
165495 166096
166549 166930
167202 172545
174377 175497
175664 195089
205799 207986
208635 212560
214054 218564
219716 220458
220528 222947
225078 227995
229274 229676
230662 231193
233433 248009
248325 251218
Actinomyces_odontolyticus_gi_298103484_ref_NZ_
1 575
Actinomyces_odontolyticus_gi_298103481_ref_NZ_
1 3941
9316 20017
21670 22105
24083 25973
29719 33900
38726 39822
40964 45401
46379 53793
54846 61887
63295 69885
77338 83049
83756 84043
85855 86522
92200 104890
124047 125228
127312 127431
128029 128391
130234 132664
134820 147665
148456 153837
154675 155328
156221 159830
162260 170687
171238 178119
178370 178847
179517 181537
182349 191864
192701 192767
193830 195971
197216 199117
200209 203547
204631 205526
208086 211620
212232 213054
213611 235641
240766 241893
242676 248479
249715 253828
254871 263386
266289 268106
269555 279990
280470 288905
291176 298764
299845 312751
313763 319018
321156 321315
322480 325761
328346 330599
331077 333075
333599 343753
344974 347057
353651 362069
363591 365873
367036 370252
371259 374099
375146 381211
382025 382778
383553 384843
387293 387629
390506 390758
391571 453658
Actinomyces_odontolyticus_gi_298103480_ref_NZ_
1 1198
1973 10952
11673 21082
26072 28864
29068 41147
42285 55348
55775 71543
72693 90739
91353 92777
95765 103565
104572 146001
146597 156240
159068 163098
163605 164358
165653 165990
167686 168596
170477 190156
190426 191286
191968 192459
195017 203809
205180 209772
215761 219050
224365 226923
227048 228854
235355 236639
237451 238161
239502 239829
243201 243300
244168 244680
245077 263283
266153 269969
271951 273391
274604 281896
282020 303303
306263 313275
315070 332248
332561 332928
335731 335922
337862 341090
342112 344187
346344 352657
356421 356470
357596 371147
375076 384975
386768 386864
387376 399060
400717 415884
416164 416347
418570 426218
429182 429451
433017 433122
444321 444504
447653 448570
449826 450984
451844 452702
457147 458126
459525 463754
465292 465366
465533 480903
481431 485686
486243 499090
499444 517035
518826 520595
521543 530522
530958 534189
