Actinomyces_odontolyticus_gi_298103479_ref_NZ_
1 5350
5585 12318
12646 15123
15799 26977
27260 28497
28629 39879
40243 48270
48431 50321
50828 51872
52098 58043
58617 58729
59185 60180
60460 61349
61471 61766
61911 62036
63166 70067
70381 74372
74747 75884
76043 76545
76726 78778
79028 79171
79556 82974
83702 86670
87777 91306
91551 92324
92965 93292
93392 111298
111699 118497
118664 118919
119518 124993
125184 125407
125871 126350
126933 131291
131538 132152
132346 132469
132654 137029
137944 139310
139450 145911
146175 157983
158333 161269
161398 173058
173315 183370
183562 183655
183854 185398
185814 186423
186546 191926
192574 192928
193454 193603
193936 194608
194760 203378
203828 213893
214156 214319
214447 215735
215854 222955
223110 223565
223776 238334
238919 246691
248022 249175
249666 253484
254023 255520
255673 255784
255972 257308
257765 258103
258279 269505
270084 296919
297152 301436
302051 302286
302948 304369
305035 308280
309051 310737
311186 311610
312563 312635
313429 313759
314162 317398
317655 320711
321527 360322
360438 361073
361415 361629
361998 371052
371256 371356
372045 374101
374234 396116
396412 397622
397873 397990
398517 399109
399624 402928
404588 411163
412637 427832
428002 430772
430975 433309
433437 438601
439056 441361
441887 442352
442877 443521
443665 446362
449069 458884
459147 491203
491990 493084
493721 499757
500126 503594
504105 508121
508653 510638
510760 511818
512571 514550
515599 518469
518945 519952
520186 521085
521282 522257
523323 531680
531874 533480
533630 534108
534471 537063
537188 537342
537733 556481
557992 573741
573869 575393
575532 577842
578135 578271
578645 589269
592714 599335
599999 601775
602056 607375
607766 627230
627925 628383
628757 633161
633329 638966
639152 639424
639706 641310
641500 644498
644949 647887
648448 651968
652886 663631
664065 664484
665049 667366
667536 667696
667892 677564
677767 684524
684596 685706
686198 686625
686769 691997
694069 694533
695761 696974
697150 722794
722954 730030
730631 737557
738342 738466
739326 753189
753838 754590
756265 757417
758957 762714
762938 776523
777664 783006
784340 787720
787925 794193
794454 795261
795598 813147
813358 815325
815608 817899
818149 820324
820608 821203
821493 823217
823587 825383
825617 826173
826351 826631
826743 827534
827944 828132
828775 830822
831482 833704
833900 837816
837932 838134
838822 838956
839519 840783
840888 841283
841909 842290
842700 845022
845696 849697
849981 850053
850225 856098
856180 865133
865516 867107
867676 877309
878193 889352
889611 900191
900667 923384
923752 928477
928667 928872
929178 932168
932601 943278
943634 943980
945307 945449
945519 948904
949889 949965
950498 968923
969105 972250
972411 991155
991336 992478
992915 997942
998226 1010128
1010559 1016528
1016860 1017735
1018237 1021571
1022492 1028781
1028918 1029427
1030100 1031032
1031369 1031660
1031768 1033277
1033962 1035943
1036108 1037288
1037803 1045621
1045809 1047897
1048063 1049509
1049669 1058958
1059324 1060275
1060569 1063816
1064571 1064936
1065348 1069819
1070089 1079111
1079430 1081068
1081190 1081390
1081863 1081949
1082063 1085996
1086181 1088232
1088748 1091214
1091356 1092036
1092728 1093180
1093368 1099448
1099905 1100280
1100482 1106656
1106860 1109616
1110250 1112187
1112447 1125119
1125231 1136652
1136836 1137088
1138212 1144597
1144749 1145051
1145255 1151683
1151793 1154366
1154691 1154758
1154979 1156105
1156530 1156953
1157312 1160179
1160349 1160492
1161069 1162353
1162586 1163810
1164043 1164337
1165123 1168143
1168300 1169117
1169638 1173018
1173523 1180824
1181176 1181888
1182160 1185728
1186231 1190802
1191018 1191462
Actinomyces_odontolyticus_gi_298103483_ref_NZ_
1 893
Actinomyces_odontolyticus_gi_298103482_ref_NZ_
1 282
410 4325
4513 14666
14734 16391
16612 17743
18059 20848
21179 25238
25477 25691
26040 26186
27287 28177
28386 30433
30707 31385
31584 31890
31997 37165
38082 39494
39593 40306
40646 41543
41891 44140
44225 45403
45912 46384
46999 52877
53081 54084
54328 54757
54954 61355
61579 65105
66333 68609
68988 69140
69492 69597
69919 82069
82423 83837
84084 84184
84360 86203
86589 87307
88275 88355
88613 95676
95818 100887
101417 103093
104349 114327
114442 125313
125497 125847
125954 127554
127751 133569
133678 135064
135617 136887
137236 139051
139199 140008
140157 143551
145076 148475
149846 152537
152809 153192
153338 160060
160608 160682
161247 166096
166549 172798
173949 180584
181169 196278
200456 200567
201842 203966
204473 205027
205799 206325
206476 207862
208826 213383
213890 214349
214509 221350
221634 222947
223644 228145
229226 231535
231735 231988
232307 234229
234323 234427
234704 235647
235767 251218
Actinomyces_odontolyticus_gi_298103484_ref_NZ_
1 575
Actinomyces_odontolyticus_gi_298103481_ref_NZ_
1 3752
3828 5933
6076 8078
8549 21396
21592 22418
22765 28325
28582 29030
29227 31249
31646 31797
32067 33055
33367 36306
36730 53837
54061 82823
83749 84955
85771 89149
89381 90172
90417 93824
94410 95206
95490 113213
113407 124310
124476 127552
127953 132657
133217 145956
146242 154937
155212 157644
158488 158663
158910 161449
161616 163681
164239 166481
166586 170443
170736 170866
171256 171393
171634 173756
174003 178847
179861 181462
181643 204789
205399 206395
206810 210000
210704 211604
212322 226646
226812 227129
227254 240207
240715 246003
246259 248276
248794 273559
275253 280073
280686 281266
281547 291050
291421 294196
294414 299040
299330 311981
312422 314917
315200 315432
315663 316502
316768 318351
318467 319177
319371 321437
321731 322576
322776 324660
324842 325847
326089 326393
326617 328666
328948 333195
333545 334267
334562 345189
346592 372615
372784 373978
374151 374248
374535 377591
378034 378204
378361 380332
380569 383132
383418 384721
386283 386407
387294 388633
390381 390760
391571 439430
439701 453658
Actinomyces_odontolyticus_gi_298103480_ref_NZ_
1 471
739 2794
3183 8035
11411 21910
23068 23212
23485 28915
29068 39146
39415 39547
39626 41459
41649 55514
55775 65345
65950 71543
72523 72932
73101 77680
77862 78862
79034 103607
104121 108938
109086 109427
109650 110546
110730 130160
130493 137070
137598 138563
139278 140289
140842 141618
141927 147436
147590 169953
170477 189514
189727 195875
196061 203809
205180 209973
210346 211605
211836 212890
213265 216492
217326 217645
217800 219060
219343 220229
220390 224094
224243 226799
226915 229058
230192 231407
231764 234668
235061 237608
237925 238064
239491 239869
243201 243400
243753 264774
265325 266666
267855 270023
270670 270799
271158 273183
273556 281449
281615 281896
282011 285988
286412 286522
286707 305610
305763 308563
308735 315217
315475 315905
316167 328316
328499 329602
329767 330251
330432 333808
334827 335038
335732 341090
341919 344189
346339 356479
357563 371168
375021 402289
402449 402876
403090 422882
423758 426824
427531 428229
429129 431933
432842 433125
438152 438221
439557 440885
441499 443082
443381 444438
444646 445298
445941 446881
447061 450422
450566 451666
451790 453606
454176 456568
456764 458603
458934 464468
464695 464810
464928 466256
466838 501038
501832 502353
502570 515802
516686 517592
518063 518219
518644 520595
521543 534189
