Actinomyces_odontolyticus_gi_298103479_ref_NZ_
1 206
2245 2316
7181 26715
28779 36384
36879 39401
40396 42593
46847 47325
48065 58906
63166 70278
71001 82870
83404 84219
90087 91505
93135 93292
93409 96822
97776 98706
100266 100588
102197 111068
111620 118612
119145 125801
126761 136960
137740 139114
139450 178400
181346 182671
184106 192191
193142 214104
214854 237198
238291 246826
249199 255975
257055 258042
259487 260494
261044 264230
265021 271187
271688 283937
284017 301428
301958 302270
302948 303709
306239 306893
309614 310073
314288 317068
317655 318780
319577 321092
321608 339677
341846 351457
351895 356703
357341 360586
363066 374604
375354 395475
396117 397316
397857 398952
400298 427842
431583 432894
434390 437259
437933 439202
445750 446096
449069 450511
451130 457404
458375 458552
460851 461091
462593 463912
465550 492500
494382 503605
504562 508070
508656 514550
515599 517829
521451 522253
523291 531857
532547 556481
557992 573155
576046 577260
579174 580424
581780 582110
583135 589150
589956 590140
593349 606065
608442 627161
628585 635773
636558 637438
639622 643262
648347 661959
662683 663698
664622 669756
669836 671919
672499 674742
678798 685662
686253 686375
686769 691984
694069 694533
695815 696851
698419 721037
721830 729974
731323 741483
743609 752253
756400 757419
759012 762128
763066 768174
768864 776690
777664 781537
782129 782371
785071 787101
787382 793551
794655 795183
796230 811334
811549 813182
813792 825291
826428 831124
834988 836182
836833 838912
839519 840128
841286 841644
842708 852824
853332 855478
855748 875855
876076 876578
878044 878591
880151 882742
885703 888670
889588 898976
900228 913306
914158 915996
916548 916793
919074 923598
924520 946105
946896 947546
949585 980665
981064 991056
992640 993296
994131 997484
998565 1004831
1005826 1010604
1011129 1021065
1023249 1029419
1029962 1030963
1033329 1035526
1036503 1039378
1040239 1046333
1047775 1047982
1052378 1076165
1077029 1079264
1082361 1085841
1094502 1094760
1095683 1095819
1098262 1101349
1103953 1105871
1108371 1108571
1113678 1119730
1119811 1120012
1120183 1122969
1124235 1130110
1132415 1144159
1145549 1155636
1156195 1161835
1163170 1169062
1170677 1172454
1173549 1180080
1181894 1185295
1186485 1188529
1190529 1191462
Actinomyces_odontolyticus_gi_298103483_ref_NZ_
1 893
Actinomyces_odontolyticus_gi_298103482_ref_NZ_
1 2561
3007 15470
15996 17512
18313 20254
21179 23758
24678 24768
27335 35028
38676 39494
39593 39886
40756 42047
42908 50073
50460 52497
53504 55677
60655 62316
63051 63217
63383 63894
64497 65525
66204 69136
69978 86671
88290 96992
97087 98125
98606 98935
100939 101908
102064 103093
104417 114231
115602 116170
116475 135541
136205 139928
140692 142251
142329 142825
145076 155698
155777 159810
160612 161258
162294 166097
166549 170585
171090 172534
173639 173897
174603 175576
175666 195091
203055 203642
205799 205997
206100 206325
206761 218623
218968 220458
221316 222947
225755 231180
233353 234167
234796 251218
Actinomyces_odontolyticus_gi_298103484_ref_NZ_
1 575
Actinomyces_odontolyticus_gi_298103481_ref_NZ_
1 5266
5809 6112
7475 8949
9316 20017
20709 22092
22769 23373
23958 26342
28005 28260
29337 36826
37382 37523
39346 39579
41806 42002
43541 53793
54870 80015
83972 86498
87597 87846
91075 93773
96005 104943
123790 139816
141730 147799
148678 155211
155780 159918
161783 162033
162886 167413
168025 178119
178260 181396
182035 195912
196494 204183
205157 206204
207551 211620
212123 213132
213204 213397
213611 226760
227443 235965
236645 237068
240132 246343
247038 249028
249598 268208
270181 281344
283524 290666
291319 311768
312709 314946
316854 317493
318661 319639
320246 325272
326613 326976
329345 330933
331556 333493
334564 347427
347993 360679
361407 362076
363635 374534
375448 379239
380653 381041
381715 384721
387298 387404
390640 390743
391704 439113
439658 453658
Actinomyces_odontolyticus_gi_298103480_ref_NZ_
1 337
470 7286
11086 20055
29068 41375
42285 55588
55775 65232
65976 71543
72359 77495
78914 93265
94147 104069
104572 111554
111695 115317
115825 138426
139372 141888
142396 152061
159068 162735
170477 192459
195017 201787
202623 203809
205180 209624
210256 211298
211997 212230
212942 215463
217730 219049
224659 226637
227048 232935
235355 238381
239750 239817
243201 243300
243917 263283
267829 269969
271785 273591
275263 285517
285601 308341
310245 312858
313720 313956
315220 329112
330919 332975
335732 335831
337894 339034
339315 341090
342112 344156
346344 352657
357596 357695
358534 363189
367417 386596
387246 395351
395882 399179
400707 402927
403467 415884
416909 417666
418603 422394
423760 425818
447142 449629
454451 455487
457096 458934
459525 461349
462083 463754
465249 465456
465533 488005
489086 501093
501900 516669
517194 518063
518887 520595
521605 524815
525619 534189
