Streptococcus_parasanguinis_ATCC_15912_gi_337281488_ref_NC_
1055 2575
3111 3380
4554 6230
6862 9659
9730 10388
16024 16321
16920 18202
18815 19846
21077 21140
23579 23787
24211 25009
25761 28949
30802 31985
35320 35514
36482 37560
40661 41792
42141 42389
43819 44291
44424 44791
46604 46921
49929 50494
51754 52827
53614 54703
55632 56048
58628 60040
60756 63165
63945 67217
68767 71101
72091 72658
74103 74562
75549 75656
76348 76709
77038 77342
78216 79929
80553 81128
81632 81878
82446 84375
84698 85433
86886 87966
88524 90066
91622 92804
93363 93951
94616 95459
96384 97136
97328 98640
100484 103370
103465 103853
104634 117468
118514 120784
121294 125370
126477 126760
127001 129231
129844 130314
131750 131994
133969 134231
135464 143223
143793 143915
144510 146488
147153 147380
147932 148297
148505 150051
151096 151405
151975 153276
154768 155023
155575 155780
157079 157924
158666 158918
159570 160953
162868 163445
165061 165675
167406 168361
169810 172470
175169 176996
177544 177787
180738 181337
182290 183018
183820 184903
185531 185988
188419 193211
194700 194891
196534 196813
197448 198500
201089 202253
202897 203556
205133 205503
206872 207092
207475 212355
212904 213028
213423 215664
216843 219399
220690 220825
225710 227755
229580 230662
231664 236872
237836 238893
239956 240982
241593 243223
243759 245253
246071 246652
249556 253333
255804 256905
257441 258293
258865 259075
259819 260367
261630 262079
267127 271719
271825 274295
274638 275240
275443 275764
276896 278324
279172 279309
280010 280282
280968 281288
285958 286079
288956 289292
290568 291353
292820 295131
296076 296335
297503 298503
299367 303346
307019 307178
307840 310409
310851 316883
317597 320470
321636 321718
324099 324276
324819 326018
326742 328212
333463 333635
335647 336136
337176 337394
338673 341384
342018 342671
343240 345000
345596 347053
347985 348840
358281 358913
359081 359324
360155 360222
360785 360911
361414 361481
362668 364246
364631 365034
365434 365511
365898 366441
367224 367950
368920 369332
369858 370011
370797 371330
372965 373885
374484 377336
377829 381315
381800 383322
383650 385742
386176 390023
390145 390321
392915 394706
395187 395287
395548 396257
396405 396630
397488 398853
398958 408754
409266 409811
410919 413590
414327 414617
414732 418378
418792 418966
421840 422431
423954 425597
426411 426687
426874 427947
428057 428410
429483 429868
432124 433871
434012 440810
443848 444044
444175 444405
445816 447898
448889 449056
449637 449815
450124 451441
454160 454847
457357 459425
460721 461017
461839 461896
462440 462760
463379 463816
464923 465723
465975 466175
471079 471207
473287 474922
475981 476353
477531 478032
479223 480768
482001 482120
483513 484729
485459 488610
488750 489087
489864 491127
495694 496828
498425 498709
499605 501751
502710 502788
503315 505317
506262 507578
508344 508967
509825 510975
511718 511815
515135 517224
517393 519163
521330 522725
523668 525469
525958 528093
528461 530836
532050 534287
535116 535217
535962 537009
538528 547712
548471 548710
549862 550423
552262 554708
555285 573729
574014 577788
577947 578722
579550 594000
594278 594524
595028 595287
595833 595934
596695 597460
598588 604024
605059 605263
606914 607317
607436 607681
609503 610636
611247 611691
612191 612359
613152 613288
613960 616473
616759 616969
617133 618242
618390 623304
625810 626389
627297 628043
630082 630267
631704 631837
632709 634055
634148 640071
640636 641445
642634 644369
645421 645933
650806 654804
657172 657586
659258 660731
660914 661064
663889 664035
665529 666488
667895 668885
672457 674054
674628 674861
675583 676264
678173 679238
679851 679958
680088 680261
680416 680766
688086 688347
691519 692155
692275 695797
697617 697911
698846 703762
704537 706049
707270 707362
710483 710625
710706 710901
711581 711966
712540 712783
712945 713065
714842 715537
716352 716784
719379 719627
722174 722971
723126 724788
725447 725503
726463 726574
728087 728188
728721 729001
729589 729716
731931 732420
733614 735485
735603 737576
739644 742915
743444 743994
744574 745977
747025 748815
750412 750554
751016 751116
751739 754942
756397 756476
756665 756876
757353 759544
760789 760881
762031 762887
763629 763781
764761 764863
765981 769098
769642 769800
771578 774381
775185 776759
777167 779272
779777 779943
780149 781395
782075 782150
785587 788679
789230 789535
790826 791105
791801 792832
793539 794621
795181 796262
796862 797930
799297 799982
800713 800771
801543 807401
809310 809587
810442 810499
811173 813352
814175 814252
814429 817224
818439 818754
820465 822603
822683 822740
823187 823375
823975 825083
826445 827240
829179 829934
830641 830946
831952 832182
832735 833263
833935 834286
835342 835866
837560 837923
838026 839090
841154 841510
841606 845922
846669 846747
848928 852247
852321 852773
853351 854831
857733 858142
860023 862100
862281 863785
864475 864904
865571 866222
866775 868681
869290 869637
870343 871150
873386 874368
874912 876598
877366 879287
879365 879963
880984 883306
886494 887331
888894 889490
889572 889828
890034 892163
894518 894647
895438 896536
897460 898627
904373 904545
905844 906386
909635 911507
912544 912794
913510 916649
918745 919576
920551 921087
922300 922518
923565 925050
926968 930734
930879 931065
932203 932307
933051 933763
934410 935537
936991 937179
938263 938632
939185 941101
944320 945449
946787 948586
951856 953950
954965 955154
956012 960373
961231 965956
966633 968258
969630 969723
971613 972303
972674 978658
979051 980019
980867 981693
983044 983242
983751 985110
985735 986551
987526 987654
989563 990168
991273 991473
994680 994940
995485 995783
996936 997656
998355 998529
999225 999767
1000764 1000929
1002785 1002901
1003105 1004147
1005841 1006266
1006837 1007834
1008228 1008569
1009872 1010834
1011378 1011512
1012513 1013362
1013922 1014540
1015202 1015784
1018659 1021233
1023377 1023787
1024957 1026696
1027279 1027358
1028171 1028349
1029048 1029136
1029349 1029641
1032330 1041152
1041245 1041990
1043013 1045164
1047300 1047493
1048458 1048586
1048724 1055426
1056720 1057031
1058831 1059030
1060267 1060656
1061650 1061908
1064870 1064928
1066477 1066611
1070169 1070393
1072354 1072957
1074202 1075941
1076083 1080008
1081193 1085803
1088143 1091054
1091420 1091857
1092264 1092931
1093459 1094500
1095351 1096316
1097397 1099203
1099760 1099869
1102789 1103620
1103804 1104821
1107437 1107989
1109859 1112564
1113745 1113984
1114100 1114304
1115769 1116189
1117586 1117897
1118969 1119333
1121674 1123046
1123366 1124511
1125020 1125402
1125559 1125612
1127609 1127873
1128818 1129168
1129748 1130075
1130601 1131672
1132553 1133028
1133439 1134001
1134586 1135666
1140384 1141134
1141723 1142066
1142682 1143283
1145199 1145436
1147344 1147530
1148044 1148606
1148982 1150640
1151484 1152172
1153411 1153530
1154859 1154918
1156445 1156804
1158436 1159729
1160316 1160967
1162470 1162749
1163520 1164335
1164925 1165707
1168404 1173551
1174009 1174253
1178014 1180989
1181820 1181872
1182468 1184086
1188371 1190437
1191214 1191629
1192840 1193197
1193928 1196056
1196903 1197294
1198344 1198486
1199363 1200678
1205501 1205650
1205752 1205847
1206571 1207852
1208681 1208914
1209440 1210366
1211349 1212030
1212355 1212621
1213158 1213809
1214429 1214715
1217740 1218140
1219867 1221771
1224226 1230702
1231651 1231787
1235205 1236000
1237845 1238746
1239617 1241622
1242317 1242491
1243068 1243489
1244067 1244568
1244677 1245948
1246493 1250932
1252741 1253109
1254551 1255194
1256105 1257010
1260460 1261886
1263702 1263928
1265857 1267360
1268817 1269257
1270792 1272521
1272924 1274228
1275045 1276076
1277324 1277754
1278295 1279609
1280280 1281025
1281990 1282693
1284373 1284967
1286228 1287352
1287912 1288117
1288551 1289599
1290768 1290907
1293715 1296179
1298592 1298716
1299450 1299569
1300692 1301253
1303789 1305104
1305416 1307803
1308179 1310406
1311421 1312249
1312436 1313205
1314445 1314886
1315043 1316201
1316370 1316968
1317535 1318030
1319914 1320169
1321539 1323453
1323976 1324289
1324855 1325030
1325583 1326501
1327273 1328689
1329728 1330238
1331754 1331843
1333579 1334157
1334555 1335130
1335948 1336158
1337909 1338685
1340036 1340345
1340959 1341066
1343279 1344128
1344809 1352813
1353062 1353252
1354549 1358440
1359924 1360017
1368035 1368268
1370009 1371257
1371840 1372688
1375196 1377515
1380519 1382431
1384081 1387839
1388153 1388943
1389518 1389600
1390396 1393410
1395163 1397411
1397626 1404636
1405716 1409960
1411567 1413091
1418976 1420073
1420750 1421154
1422169 1422996
1423197 1423788
1424320 1424681
1425224 1430398
1430901 1432686
1434864 1435035
1435804 1435897
1437929 1438117
1438886 1440662
1444596 1444746
1446078 1446230
1446770 1447132
1447722 1449502
1449650 1450029
1450733 1454086
1454279 1454336
1455400 1456567
1457272 1457409
1459970 1460556
1461865 1462675
1463660 1464405
1464561 1464746
1464840 1464937
1465807 1465930
1466149 1467997
1468659 1469023
1469803 1469891
1473999 1489739
1490545 1491150
1491736 1492090
1492733 1492962
1493500 1493632
1494670 1496112
1497501 1497734
1498248 1499841
1499965 1501236
1501709 1503290
1503948 1504069
1505170 1506590
1507257 1509818
1512483 1512707
1514251 1514466
1515123 1516034
1516780 1516986
1517617 1518936
1521288 1521448
1522952 1523928
1528715 1529355
1532098 1533863
1540344 1540406
1546110 1546263
1546908 1547041
1551266 1551399
1552289 1552553
1560756 1560807
1561273 1562027
1562141 1563295
1566229 1566912
1567945 1568957
1571115 1572239
1575198 1575530
1576237 1576447
1577592 1577852
1581149 1581260
1583957 1584542
1586282 1586443
1589570 1591202
1593276 1593834
1598427 1598857
1600978 1602529
1604573 1610953
1611027 1611169
1612611 1612799
1613510 1614149
1617786 1619890
1620700 1621540
1622088 1622336
1623155 1623462
1623974 1626592
1626698 1627675
1627881 1630557
1631537 1634197
1634315 1635590
1637183 1637983
1638528 1638849
1643121 1644941
1645207 1647007
1647333 1647546
1650286 1651604
1653662 1656548
1658274 1659244
1665822 1666012
1667530 1667662
1669295 1669445
1672982 1673445
1674089 1674500
1674905 1675544
1676045 1676603
1677095 1677232
1677460 1677553
1679340 1679464
1679728 1680307
1680750 1681369
1681576 1685241
1686046 1687409
1688177 1690498
1691182 1691277
1692846 1693254
1695409 1695704
1696435 1697195
1700903 1701473
1702588 1702674
1704476 1706483
1708679 1709573
1711148 1713154
1714173 1714852
1715404 1716490
1717431 1718150
1719411 1721066
1722398 1723474
1727836 1733000
1733067 1733427
1734300 1735512
1736124 1738439
1740652 1740785
1742831 1742883
1743055 1743256
1743832 1743927
1744600 1747321
1747908 1752225
1755346 1755723
1756245 1756316
1759726 1759938
1762429 1764678
1765043 1765784
1766434 1766927
1769263 1769896
1770992 1771939
1773878 1774491
1776176 1776557
1777354 1777588
1782708 1784487
1784907 1786006
1787776 1787873
1789232 1789531
1792976 1793917
1794594 1794657
1794755 1794821
1795681 1796006
1797303 1798760
1799574 1800235
1802714 1802874
1805569 1805624
1805947 1807078
1807565 1809540
1812480 1812754
1814600 1817526
1820521 1820796
1822101 1822729
1822813 1823186
1824095 1826123
1826707 1827039
1829072 1830615
1833860 1835653
1837414 1837635
1839818 1841217
1843841 1844950
1845825 1846336
1846452 1846795
1846936 1849484
1850009 1852992
1853730 1854184
1855253 1855411
1859109 1859223
1860092 1862287
1866232 1867247
1867748 1869125
1869748 1870401
1870998 1872238
1873313 1874057
1874778 1875036
1876006 1876237
1877058 1878737
1879771 1881161
1882201 1887858
1888230 1893951
1897848 1898269
1898795 1899168
1900135 1900280
1900816 1901484
1902480 1902562
1903882 1903992
1904233 1904440
1905044 1911144
1911214 1911886
1912631 1913901
1914479 1915180
1915721 1918128
1918600 1918926
1921000 1921458
1922083 1923340
1924321 1929143
1929352 1929664
1931106 1933193
1933746 1935877
1935987 1936699
1936889 1974175
1974685 1978969
1979421 1979606
1986751 1988257
1989159 1989693
1990490 1991011
1991832 1992596
1993991 1994219
1994354 1998443
1999286 2000513
2001973 2003218
2010478 2010849
2011953 2012075
2013756 2013912
2015084 2016073
2016245 2016331
2017944 2018096
2018383 2019183
2020376 2025237
2025971 2026081
2026306 2026658
2027223 2027645
2028879 2029726
2030502 2032791
2034911 2036977
2037990 2038602
2041061 2042940
2044103 2045504
2046338 2046710
2047648 2048026
2050535 2051148
2052442 2052543
2053572 2056124
2057792 2059474
2061228 2061282
2061982 2066946
2068685 2068875
2069926 2070187
2071002 2071567
2072644 2073771
2075569 2076843
2077762 2078010
2078556 2079177
2080045 2080245
2080823 2080972
2081750 2081843
2082475 2082585
2083350 2083745
2084455 2084988
2085721 2086202
2086977 2091000
2091705 2091938
2092584 2093055
2093532 2093648
2093824 2094100
2095494 2095639
2096373 2096533
2097307 2097600
2098139 2100485
2102042 2104193
2105079 2105142
2106597 2107145
2108392 2111217
2113107 2113759
2114900 2115150
2115802 2115874
2116533 2116639
2117157 2122336
2124416 2124513
2125560 2126269
2126915 2126974
2130148 2136035
2136136 2136285
2137940 2138606
2139170 2139770
2140681 2141035
2142116 2142590
2143276 2143669
2149204 2149468
2152654 2153652
