Streptococcus_parasanguinis_ATCC_15912_gi_337281488_ref_NC_
1 3616
4905 5213
6756 9095
10022 10208
10495 12055
13878 14072
16152 18202
18940 21140
23579 23787
25990 28986
29526 29898
30717 30983
32844 33998
34167 35076
36311 37586
38744 41799
45308 46512
48208 50416
51641 63084
64139 76729
84698 86135
86354 89359
91622 93662
94200 95469
97325 99944
100490 103370
103465 103676
104567 115436
115887 117486
119106 126605
126902 129648
130351 131572
133969 146642
148238 155051
155243 155706
156979 159437
159640 163000
164391 166214
167406 168056
168618 169296
170022 171080
171611 182928
183583 186282
187228 201401
202897 219230
225797 227638
229716 236872
238018 243223
249800 253266
254150 255728
255804 256507
257282 260368
261043 264774
266436 268782
268962 269060
269172 270559
271160 275240
286055 287901
289232 294447
295706 295976
299431 304032
306502 309757
310857 312983
314526 320448
322084 328041
340563 341384
346452 348871
358619 358886
359609 360222
360785 363148
364925 365403
365799 369332
369944 371576
372080 379258
380883 383322
383683 388733
388924 390026
390200 390468
391119 391949
392221 396257
399022 410571
410920 411164
411828 418378
418717 422879
424063 426687
427088 427522
430028 431600
432783 433870
434005 436609
437613 444075
444268 447540
448094 448147
450124 450962
457452 463635
463724 464920
464988 465715
466440 467229
468389 469201
473289 473458
475981 481850
482000 482120
482383 488888
490241 491064
491842 492330
492953 493653
495289 496579
497804 498445
504522 505400
507585 508914
509576 511664
512953 514309
515056 517224
517493 518529
521439 536333
538339 547640
548297 548882
549848 550420
552337 594000
595845 602417
604160 614920
615957 616423
618390 619531
630082 631076
631761 638318
640036 644346
649766 654804
656002 658134
659257 660739
664592 666563
675651 676530
680181 680261
680717 680938
681877 682130
683087 686759
688465 689516
692275 697020
697617 697911
698394 699023
699773 703618
704555 704841
710953 711756
712945 713571
714238 721323
721872 722971
723126 723647
725551 726994
733773 733834
735461 739410
739873 745905
746610 747805
750372 754864
756397 756476
756675 758334
759342 762930
764476 767302
767969 768969
769954 779762
780150 783663
784254 785576
786655 789535
791283 797482
799828 802447
802634 807595
808180 808871
810646 813272
814175 814252
814450 817781
818406 819973
820265 822546
830640 832057
835974 837927
838095 839996
841606 847482
848013 849171
849801 852247
853560 854095
855047 855354
855976 857370
862020 872383
877341 882819
884827 888490
888742 896535
897549 900150
900952 901703
903693 904668
921979 922938
923718 923880
924696 925217
925760 926874
927760 928019
929440 930161
930629 930734
933707 935048
940768 941621
942220 943415
945066 945217
948137 950983
951919 953833
956703 957642
961734 962063
971613 973789
974674 978658
979026 979909
980614 982168
982913 988619
989563 989672
989865 989968
997604 998464
999013 1001868
1012512 1013730
1013922 1014889
1019746 1021556
1022113 1023050
1023446 1024311
1029048 1029156
1029338 1041152
1041245 1042201
1042783 1046135
1046759 1047646
1048219 1055426
1060588 1060753
1061532 1061638
1069928 1071686
1074410 1076109
1076336 1084236
1084474 1092670
1093420 1094141
1094804 1095997
1096350 1099599
1101054 1102265
1105575 1107989
1108404 1112454
1114100 1114471
1117561 1125402
1125559 1125612
1128875 1132947
1133123 1135658
1143132 1143304
1149246 1149988
1156445 1160967
1168404 1173551
1173852 1174304
1178012 1185831
1186394 1188849
1189494 1190426
1192015 1192875
1200931 1203495
1205947 1206349
1211593 1212030
1217026 1231787
1235205 1237278
1238940 1242791
1244067 1244572
1244673 1246878
1249974 1251578
1256878 1257010
1259952 1260459
1267740 1267988
1275146 1276076
1276815 1279637
1279841 1281817
1284373 1284980
1293715 1295362
1305416 1307803
1315069 1316084
1319134 1319749
1321992 1322789
1326237 1330694
1332187 1335100
1335726 1340978
1341982 1342186
1342704 1353940
1354484 1355396
1356249 1356307
1356933 1357007
1357745 1358912
1359652 1360261
1360923 1361863
1362794 1367267
1368034 1373330
1373948 1384453
1384684 1387984
1388455 1389523
1390039 1401104
1401732 1405157
1405716 1413087
1414414 1415582
1416776 1423004
1423194 1423476
1424454 1424655
1426452 1430398
1430989 1432224
1434864 1435897
1437901 1440569
1449530 1450300
1451286 1458979
1460685 1464405
1464493 1464746
1464950 1465236
1465633 1467519
1470739 1471171
1471719 1471798
1472695 1501853
1507303 1509334
1511298 1515023
1517617 1517718
1519342 1519729
1521093 1521998
1527085 1530554
1531055 1531387
1532242 1533863
1540045 1541079
1545078 1547235
1561273 1564279
1565410 1575447
1580640 1581895
1582085 1584538
1602366 1602538
1603307 1604451
1604857 1610224
1610513 1610951
1612437 1615506
1615688 1629566
1631589 1635590
1645242 1645398
1645569 1649675
1650213 1655263
1658219 1658697
1659118 1660207
1664064 1667667
1668326 1670877
1672282 1672720
1674089 1677150
1677923 1679546
1680750 1685914
1687718 1688200
1688386 1689469
1702707 1706254
1706967 1709490
1711519 1712717
1715237 1716957
1717646 1723336
1725321 1727243
1727632 1732641
1732725 1735389
1736107 1738334
1742664 1754946
1760923 1761104
1762005 1762143
1762392 1769936
1770437 1770992
1771646 1774208
1775999 1776565
1777150 1778216
1778848 1780505
1781279 1783245
1784474 1785460
1792852 1793090
1802756 1804241
1807558 1807950
1812229 1812388
1815042 1820421
1821526 1823082
1825210 1826670
1828514 1830743
1830909 1831077
1831897 1837754
1838324 1840149
1843688 1852959
1855253 1855358
1864742 1864825
1865914 1882983
1883819 1884855
1888002 1893951
1898504 1899168
1903981 1905556
1906634 1907450
1908028 1911320
1911740 1911884
1912631 1913901
1914346 1918371
1918606 1923185
1926351 1926979
1927388 1929940
1931198 1933601
1935024 1935751
1936867 1938731
1939235 1939440
1940032 1961786
1962795 1978969
1986751 1987030
1987300 1989203
1989387 1990883
1992003 1993105
1994215 2003358
2016245 2016930
2017944 2020426
2020934 2022880
2023657 2024738
2025703 2025778
2026300 2026592
2028751 2033533
2034394 2036873
2037369 2039802
2040375 2047939
2048410 2056276
2059550 2066513
2067046 2071467
2072761 2077670
2078579 2084128
2084455 2088490
2090468 2090572
2098710 2110087
2110823 2111016
2111252 2113306
2116366 2121271
2129103 2135953
2136141 2147127
2147751 2153652
