Streptococcus_parasanguinis_ATCC_15912_gi_337281488_ref_NC_
1 266
812 1768
1983 3919
4100 10439
10572 10924
11100 11324
11713 12668
13114 16440
16581 17118
17264 18639
18767 21140
21350 22626
22805 24994
25260 29306
29467 34839
35166 35289
35462 36316
36434 38038
38360 39442
39573 43605
43732 43900
44153 48010
48085 48554
48710 51205
51796 54253
54776 55888
56169 56236
56355 57532
58269 59143
59273 60101
60245 60388
60672 66341
66504 67924
68917 71152
71396 72914
73474 77459
77743 78218
78403 79193
79360 81409
81597 83746
83970 85700
86214 90388
90575 90924
91322 92852
93201 93320
93548 94148
94372 95504
95668 95870
96118 98913
99236 99707
99815 103509
103797 115460
116023 119680
120078 120607
120898 124923
125050 130123
130193 130285
130438 131474
131651 131778
131946 136957
137472 142555
143081 144398
144526 146454
147128 150510
151086 153075
153313 153750
153959 155828
156340 158056
158299 158359
158649 162254
162868 163493
163726 165851
165990 166829
167376 168452
169272 184519
185082 187062
187238 187601
188319 194206
194328 194797
194958 199602
199739 201152
201277 203634
203996 206255
206398 210235
210405 211695
212470 219566
219913 220073
220877 220933
221123 223935
224707 225468
225599 230379
230714 236872
237636 239153
239908 244884
245022 246683
246969 250378
250497 253465
253581 253678
253823 254272
254369 259254
259819 262205
262308 267212
267316 270982
271218 271773
271997 275240
275395 276277
276358 276858
277350 280705
280878 281057
281553 281678
281828 282226
282483 283437
283864 286553
287117 290156
290319 291207
291295 291886
292160 294834
295168 295339
295621 296470
296782 297560
298087 298208
298502 302861
303469 309531
309686 313635
313812 317209
317450 321391
321588 321723
321878 327448
327586 327732
328005 330005
331588 331872
332014 336242
336669 339122
339255 349306
349408 350228
358182 364102
364665 365582
365799 366785
367013 369442
369702 371558
372081 374898
375104 381715
382094 389115
389335 392120
392221 395045
395237 395388
395548 396684
396857 396961
397136 397740
397814 410133
410391 410454
410728 411485
411868 412300
412543 416020
416102 418370
418512 419011
419216 420776
421261 423693
423906 425486
425642 427521
427649 429689
430080 430385
430788 430902
431129 431341
431872 435439
435797 444274
444752 445140
445394 447368
447537 447702
447906 452364
452801 454306
454533 455374
455501 455999
456555 456668
457297 458270
458493 462510
462654 463781
464324 469450
470124 470174
470683 471131
472077 472824
473287 477096
477218 481709
481911 482120
482305 485647
485770 488923
489864 491226
491702 492215
492356 494108
494435 494571
494779 495698
495771 497245
497564 497801
498405 501123
501323 502059
502424 506119
507150 508240
508449 509773
510039 511056
511583 513356
513713 516993
517241 522923
523242 524845
525158 525710
525910 529041
529155 531584
532027 534038
534220 534293
534451 535578
536132 542293
542522 543649
543792 548872
549033 549112
549862 551760
552337 555348
555530 577266
577368 577522
577770 578770
579539 597617
598015 602186
602297 602788
603378 606237
606866 606957
607076 608592
608761 608900
609074 610224
610345 615037
615338 615651
615753 615956
616073 619476
619744 619827
619984 621036
621238 623679
623794 623906
624179 625193
625357 627256
627524 629316
630082 631150
631770 632797
633201 638545
638631 638711
639136 639469
639807 640041
640412 641540
641768 642053
642342 646328
646507 647525
647772 648889
649109 651626
651765 652446
652648 655269
655440 655617
655864 656343
656855 657801
658134 663019
663517 664743
664905 669144
669826 671053
673640 676623
676847 677122
677375 678473
678631 678702
678899 679562
679851 681097
681701 682835
683007 684068
684250 686509
686808 687144
687663 690549
691471 693463
693803 694292
694586 694867
695156 695845
696242 697911
698343 698869
699798 699885
700128 703810
704531 707001
707107 707654
707811 707936
708473 713491
714469 719681
720444 720506
720740 722146
722267 722937
723126 723671
723819 725112
725348 726411
726695 726931
727043 729911
730323 730391
730606 730948
731105 731486
731805 732935
733051 733218
733566 734320
734560 735051
735459 735731
736102 738569
738743 743205
743345 745784
745905 746144
746431 746925
747759 748326
748481 749269
750052 750817
750916 751053
751216 754864
754957 761481
761854 762823
763765 764144
764715 767884
768216 768607
768874 769954
770291 770436
770621 771631
771771 772405
773552 778215
778340 779869
779962 789795
790600 797716
798149 799502
799684 801228
801485 805272
805595 807481
808181 808920
809466 811967
812087 813310
813918 816273
816440 816587
816894 817932
818146 818355
818574 818687
818806 823740
823928 824206
824402 825032
825721 826468
826580 826773
826987 827468
827745 828978
829141 830073
830274 833577
833860 834027
834181 835195
835948 836032
836678 844600
844731 849260
850122 852247
852442 854434
855048 858194
858311 858590
858689 858937
859522 859619
859765 869511
870383 872467
872575 873046
873130 875042
875576 877245
877467 881381
881496 882677
883350 883743
884350 884909
885411 893344
893850 903451
903629 906092
906260 906954
909413 911507
912205 912499
912677 914731
915084 916649
917703 917811
918336 919123
919676 919754
920344 920727
921046 923423
923561 923711
924055 925642
925854 926057
926218 928101
928327 931855
932018 932397
932976 935951
936727 938727
938843 943937
944272 944407
944753 944970
945633 946287
946431 947306
947558 947686
947793 954638
954895 954964
955177 955655
955966 956220
956521 962114
962245 963912
964322 968028
968133 969431
969961 970019
970526 976028
978735 980066
980200 980312
980419 980589
980740 981262
981611 982291
982892 991215
991447 995945
996185 996577
996804 1003741
1003874 1005915
1006058 1011192
1011303 1011642
1011803 1016156
1016307 1016857
1017154 1018025
1018131 1018315
1018611 1025511
1025632 1041152
1041245 1045878
1046036 1046193
1047194 1047645
1048289 1056712
1056957 1057078
1057512 1060091
1060413 1060747
1061532 1061956
1063281 1064857
1065100 1067219
1067374 1068618
1069164 1069229
1069414 1071260
1071543 1072566
1072693 1074745
1075250 1079437
1079543 1086921
1087105 1093458
1093624 1096199
1096299 1099469
1099555 1100358
1100543 1102888
1103250 1106133
1107377 1109550
1109811 1111107
1111228 1111355
1111679 1112466
1113094 1115838
1116042 1117197
1117789 1119444
1119817 1135127
1135431 1137086
1137173 1137446
1137571 1144105
1144559 1145527
1145719 1146191
1146468 1146592
1147200 1147650
1147754 1148057
1148162 1148606
1148777 1150149
1150410 1150871
1151174 1151881
1152326 1152411
1152697 1153573
1153849 1154436
1154704 1154805
1155319 1158321
1158388 1161692
1162281 1162821
1163057 1165007
1165173 1165953
1166088 1167820
1168052 1168182
1168356 1173551
1173702 1173824
1173981 1174544
1175155 1177693
1177787 1185659
1186395 1187048
1187631 1193332
1193463 1195597
1195692 1195904
1196024 1198941
1199090 1199802
1200098 1200232
1200629 1202886
1203609 1203777
1204397 1204582
1204821 1205238
1205402 1212203
1212673 1214184
1214398 1214766
1214891 1215393
1215554 1216476
1216595 1218575
1218895 1220226
1220504 1226745
1227060 1230786
1230919 1231345
1231603 1232009
1233449 1234158
1234817 1236105
1236343 1236440
1236716 1237862
1238077 1243672
1243818 1248037
1248663 1253703
1254395 1255659
1256057 1257334
1257515 1261559
1261733 1262065
1262214 1262550
1262845 1263085
1263284 1263421
1263527 1263677
1263809 1264075
1264301 1265014
1265187 1268882
1269139 1269644
1270309 1274615
1274901 1284112
1284373 1285129
1285260 1286202
1286357 1286475
1286648 1286875
1286981 1287665
1287798 1288073
1288312 1290020
1290144 1292615
1292896 1295563
1296231 1296931
1297083 1298015
1298334 1298948
1299154 1299686
1299858 1302940
1303580 1305170
1305299 1309731
1309951 1313205
1314032 1316327
1316510 1317024
1317210 1326602
1327279 1335178
1335900 1338685
1340191 1353252
1353811 1356226
1356983 1358911
1359725 1360388
1360924 1362365
1362883 1367103
1368035 1376252
1376319 1379879
1380391 1380511
1380917 1383229
1383384 1389648
1389785 1395083
1395174 1411130
1411752 1413086
1414269 1417844
1418092 1420326
1420698 1421154
1421500 1424833
1425013 1432734
1434864 1435897
1437006 1437909
1438295 1438407
1438838 1439326
1439931 1440784
1441000 1441522
1441671 1441859
1442127 1442434
1442689 1442780
1443012 1452396
1452713 1453269
1453374 1459683
1459868 1460940
1461097 1467770
1467887 1468093
1468560 1468661
1468958 1469869
1470059 1471797
1472700 1492666
1492754 1498166
1498571 1504637
1504710 1510601
1510789 1512947
1513233 1513553
1513787 1513982
1514094 1514183
1514699 1515205
1515346 1515479
1515858 1519661
1520197 1520572
1521288 1521605
1522137 1523353
1523531 1523724
1523849 1526676
1527283 1530691
1531190 1531632
1532209 1534135
1534949 1536858
1537492 1538201
1538395 1542127
1542250 1548680
1549187 1553177
1553299 1554143
1555278 1557434
1558151 1560424
1561187 1563293
1563405 1572433
1572571 1576514
1576944 1577849
1578557 1578635
1579299 1580719
1581232 1585674
1585868 1586112
1586234 1586310
1586465 1591856
1592054 1594104
1594653 1596488
1597362 1601001
1601210 1611234
1612438 1614218
1614409 1617815
1618065 1624531
1624746 1625402
1625634 1627636
1627772 1632183
1632309 1636974
1637257 1641537
1642126 1642783
1643072 1645198
1645266 1655417
1657128 1657276
1657974 1658697
1659058 1659171
1659395 1666459
1666809 1671260
1671655 1674352
1675030 1675976
1676411 1676737
1676984 1680110
1680283 1685241
1685730 1690270
1690401 1690669
1691182 1697939
1698059 1698728
1698900 1699402
1699555 1699681
1700130 1710093
1710215 1733786
1733985 1735389
1735476 1739273
1739595 1742504
1742697 1742955
1743439 1752958
1753781 1755599
1756185 1758331
1758757 1758903
1759169 1759288
1759437 1760545
1760766 1760860
1761678 1761948
1762252 1763164
1763277 1764157
1764321 1766209
1766383 1770115
1770411 1771684
1771880 1772489
1772669 1776581
1777251 1778232
1779190 1779470
1780340 1786935
1787678 1788277
1788781 1789519
1790098 1790598
1790729 1790985
1791110 1791225
1791410 1791879
1792505 1796207
1796395 1796954
1797126 1798159
1798390 1801496
1802117 1805156
1805742 1806395
1806559 1810931
1811047 1811644
1812203 1812914
1813035 1813682
1813963 1815541
1815655 1816392
1816565 1820611
1820798 1823268
1823377 1827731
1828175 1833808
1833893 1835006
1835159 1838673
1839277 1846802
1846936 1850146
1850370 1854664
1854885 1854977
1855223 1858842
1858923 1859308
1859677 1864230
1864340 1864591
1864814 1865403
1865841 1867440
1867636 1873264
1873440 1874695
1874907 1877826
1878179 1878460
1878675 1881315
1881498 1882433
1882954 1884173
1884855 1895348
1895580 1897918
1898099 1898573
1898746 1899294
1899379 1901430
1901536 1902617
1902919 1904735
1904954 1906930
1907415 1914172
1914386 1915125
1915331 1916922
1917425 1920826
1921175 1921339
1921810 1924287
1924406 1928695
1928963 1929391
1929549 1929737
1929861 1930558
1931058 1961786
1961865 1974292
1974448 1979226
1979362 1981202
1981476 1981640
1986751 1992377
1992599 1992977
1993902 1994518
1994753 2004489
2004635 2005812
2005972 2006402
2007058 2007386
2007637 2008946
2009066 2009679
2009894 2010047
2010223 2011918
2012431 2013540
2014502 2017085
2017201 2017341
2017678 2025255
2025890 2028371
2028496 2028627
2028751 2034324
2034902 2035561
2035725 2040383
2041050 2041201
2042065 2044224
2044336 2047794
2047985 2048074
2048198 2050062
2050163 2050272
2050487 2055128
2055846 2056991
2057323 2058687
2059240 2060225
2060367 2074804
2074992 2075906
2076530 2076819
2077338 2079566
2079824 2087598
2087713 2092061
2092217 2092310
2092606 2093933
2094133 2101081
2101595 2102403
2103642 2104952
2105224 2110129
2110325 2112344
2112426 2112536
2112669 2119099
2119224 2120137
2120761 2121985
2122154 2123817
2124032 2124159
2124524 2126974
2128231 2129036
2130127 2142248
2142475 2145149
2145702 2146549
2147140 2147878
2149451 2153652
