Streptococcus_parasanguinis_ATCC_15912_gi_337281488_ref_NC_
2261 3137
4354 5723
6296 6351
7617 8856
9730 10838
12018 12424
12995 13349
14341 17617
18227 19474
20046 20530
20899 21140
25077 26104
26469 26542
26882 29008
35517 35764
36457 41982
46081 46320
48124 48335
48912 49061
50109 50326
51056 53678
54164 57528
59147 59810
60440 60602
62164 63090
64013 71437
76535 76729
82685 86460
87605 90110
91622 92804
93178 94929
96045 97132
97328 99702
100440 104529
104631 110904
111077 115436
116070 116436
117129 117649
119429 123739
126111 126641
126791 129803
130717 134702
135486 139117
139313 142389
143084 145570
147263 152260
156306 156736
157384 158247
159285 159436
160300 160510
162868 163000
165101 166872
167406 168448
169575 172369
174997 175357
176639 176974
177567 177796
178531 179277
180078 181795
183820 185713
185927 186464
187653 194130
199305 199933
201089 201626
205037 205876
206715 219807
225181 227801
229190 231296
231664 236872
238082 243937
249506 249704
250246 250640
251168 255020
255555 255811
255904 258526
259228 259610
260947 265580
266383 271731
272566 275240
276422 278008
285863 286079
289469 292158
292798 294447
295621 295976
297503 298087
299330 304036
306855 307178
308546 308617
309813 312983
313721 314637
315227 318474
319492 320565
321645 328848
333963 336180
340563 341384
342244 342611
343400 345317
346087 351013
359263 360222
361803 362264
362635 364098
364672 364871
365898 367966
368532 369332
369944 370011
370793 371525
372094 372188
372965 373885
374484 374742
374900 375311
375876 379495
380355 381315
382248 383322
383683 389707
392956 394088
396078 396279
398517 398885
398956 408754
408874 409811
410496 410711
410919 411163
411857 413424
414386 418519
419085 420750
422076 422520
423276 423512
424156 425647
426411 426687
427000 427947
429544 429689
433333 435257
435775 436732
437287 438721
439394 444044
444186 447502
448305 449949
450124 450788
456481 458002
458640 461864
462396 463042
464394 468304
470694 470967
473287 473458
475981 476059
477583 481762
482000 488675
489864 490270
496126 496364
497862 498445
499303 501569
505125 506109
507744 507956
511468 511813
513750 514765
515428 517077
517487 518529
519755 520091
521439 522833
525234 528012
528275 528773
529382 530967
531910 535002
538109 542345
542869 546160
546803 549111
549862 573729
574565 577788
577947 594000
594198 595934
596695 597038
599746 602361
603211 605263
607014 608860
609564 611803
613068 613243
613765 615286
616844 617753
618369 620908
621613 621746
622593 623288
624693 626936
628705 629323
630082 631104
632086 633107
633979 638325
639461 641090
641592 644088
644975 645633
647177 647341
649833 651261
651888 655921
656952 658322
659712 660386
664689 665656
666548 666751
678728 679282
680181 680269
680801 681297
684661 687090
689984 690589
691826 692199
693807 694273
694472 697911
699851 703806
707988 709587
710483 712708
719328 719677
720840 720975
722198 722831
723279 723711
731416 732998
733199 733834
736320 737545
739175 745795
746481 748273
750374 754864
756397 756566
756664 758513
759039 760881
762099 763445
764761 764846
765980 768030
769954 770182
772456 776904
777167 779207
780144 781439
783326 784278
785031 785576
786227 789397
791791 797482
798153 798745
799828 799982
800940 802446
802612 807452
808903 812541
813153 814267
814453 817260
819208 819805
820273 822546
822681 822760
824005 824725
828811 829517
830558 830946
831953 832030
837589 838106
839063 839259
839909 840171
840894 841103
841606 843302
843880 845853
846678 846737
848928 852817
853488 854381
855544 855655
856876 857423
858989 859280
860780 862113
862270 866189
866775 868305
868836 869463
871086 874433
876345 876864
877427 880497
880878 883633
885187 885297
886083 887477
888423 888490
889990 892597
894428 894533
895288 895731
899258 900744
902883 904395
918844 918927
925957 927532
928727 929921
930509 930734
933707 935793
938341 939651
940691 941085
948715 949905
951091 954651
955441 955600
956171 958395
959791 960557
961734 962063
965625 966898
967930 968822
971613 978658
978989 979410
980419 980589
981301 983817
984504 987436
989233 989968
990561 990851
997604 997656
998045 998102
1001100 1001470
1007169 1007344
1008329 1008569
1009347 1013855
1013922 1015599
1018615 1021233
1024289 1024503
1026891 1027221
1027723 1027972
1029048 1029641
1031033 1031346
1032106 1032478
1032553 1041152
1041245 1041990
1043237 1044785
1044950 1045230
1047300 1047493
1048458 1055426
1055584 1056698
1058920 1059195
1062416 1064718
1070144 1070399
1071770 1072022
1074296 1075941
1076083 1085612
1088872 1091093
1093533 1093868
1094477 1094729
1095229 1100921
1102418 1102977
1103711 1103999
1107272 1107989
1108841 1108977
1111822 1112259
1114100 1114871
1116239 1116835
1119437 1119761
1120644 1123046
1123340 1124476
1125029 1125402
1125559 1126098
1128502 1130334
1132553 1132892
1134027 1134197
1134815 1135690
1142166 1142457
1142991 1144748
1145694 1146588
1148186 1148606
1148839 1151581
1152601 1152691
1154722 1154799
1156388 1156883
1158207 1160314
1160843 1160967
1167090 1167207
1168404 1174276
1176632 1179081
1179884 1181326
1181818 1181872
1182468 1184086
1188180 1190438
1191729 1194547
1195322 1195649
1196249 1199393
1211390 1212351
1214008 1215888
1217819 1218184
1218794 1222119
1224296 1231335
1235013 1236126
1236763 1238758
1239631 1242845
1243916 1251279
1253962 1257407
1258333 1258562
1260807 1261510
1267458 1268142
1269645 1270008
1270618 1270921
1273307 1276076
1278502 1279752
1279836 1281021
1283737 1284006
1284373 1285129
1287800 1287973
1293715 1293841
1293932 1294270
1294467 1295693
1299291 1299344
1301454 1301978
1303668 1304200
1305416 1308123
1308815 1309942
1312319 1312381
1315021 1315361
1319185 1319376
1321604 1323042
1325500 1326597
1327604 1330451
1331025 1331242
1332718 1332790
1333451 1335848
1336384 1338679
1340829 1341011
1343279 1344102
1344691 1352721
1353062 1354592
1358219 1358440
1370009 1370553
1375208 1377671
1381310 1383302
1383983 1384453
1384695 1384942
1385210 1388689
1389198 1392300
1393948 1397411
1397775 1404718
1405716 1408119
1408784 1413056
1417620 1418091
1418920 1420303
1420750 1421154
1421520 1422403
1423190 1423329
1424392 1424730
1426379 1432526
1434864 1435897
1438143 1440792
1444553 1445155
1449530 1453813
1454151 1456982
1457604 1457873
1458591 1458830
1460480 1461553
1461865 1462082
1462531 1463454
1464819 1465213
1465633 1465930
1467343 1467596
1473999 1490136
1490929 1491880
1492623 1493706
1495873 1501176
1501790 1501853
1503863 1504113
1504715 1509880
1511220 1512140
1516655 1517718
1518980 1519338
1521303 1521402
1524037 1533859
1533933 1534045
1541111 1542890
1546200 1546812
1547061 1547145
1551084 1551272
1558615 1558841
1560944 1561245
1561970 1570432
1571640 1571745
1575611 1575906
1582035 1583710
1585641 1586140
1602069 1602529
1604464 1610360
1611009 1611228
1613148 1614484
1615688 1616211
1616820 1621889
1622915 1623425
1624433 1626636
1628419 1630087
1630225 1632588
1632733 1634190
1634331 1634633
1641239 1641533
1643141 1644380
1645204 1645398
1645569 1647388
1648070 1649000
1650159 1651529
1652891 1653923
1657822 1658998
1664585 1665004
1665845 1666100
1672466 1672603
1674089 1674352
1674887 1677219
1678928 1679546
1680750 1685241
1686363 1690200
1693368 1696181
1697067 1697195
1699733 1699982
1701912 1702047
1705164 1706872
1709627 1710407
1711196 1712421
1713199 1713478
1714370 1714596
1716301 1717772
1718716 1722530
1723248 1723733
1725304 1726728
1727280 1733427
1734631 1735541
1736070 1738052
1742664 1742904
1745178 1749902
1750406 1751038
1755671 1756067
1757544 1757968
1759276 1759575
1760596 1760649
1761997 1763794
1765969 1766837
1768595 1768822
1770271 1770477
1772345 1772931
1773880 1773972
1774486 1774740
1776137 1776562
1782160 1782469
1788650 1788949
1792852 1793090
1794755 1794830
1802791 1803844
1807558 1807950
1812211 1812405
1814109 1814925
1815440 1818097
1820477 1828124
1829214 1829848
1830813 1830926
1833828 1835544
1837414 1837622
1839395 1840149
1843688 1843741
1846188 1846777
1847107 1848110
1849630 1852110
1852731 1852959
1855178 1855423
1859308 1859619
1860203 1863430
1864723 1864825
1865399 1866406
1869899 1870403
1870943 1872391
1873101 1875186
1875697 1876283
1876975 1877332
1878631 1878735
1887514 1887837
1888230 1893951
1896160 1897559
1898294 1898625
1898920 1899168
1899584 1900076
1902474 1904092
1905046 1906349
1907144 1911032
1911229 1911320
1911740 1914049
1915700 1916814
1917446 1918128
1919821 1923185
1923790 1928685
1928963 1929143
1930508 1933225
1933909 1934443
1936327 1961786
1961865 1968202
1974004 1979667
1986751 1988281
1989252 1989595
1989891 1993240
1993747 1994167
1994438 1998443
2000181 2000289
2001640 2001729
2002371 2002491
2006096 2006700
2008749 2009699
2012027 2012375
2013275 2013367
2016245 2016523
2018398 2020426
2022573 2022686
2023186 2024720
2025834 2026670
2027339 2027689
2028751 2032281
2033179 2033265
2034730 2035009
2035975 2037900
2038301 2046752
2051998 2052442
2053094 2053333
2061258 2066274
2067047 2067703
2068641 2069250
2069883 2070268
2072824 2074305
2082361 2082561
2083306 2083586
2084455 2085352
2088402 2088490
2095838 2096054
2096871 2103757
2104852 2105028
2105265 2109597
2110285 2110468
2112512 2113178
2115083 2123004
2123590 2123836
2124917 2125608
2126706 2126981
2130245 2144319
2144933 2145667
2149452 2151823
2152651 2153652
