Rothia_mucilaginosa_DY-18_gi_283457089_ref_NC_
645 748
1690 2207
3498 3723
4518 5782
6559 6668
7867 11839
12081 12608
14485 15173
16253 16504
18387 20630
20957 21256
23707 23895
24987 26948
28109 28860
29169 29923
31711 31883
33486 34041
34563 36815
37600 37771
38020 38584
38727 41404
41917 43506
44486 44551
47893 49843
51728 56055
61222 65014
67820 70495
70563 72333
72455 73824
76472 83315
86959 88370
89269 89999
90580 92949
93110 98848
99453 105399
105553 107107
107636 107710
109405 111629
111806 113010
113552 113715
114414 118304
119456 126788
126941 127137
131667 132273
133294 133439
134006 134572
134782 136781
139344 143658
144262 145992
147006 148630
151123 152560
152723 154667
156999 157076
157573 164265
164844 168335
168446 169390
172156 172244
172945 173108
173819 174055
174717 178317
179319 179426
179816 181123
184158 184213
184555 191067
191781 192706
192787 195197
197386 197895
198276 198360
199459 202733
203606 203773
205040 205159
206320 207713
208252 209965
210079 213291
213948 214035
214538 214730
223001 223845
227076 243777
244484 245919
246611 253349
254477 254956
257285 261912
262410 266578
267131 267235
267861 271385
272039 272906
273492 275951
276317 276875
277374 281331
283483 283574
283683 285103
285265 286108
286246 288304
288729 290934
291469 292607
294103 301192
301627 301779
304080 304267
306140 306382
306536 312422
313509 313981
315198 318063
318912 319166
327434 328508
330630 330785
332293 334078
334968 337743
338563 338641
338917 339061
339787 341064
341796 344341
344988 351294
351494 352395
352997 356579
357235 358537
361605 361803
362602 362734
362915 365402
368306 369812
370373 376387
377282 378116
378600 378834
379520 381493
381847 382257
383644 390386
390681 391075
391912 393508
393802 395742
397682 400931
401311 401557
403447 407714
409023 409189
409700 413031
413553 414903
415183 421263
421769 426569
428746 432296
433138 437782
439841 440426
440530 440679
440947 442468
443059 443373
443937 444007
444607 446806
447000 448965
449115 451440
453047 453157
458504 458613
468523 483259
485730 485958
487331 487419
488489 488579
490313 490380
491486 501126
502136 503253
509386 511691
511806 512029
521343 522530
523618 524171
527582 528702
530844 536791
541851 546525
547199 551352
552306 556644
557321 557392
559748 562019
562651 570761
572781 574631
576169 576271
576801 578304
578734 579841
580320 581510
582392 584250
584771 584824
585516 587225
587764 588498
589162 590257
590924 592921
595681 598931
599070 602095
604195 614183
616922 617155
617264 618127
619143 624569
625439 629038
629989 631610
634558 638227
639703 646315
647540 649456
649989 650908
651530 658450
659077 661815
662489 663545
664209 667374
667994 668098
669014 670900
672203 672575
673601 673984
674762 674950
675702 677716
678493 678769
679741 679853
684004 684174
684682 685082
686303 688858
690769 692780
695897 696683
697047 700629
700730 701195
701955 702487
703714 704046
707463 707600
710459 710572
711255 712154
713103 717450
718717 718863
720083 726234
727808 728925
731868 731920
736610 737860
738043 738146
740659 743326
744323 744505
744829 745395
745723 749630
750209 750701
758193 758845
764247 765600
765700 765947
766047 771298
776153 776544
777151 777567
783707 788617
793232 796642
797153 798143
798726 798833
799264 801026
801170 802722
803225 805251
806656 813447
814907 820336
822701 822797
824173 824298
824634 826474
826630 828841
832665 834835
835832 836096
839668 841564
843226 845962
846566 847209
851387 851567
851687 852659
853406 853455
854495 865940
866484 870757
871136 871284
872816 874713
874813 877760
877896 877978
879230 885909
886006 890694
891280 891371
895241 898446
901748 902488
903146 903579
904957 915387
915941 921232
921332 923054
924916 925262
927055 932878
934610 937136
937813 939665
940033 942641
946575 947496
948218 948979
951735 956135
956943 957476
957680 960453
961041 973614
975501 986299
986991 987985
988060 990112
990525 1003216
1003854 1006482
1007046 1008773
1009212 1011471
1012707 1015660
1016636 1016741
1017324 1017510
1017844 1018777
1021515 1022010
1022268 1023228
1025050 1025672
1026890 1027432
1031429 1033370
1035561 1039361
1045364 1045449
1045681 1048045
1048149 1052171
1056293 1056962
1058516 1059322
1060695 1062520
1063926 1066877
1067003 1070288
1075964 1076429
1078424 1079239
1082367 1084565
1087588 1087686
1093979 1094158
1097157 1097275
1097487 1097709
1099193 1104429
1104604 1106132
1106862 1107649
1108092 1108268
1108836 1109394
1110108 1116956
1117078 1117461
1118032 1119754
1123430 1129054
1129471 1130639
1131546 1134659
1135491 1136081
1136529 1137288
1137862 1142996
1143644 1151110
1154356 1156909
1160553 1169604
1172575 1176711
1180713 1181473
1183250 1183880
1184481 1185230
1185396 1185698
1187373 1190587
1191180 1191283
1191586 1191763
1192849 1193046
1195882 1196102
1200077 1200426
1200651 1201045
1206197 1208621
1209324 1215520
1216486 1221570
1222266 1223276
1223818 1230604
1230772 1231048
1231304 1231417
1232047 1235458
1236231 1239758
1239991 1240055
1240235 1241428
1241822 1242172
1242604 1252261
1254560 1254786
1256692 1261260
1262740 1264485
1264987 1266297
1266815 1271869
1273028 1273628
1279403 1279507
1279615 1287234
1288979 1291541
1292087 1293036
1293866 1296303
1298892 1298958
1299486 1300269
1301604 1310110
1310750 1314977
1315158 1315818
1316568 1316687
1316814 1330683
1331409 1338770
1339752 1343644
1349133 1349242
1350326 1353857
1358728 1361491
1362217 1368609
1369277 1370134
1372590 1376442
1376557 1376730
1381710 1381860
1382183 1382361
1384261 1386831
1388070 1388543
1389028 1390697
1391390 1392138
1396442 1396664
1396760 1399105
1399863 1400085
1400590 1400816
1401859 1401953
1404990 1409349
1410305 1411363
1413674 1420049
1420935 1422151
1422722 1423459
1424482 1425287
1425397 1425603
1427796 1428348
1433861 1438526
1440031 1440751
1441361 1444539
1455358 1455410
1459441 1460616
1464300 1464590
1474091 1474420
1474988 1479966
1480855 1481045
1482060 1482615
1484349 1485791
1486939 1487444
1487521 1489008
1489942 1491489
1492813 1493851
1494757 1495169
1496010 1497327
1498647 1500769
1502836 1503090
1504119 1505682
1506525 1508270
1509203 1511685
1511969 1512768
1513696 1514390
1515237 1517339
1517717 1517862
1518584 1519518
1520288 1520691
1521325 1521522
1522098 1528813
1528928 1529604
1530327 1533091
1533934 1535513
1536047 1536245
1536486 1537817
1538545 1539237
1541210 1544688
1545247 1547455
1551356 1553591
1554622 1554707
1555665 1556834
1557381 1569349
1572807 1574897
1575210 1576842
1578275 1579119
1582531 1582915
1584591 1584968
1585567 1586247
1587073 1588130
1588701 1588889
1593902 1594657
1595207 1601428
1601915 1602347
1604326 1605617
1606221 1613154
1616312 1618773
1618936 1622820
1626196 1628280
1629273 1629925
1631794 1634749
1635261 1635317
1636351 1638097
1639661 1642619
1644085 1645263
1646779 1647903
1648607 1648659
1648765 1649720
1651374 1653840
1654343 1655842
1657201 1657738
1657867 1658048
1666432 1666609
1667214 1668755
1671438 1674141
1674489 1674672
1675543 1677344
1677626 1677880
1681136 1681462
1682379 1684397
1685594 1686039
1686240 1687796
1687896 1688823
1690639 1692719
1692831 1692921
1693941 1706238
1706786 1712935
1714479 1714585
1714765 1716433
1717476 1720218
1722495 1722618
1722771 1724977
1726298 1726750
1728063 1728679
1728971 1729117
1730633 1730729
1731117 1739368
1740222 1742343
1742858 1744634
1750129 1750554
1755190 1760604
1766463 1766557
1770624 1770727
1771053 1771139
1771472 1772411
1773134 1773210
1774324 1774792
1775040 1775627
1775937 1776441
1782151 1784113
1785024 1786064
1786568 1801018
1801756 1806961
1807736 1808610
1810844 1813407
1814110 1814244
1820286 1827243
1829494 1829845
1833236 1834939
1835889 1837811
1838012 1839779
1840386 1841177
1844300 1845355
1845881 1847720
1848265 1849485
1852234 1852320
1852491 1852645
1855879 1856444
1857054 1857517
1858679 1860184
1861632 1862356
1864135 1864319
1867292 1868858
1870928 1884603
1885047 1886670
1887765 1888181
1888536 1899826
1899974 1900463
1900561 1902179
1902641 1903486
1904238 1907366
1908352 1911885
1912174 1914201
1914794 1916137
1920109 1921668
1923190 1923601
1924183 1924416
1924981 1925701
1927013 1927352
1927843 1927977
1930652 1930765
1934111 1934219
1935505 1945481
1952861 1957846
1959314 1959403
1960840 1963165
1965560 1965975
1966084 1968348
1968893 1969942
1970711 1970767
1971782 1972657
1976140 1987325
1987421 1995192
1995732 1995884
1996315 1996547
1996803 2001914
2002833 2003195
2012163 2012272
2014780 2014846
2016104 2016243
2017554 2017614
2020035 2020446
2022343 2028955
2036925 2040386
2040683 2040795
2043334 2046866
2047213 2048638
2049400 2053010
2053161 2053817
2054274 2054384
2059154 2059558
2061397 2061485
2068395 2069850
2071318 2074145
2076074 2076300
2078294 2081033
2081672 2083510
2084507 2084722
2088236 2090536
2092616 2096934
2101057 2101416
2101637 2102188
2104601 2108096
2108630 2111184
2111690 2113866
2118307 2120655
2120954 2121069
2121355 2122235
2126451 2126554
2127722 2131040
2131993 2132059
2134019 2134239
2134329 2136374
2137512 2137637
2139469 2139613
2139861 2142581
2143474 2145167
2145433 2146121
2146701 2148515
2149293 2149484
2150257 2150712
2151705 2152279
2156044 2156739
2157277 2157497
2158362 2160143
2160605 2164639
2164924 2168858
2169069 2169946
2170779 2170982
2177529 2182252
2183493 2184628
2185049 2185683
2188013 2188783
2194562 2196978
2197489 2198491
2199318 2201401
2202749 2203194
2203796 2205725
2206019 2206729
2207830 2211283
2212092 2219923
2220328 2220453
2224566 2224690
2225997 2227659
2228909 2228984
2230379 2231049
2231123 2231714
2232429 2236009
2239351 2245246
2245511 2247700
2252473 2252526
2256574 2256636
2258784 2258909
2259353 2260740
2263857 2264156
