Rothia_mucilaginosa_DY-18_gi_283457089_ref_NC_
3643 3723
18387 20829
21532 24840
25385 43978
44150 50389
61450 61540
70545 73600
74526 74691
75254 81141
81976 85235
90839 104018
104422 105448
106470 107194
108850 112759
113335 113616
114266 118304
119456 127207
133584 133803
136835 137102
137905 137954
138630 142941
143372 146560
151123 157076
184555 195009
197386 202733
212218 212785
274742 275756
276449 278066
283683 301349
301627 302557
303258 305051
305899 306040
306537 308933
309420 311697
312300 318269
327434 327760
333329 357132
358210 366174
373115 375911
381809 382257
383644 393375
393949 407814
409170 413212
413553 419836
420595 424327
433138 433278
453047 453157
499564 500051
509404 509656
550603 551352
559423 571203
572750 574661
576269 576833
577410 590223
595681 599757
600429 602962
603601 605388
605897 617155
620940 639376
639496 646258
647540 673716
683032 683226
683311 684174
686303 689762
690795 704146
707745 714541
715288 721485
721953 726286
727051 729733
744323 746060
765702 765947
776153 776322
783232 784917
793232 794480
799264 801426
806686 807133
808780 811370
812013 816451
816600 823099
824173 828841
839668 848277
848531 854384
881509 903604
904324 909205
910036 911479
915304 915796
936380 941653
947011 974047
974770 993163
993455 994424
1011351 1011471
1013019 1020763
1021084 1022010
1022268 1023206
1031429 1039301
1046072 1048006
1048149 1052176
1058254 1059322
1078645 1079239
1082367 1084558
1101232 1101452
1106863 1107649
1110928 1116000
1125392 1129054
1129247 1140132
1155396 1165870
1184481 1184907
1185119 1185230
1191188 1196753
1200551 1201045
1214321 1215837
1216486 1227027
1230304 1239757
1254589 1262350
1262894 1272331
1279403 1279507
1279615 1288335
1288841 1289010
1291792 1292244
1293596 1294091
1294728 1294881
1301681 1313772
1331409 1335825
1336227 1343180
1349133 1349242
1358728 1361374
1362243 1362412
1365394 1376730
1377038 1379194
1381528 1382361
1384440 1386831
1388726 1392505
1404990 1405263
1406744 1406844
1410305 1411363
1434016 1438508
1439613 1444539
1482587 1487444
1487521 1493193
1498441 1498801
1504119 1505638
1506605 1512700
1513546 1516064
1530430 1541308
1547340 1554362
1555128 1561673
1562515 1588718
1594370 1616433
1671438 1673083
1681136 1681381
1684206 1684397
1687712 1707681
1722875 1726823
1727801 1728679
1731224 1736323
1781473 1802191
1814115 1814244
1817898 1818028
1820095 1827243
1829494 1829845
1836356 1837899
1838179 1841860
1864135 1864319
1866826 1880795
1882312 1900463
1900561 1901643
1901996 1916137
1920109 1927989
1935505 1937102
1937403 1939583
1939802 1945477
1960840 1960939
1966083 1975189
1975795 1980687
1981364 1995295
1995833 2000828
2014780 2018606
2019560 2019680
2021969 2022709
2023603 2038469
2052855 2053010
2072574 2074653
2075303 2082482
2083110 2083466
2084411 2092675
2093535 2095425
2095987 2099623
2100483 2100957
2101759 2105175
2116204 2120655
2122164 2122235
2128416 2132249
2134019 2137163
2137512 2137637
2142250 2145167
2158362 2163916
2177697 2179090
2179391 2185266
2188674 2188783
2195787 2195987
2199624 2203657
2204217 2205725
2206497 2212824
