Rothia_mucilaginosa_DY-18_gi_283457089_ref_NC_
1 447
1689 10600
11215 16735
17978 19705
20235 22511
23616 25789
26940 30430
31200 31964
32631 32854
33478 34310
35020 41982
42104 44098
45425 47237
47770 50319
51043 52288
53600 54056
54243 56309
56811 56932
57768 64148
64808 66147
66838 66956
67189 67906
69047 72981
73198 83638
84655 86087
86311 86423
86827 87840
88756 98605
98847 98947
99186 99323
99453 103099
103611 105450
106512 108272
108850 111643
112408 115590
116569 116703
119456 127688
130306 130873
131677 134832
135263 135368
135905 139799
140439 143477
144084 145184
145341 145430
145534 145655
145883 146741
147452 147961
148523 149639
150231 150336
150403 151189
151722 155095
156923 157076
157581 158242
159902 160376
160892 165737
166354 169953
171993 172791
172994 174103
174662 184261
184555 188537
189185 189666
190305 191711
192275 195921
197386 202134
203524 208090
209184 214712
215262 217074
219725 220122
221350 221478
222382 224783
226752 227669
228713 235671
236769 237068
238006 238823
239480 240299
242707 243759
244033 244507
245042 246237
247561 247692
248287 248595
248780 249159
252413 254474
254634 255518
256532 257675
258767 259733
261928 266078
267036 270397
270904 271122
271680 273005
273709 274240
275009 278066
279645 281516
282385 282463
283353 288304
288729 292164
292707 296887
297031 304044
304271 306359
306537 306725
308279 309400
310028 311871
312507 313517
314184 315946
316076 317531
318154 319166
320192 320251
320846 321201
322562 322784
324582 325615
327007 327101
327434 328508
329199 329268
330126 331346
332142 333178
333388 333618
333765 334133
334981 341751
343116 343220
344068 347520
348111 348164
348739 354146
354316 359270
359801 363226
363832 364673
365215 365765
366108 366299
366469 368779
370819 372410
372958 376651
376836 378966
381084 382257
382853 383172
383313 388810
390264 391678
391842 393970
394537 396039
396260 397061
398364 398414
399021 399772
400756 400927
400994 403515
403656 403751
404049 405378
406023 413799
414616 418085
419314 420541
424300 427013
428085 428647
429675 431859
432857 436791
437851 438481
439773 442118
442754 443789
444607 444673
445208 445956
446529 447470
449038 449264
450456 451876
453047 456041
457211 457318
457915 461877
462401 463639
467565 472874
476557 476698
477673 477788
478527 479268
481597 483259
484965 485958
487356 487419
488450 490655
491574 494633
495178 495245
496235 497011
498393 498489
499287 503352
503594 503891
509385 512682
514740 515103
516802 516948
519392 519508
520252 520516
521028 521109
522186 523895
524581 525655
527250 528739
530164 530213
531221 531428
531955 537052
538438 538860
539135 539880
540478 540868
541964 542347
545842 548227
549100 552184
552980 554234
555705 555861
556798 557654
559396 559742
559906 560590
561661 564725
565579 566574
568902 571368
572146 574718
576121 577512
578484 579266
579941 585803
586513 586676
587239 588870
589063 590714
591258 594308
595399 595497
595681 598565
599176 603264
604140 606837
607755 608431
608545 611840
612716 613971
616795 617155
617841 619559
620671 624911
625629 632152
633022 636623
637670 639563
640279 641027
642361 643291
644076 646315
647059 647285
647540 647665
649243 650434
650938 651677
652298 654107
654291 657503
658070 659334
660294 663203
663710 663888
664492 667797
667906 668028
668186 668581
669091 671204
671967 673029
673591 673812
674395 674826
675377 677075
678037 682440
682598 685462
686303 690534
691080 692780
693924 694719
695897 696466
696755 697987
698576 709151
709784 711204
711345 713337
713914 714889
715420 715474
716038 716721
717594 718863
719070 721585
721953 722873
723427 723821
724502 726714
727051 730337
731816 734314
735350 740559
741215 743207
743634 744502
745023 747162
747774 748341
748869 750614
751522 751694
753573 754695
755283 755640
756569 756721
757043 759426
760163 760337
761472 761745
762351 763631
764166 764520
765491 766111
767557 767755
769356 769973
770101 770716
772073 772346
773185 774574
775669 778259
778934 780693
783142 785065
786831 788081
789139 789444
791096 791984
793232 794480
795620 796109
796751 797952
798625 798881
799264 801853
802096 805251
806239 807156
807678 809376
810405 810587
811240 811394
811987 813488
813676 816513
817878 820958
822214 827275
827795 827897
828565 828841
829051 833244
834539 838376
839041 844973
847244 848351
849725 851783
851962 854578
855181 855714
856297 858016
858194 859290
859919 862024
862221 862309
862641 866737
867976 868144
868852 869101
870762 871829
872532 872979
873635 873712
874813 875072
875925 877796
879230 883095
883297 885403
885629 886563
888190 889736
889927 891180
891930 894547
895853 897741
898099 899284
899917 901075
901862 903097
903763 904865
905389 905695
906247 907069
907702 910351
911411 911837
913717 923143
924902 926351
927055 927208
928131 928275
929319 931181
931759 933289
934610 934773
936380 936507
936607 936910
937827 942641
944353 944483
945140 945257
946812 950637
951531 951686
952669 953728
954405 955007
955101 957347
957728 959812
959970 962389
964069 964601
965409 965706
966979 970287
970830 970929
972138 974917
975502 975858
976493 977390
978493 979157
981092 982231
984721 985256
986422 987153
987787 988268
988703 989309
990114 992833
993526 997982
998647 998701
1000798 1001914
1002928 1003006
1004108 1005583
1005849 1007841
1009076 1009275
1009806 1010145
1010760 1012248
1013019 1013079
1013811 1019389
1020196 1022010
1022268 1027876
1028426 1030383
1030914 1033515
1034906 1039754
1040301 1041253
1042557 1042941
1043528 1043742
1044649 1044700
1045624 1052204
1053292 1053433
1054771 1054873
1055494 1057042
1058073 1059322
1059985 1060997
1061692 1061774
1062362 1064128
1064872 1065010
1065529 1068048
1068721 1069365
1070108 1071747
1072447 1073851
1075964 1077116
1077921 1079239
1079394 1079480
1081354 1081426
1082234 1084565
1085518 1085572
1086235 1087552
1088333 1088426
1090450 1091560
1092250 1092538
1093542 1094093
1096318 1096840
1097481 1097709
1099439 1104706
1105495 1106235
1106772 1108667
1109172 1109817
1110591 1110886
1112267 1112538
1113080 1116978
1118071 1118131
1118737 1119178
1119860 1120421
1121123 1121496
1122088 1123146
1123653 1124620
1125208 1125720
1126263 1126679
1128389 1129054
1129206 1129669
1130215 1130829
1131517 1132456
1132703 1134949
1135500 1136354
1137164 1140367
1140983 1141799
1142636 1144202
1144842 1145225
1145860 1147614
1148734 1148800
1149414 1150967
1151714 1152525
1154353 1156940
1159620 1161400
1161934 1164121
1165074 1166377
1168332 1171724
1173236 1173460
1174351 1175349
1175858 1175987
1176548 1178475
1180713 1182639
1183166 1185698
1187217 1187579
1188161 1190731
1191586 1192071
1192773 1193636
1194573 1194832
1195536 1197178
1199692 1202749
1203867 1204516
1206102 1206250
1206868 1207065
1207841 1210619
1214321 1222283
1222606 1222702
1222798 1224126
1224528 1227788
1228533 1228688
1229568 1230929
1231295 1232171
1233288 1233438
1234157 1236931
1237261 1239799
1239943 1240426
1241131 1241428
1242185 1242542
1243423 1243525
1244143 1245148
1245706 1246006
1247101 1250082
1253557 1253611
1254494 1255735
1256129 1259076
1259934 1261771
1262437 1264887
1265467 1267610
1270386 1271919
1272074 1274723
1276307 1277486
1279192 1282005
1282899 1283032
1283653 1285761
1285891 1286537
1287063 1288345
1288979 1289472
1290268 1290331
1290849 1291185
1291792 1294943
1295475 1296861
1297799 1297888
1299058 1299371
1300200 1301895
1302534 1302609
1303259 1303318
1303863 1304979
1305555 1306107
1306550 1307908
1308647 1310834
1311092 1312439
1313007 1314030
1314704 1314893
1315459 1317122
1317887 1320276
1320851 1321276
1323241 1324553
1325069 1325180
1325818 1327130
1328366 1329342
1330518 1332782
1333385 1336450
1336605 1340442
1341170 1343559
1346119 1346243
1347128 1347849
1348375 1350007
1352026 1352217
1352957 1354250
1355223 1355796
1357777 1360729
1361631 1364152
1364823 1365393
1366054 1366168
1366890 1368645
1369367 1372668
1372861 1376442
1376557 1376730
1377009 1381635
1381746 1382361
1383926 1386831
1387424 1390295
1390857 1394228
1394783 1395335
1396534 1399305
1399801 1401457
1403400 1407057
1409137 1409916
1410305 1411674
1412201 1412359
1412956 1413936
1414178 1416075
1417877 1418279
1419644 1422458
1422981 1423847
1424642 1426092
1426863 1428856
1429649 1430980
1431754 1432024
1433336 1436445
1437696 1438081
1438626 1439886
1440851 1442665
1443339 1443425
1444516 1445906
1455669 1455861
1456392 1456605
1457115 1457640
1460291 1460473
1461049 1462877
1463831 1468387
1469186 1469815
1470725 1471312
1473852 1478074
1478892 1480428
1481230 1491375
1491921 1492023
1493045 1497059
1497196 1498801
1499113 1499581
1500672 1502620
1502862 1506240
1506529 1509538
1511209 1513582
1514490 1517340
1517963 1519079
1520774 1523681
1524636 1529612
1530594 1531807
1532404 1538522
1538731 1539708
1540022 1540165
1540378 1541308
1542359 1543658
1544765 1545671
1547340 1547455
1548114 1548378
1549431 1549503
1551214 1551304
1551901 1553621
1554356 1554860
1556823 1557017
1557610 1559051
1560911 1566071
1566581 1569319
1569401 1569998
1571586 1571823
1572666 1573626
1574268 1574946
1575159 1575643
1576580 1577113
1577746 1579503
1582214 1583183
1584591 1584968
1585688 1586934
1587112 1587425
1588040 1588130
1588650 1589971
1590595 1595278
1596252 1596543
1597278 1599810
1600586 1601479
1602057 1602743
1603155 1603250
1603390 1604661
1605458 1611176
1611899 1612124
1612804 1612976
1613256 1613909
1616284 1619632
1620282 1623745
1624907 1625346
1625467 1627513
1628197 1630165
1630745 1631694
1631898 1632453
1633970 1636196
1636303 1638526
1638810 1640234
1641917 1647640
1648514 1648800
1649750 1651116
1652717 1652847
1654055 1654148
1655374 1655791
1657838 1658129
1658341 1658826
1661837 1662213
1663569 1663623
1664939 1668666
1669310 1670178
1670945 1671023
1671438 1673169
1673581 1673751
1673902 1674561
1675908 1675979
1676651 1677880
1678404 1678470
1680022 1680523
1680688 1680783
1680968 1681411
1681931 1682279
1683311 1684397
1685942 1686798
1687465 1689616
1690172 1693780
1694314 1695216
1695771 1701248
1701550 1706578
1707160 1707805
1708340 1709207
1711347 1711458
1712546 1713314
1713932 1714234
1714380 1715042
1715162 1716015
1716984 1717115
1717660 1717724
1718384 1721211
1721381 1723984
1725079 1726990
1727508 1728016
1728342 1728679
1729270 1730660
1731224 1738645
1739447 1739526
1740150 1741349
1743237 1743949
1744454 1745009
1748519 1748628
1749156 1749587
1750135 1750602
1751189 1751332
1751921 1753041
1753633 1754288
1755950 1756318
1757063 1758164
1759641 1760011
1760704 1761181
1761802 1762171
1763322 1763492
1764639 1764993
1765710 1765943
1767845 1768457
1770088 1774619
1775133 1775391
1775567 1776742
1779373 1783641
1784342 1784643
1784760 1784934
1785499 1786578
1787160 1799092
1799727 1801120
1801756 1802955
1804252 1808658
1810789 1811403
1812178 1813583
1814115 1815844
1817196 1818795
1819668 1822356
1822915 1823854
1824440 1827243
1828999 1830056
1830939 1831178
1831802 1831860
1832452 1838335
1839309 1840083
1840784 1841177
1841768 1841911
1842170 1842391
1844131 1845938
1846529 1847040
1847877 1848102
1849585 1849686
1850229 1852836
1853526 1853951
1854253 1854468
1855187 1856873
1857396 1857565
1858148 1858320
1858922 1859187
1859743 1861878
1862456 1863532
1864135 1864319
1865789 1866026
1866667 1866927
1867035 1867652
1867875 1870000
1870934 1873541
1874156 1876389
1876879 1885081
1885980 1886880
1887777 1888484
1888683 1898787
1899405 1899600
1899736 1902204
1902281 1903787
1904190 1904392
1904525 1906697
1907287 1910479
1911370 1912074
1913835 1916137
1917472 1919859
1920001 1921598
1921786 1921887
1923342 1925786
1926016 1927594
1927843 1927989
1929526 1931338
1932578 1932639
1933205 1934540
1935478 1936982
1937137 1945481
1946090 1946153
1947631 1949115
1950743 1951678
1952408 1952860
1953092 1953601
1953861 1954674
1955317 1957683
1957805 1958265
1958394 1961134
1961890 1963214
1963769 1963923
1964224 1969461
1970042 1980125
1980198 1983450
1984493 1996573
1996704 1998049
1998812 2004285
2004880 2006480
2007538 2008180
2009102 2009478
2010204 2012027
2012851 2012932
2014780 2014946
2015890 2017853
2018583 2020016
2021901 2024131
2024779 2024850
2025506 2028930
2035743 2038539
2039526 2040505
2043400 2043508
2044059 2046006
2047296 2050236
2051238 2054076
2055094 2055858
2056951 2057915
2058581 2059558
2061001 2061858
2062688 2062761
2065621 2069398
2070060 2071467
2072784 2074568
2074654 2075899
2076837 2084050
2084345 2084722
2088284 2090600
2090917 2091670
2091840 2092184
2092494 2098232
2099220 2100431
2101009 2102017
2103529 2104923
2105075 2107091
2107718 2108530
2110195 2110519
2111122 2111410
2111950 2113581
2114252 2114319
2115873 2116723
2117569 2119243
2119732 2121255
2121881 2122635
2123748 2123825
2125837 2127246
2127722 2131069
2131335 2131490
2131873 2135507
2135773 2138339
2138855 2141485
2142250 2143625
2144317 2145338
2146218 2147535
2148411 2148926
2149584 2152805
2153552 2153825
2154366 2154676
2155016 2156089
2156271 2160571
2161413 2164022
2164122 2166189
2168387 2168451
2169069 2170497
2172301 2172786
2174638 2175006
2177154 2179090
2179469 2182545
2183226 2185773
2187115 2189425
2189962 2190013
2190698 2190958
2191567 2192108
2192759 2196074
2196575 2197851
2198591 2201212
2201980 2202037
2202727 2214177
2214295 2217791
2218299 2222544
2224370 2227251
2227786 2228548
2229114 2229557
2229721 2230003
2230189 2230560
2232008 2233467
2234454 2234503
2235223 2237366
2237971 2243972
2244563 2244719
2245346 2247909
2248544 2248693
2250913 2251144
2251800 2252327
2253711 2253760
2254500 2255272
2255849 2256805
2257485 2259414
2260202 2261719
2262358 2262490
2263879 2264603
