Rothia_mucilaginosa_DY-18_gi_283457089_ref_NC_
3643 3842
14830 15264
16210 16641
18387 22158
23607 23884
27482 28860
33478 33585
33905 33980
35392 36494
37627 43283
44371 49991
51522 51909
61450 61540
70545 72533
73924 74193
75372 81856
81976 85431
90839 98216
99453 105344
106357 108323
108855 118285
118953 126788
126941 127207
130306 130392
131667 132199
139339 142460
143259 145572
146355 146560
151123 157076
166708 169390
182599 182878
183707 184305
184555 185275
185789 191707
192762 195197
197386 198414
199414 202134
210296 213291
224326 225042
255403 255578
268161 275614
276576 278066
283683 293516
294103 301851
302605 306192
306715 309054
309921 311871
312578 312808
314349 318063
324503 327760
334982 348878
349520 357139
358452 358537
358648 359190
359892 363196
363965 365673
365898 366174
371816 371969
373115 375911
378600 378775
381809 382257
383567 385306
386121 401060
401311 401892
404248 405378
406023 407885
408642 409644
433120 433534
453047 453157
457370 458286
459249 460608
461739 461827
494346 494633
499564 500051
509404 509656
550603 551352
559748 560644
561622 569865
577083 587187
587742 595370
595681 603321
603956 605072
605772 617155
620940 624518
625678 627329
628016 628251
628489 629357
634558 635637
644076 644704
644807 646258
647540 673716
682819 682945
683956 684046
684954 685176
686303 688540
688861 697983
699152 700942
702075 704954
705331 706880
709304 710687
711345 712034
716368 717775
718370 721561
721953 722869
724502 725842
727083 727156
727824 729417
744323 745188
764359 765947
772073 772401
776153 776322
783232 784919
793232 794480
799264 801426
806686 807133
808780 808903
812663 813624
814408 815141
815890 816154
816621 822538
824173 825446
826574 826860
828565 828841
834722 835175
839668 840370
841076 847508
853266 853469
854172 854384
880832 882292
915304 915796
936380 941653
946683 982129
991202 991772
992592 994176
1005437 1006057
1011351 1011471
1013019 1013079
1013999 1017634
1021515 1022010
1022268 1023206
1028697 1039301
1046072 1048006
1048149 1052176
1052752 1057034
1058320 1059322
1078645 1079239
1082367 1084558
1093915 1094149
1096666 1096780
1101232 1104505
1105741 1105836
1106863 1107649
1110928 1116956
1125392 1129054
1129158 1130837
1131474 1137356
1137862 1140132
1155396 1156936
1157544 1169077
1169737 1170494
1177416 1178260
1181573 1181763
1184358 1184907
1185130 1185296
1189220 1193261
1193993 1194272
1195172 1195418
1200551 1201045
1214321 1215835
1216474 1230604
1230744 1240426
1241407 1241459
1254589 1256205
1256839 1263968
1264584 1264887
1265467 1272475
1279403 1279507
1279615 1287568
1291792 1292244
1294728 1294943
1296184 1296303
1301681 1313788
1314704 1314893
1315457 1315634
1316232 1318747
1326066 1326128
1331044 1335690
1336227 1343644
1349133 1349242
1358569 1358771
1359234 1376442
1376557 1376730
1377012 1379138
1381710 1381860
1382183 1382361
1383958 1387423
1388101 1388412
1388711 1392505
1399633 1401004
1404990 1405263
1406744 1406844
1410305 1411363
1426809 1427214
1434016 1436052
1479140 1479427
1482587 1482703
1484250 1498801
1504119 1504696
1504924 1506270
1515681 1516064
1528928 1529608
1530292 1539595
1540612 1541308
1547340 1547455
1561657 1565045
1565753 1566071
1566647 1588577
1588817 1589070
1595287 1619632
1629171 1629375
1630537 1632453
1635643 1635797
1649946 1651213
1671555 1673494
1680350 1681226
1684206 1684397
1686259 1686495
1687669 1689223
1690172 1694488
1694570 1707681
1718649 1719736
1722875 1728679
1731224 1732027
1732777 1744588
1749160 1749372
1772389 1773318
1774324 1774564
1779368 1780053
1784331 1784639
1787160 1787883
1790192 1802191
1814115 1814244
1820094 1827243
1829494 1829845
1836356 1841177
1844139 1844372
1862455 1863490
1864135 1864319
1865789 1865839
1866826 1871292
1872088 1880795
1882312 1891919
1892495 1899786
1899974 1900463
1900561 1901122
1901771 1911707
1911796 1916137
1920109 1923601
1923955 1927590
1927843 1927989
1935478 1936799
1937200 1939583
1939681 1943739
1945230 1945477
1960840 1960939
1963008 1963209
1966083 1968202
1969099 1969360
1970156 1974551
1975988 1995632
1996151 1998049
1998812 2001282
2014780 2018250
2020363 2020490
2022140 2048920
2050288 2050516
2051850 2053016
2055191 2055401
2073155 2073450
2074848 2081891
2082398 2084101
2084616 2092650
2093513 2095414
2096026 2101162
2101326 2101411
2103615 2105175
2116204 2121255
2122164 2122235
2128382 2129060
2129709 2132615
2134019 2136330
2137497 2137637
2142250 2142744
2143584 2145167
2154366 2154676
2158362 2165492
2177675 2179090
2179360 2180612
2181659 2182164
2184137 2184523
2184757 2185342
2188674 2188783
2195787 2195987
2200542 2206123
2207555 2219090
2239351 2242246
2245427 2246576
