Haemophilus_parainfluenzae_HK262_gi_419801609_ref_NZ_
1 1612
Haemophilus_parainfluenzae_HK262_gi_419801269_ref_NZ_
1 7667
8511 9969
Haemophilus_parainfluenzae_HK262_gi_419802305_ref_NZ_
1 1534
Haemophilus_parainfluenzae_HK262_gi_419801636_ref_NZ_
1 10274
13593 14802
16235 19490
20095 36759
37374 38524
40456 46312
46595 49607
50256 50322
51045 51113
52532 54158
55827 56127
58487 59016
60168 63489
63691 64319
65177 70164
70809 77827
78431 84947
Haemophilus_parainfluenzae_HK262_gi_419801790_ref_NZ_
1 1139
Haemophilus_parainfluenzae_HK262_gi_419801128_ref_NZ_
1 5961
Haemophilus_parainfluenzae_HK262_gi_419801846_ref_NZ_
1 506
Haemophilus_parainfluenzae_HK262_gi_419801795_ref_NZ_
515 860
Haemophilus_parainfluenzae_HK262_gi_419801797_ref_NZ_
1 519
Haemophilus_parainfluenzae_HK262_gi_419802461_ref_NZ_
1 4966
5592 25604
28651 28705
30806 30978
31769 32225
32771 33366
34711 36341
40461 50172
50924 58797
61392 63907
65239 68058
68658 69823
71968 73108
74105 76777
77528 85508
86101 88194
91520 106842
108226 113719
114426 115525
116296 116507
117331 117538
118183 119340
Haemophilus_parainfluenzae_HK262_gi_419802236_ref_NZ_
1 5740
7744 17136
18291 19796
21198 24726
25457 25574
26678 28477
28887 29663
29895 37668
38219 42358
45693 50149
51136 52816
52972 54446
55013 55347
56794 59288
59474 65477
66203 68233
70883 74002
Haemophilus_parainfluenzae_HK262_gi_419803075_ref_NZ_
1 560
2227 2296
2802 6027
6737 6901
11160 22499
24388 34665
36070 46611
47284 57994
59318 62208
65077 66202
66735 67311
70646 70897
73849 76294
77314 77451
77844 77939
81583 81755
82266 82687
84391 84686
86531 92683
93746 95867
96854 100413
101119 102908
104925 108154
109421 123845
Haemophilus_parainfluenzae_HK262_gi_419801133_ref_NZ_
847 1116
1837 2471
3722 6657
Haemophilus_parainfluenzae_HK262_gi_419802226_ref_NZ_
1 7885
Haemophilus_parainfluenzae_HK262_gi_419801629_ref_NZ_
1 641
Haemophilus_parainfluenzae_HK262_gi_419802940_ref_NZ_
1 2927
Haemophilus_parainfluenzae_HK262_gi_419802204_ref_NZ_
1 7630
Haemophilus_parainfluenzae_HK262_gi_419801633_ref_NZ_
1 2402
Haemophilus_parainfluenzae_HK262_gi_419801631_ref_NZ_
1 840
Haemophilus_parainfluenzae_HK262_gi_419801799_ref_NZ_
80 244
Haemophilus_parainfluenzae_HK262_gi_419801140_ref_NZ_
Haemophilus_parainfluenzae_HK262_gi_419801369_ref_NZ_
1 882
Haemophilus_parainfluenzae_HK262_gi_419801142_ref_NZ_
1 9374
9499 16133
16798 18514
18676 24306
Haemophilus_parainfluenzae_HK262_gi_419801378_ref_NZ_
1 843
Haemophilus_parainfluenzae_HK262_gi_419801366_ref_NZ_
1 1783
Haemophilus_parainfluenzae_HK262_gi_419801382_ref_NZ_
1 67
1516 6319
6829 7954
8901 13120
14098 22148
23708 28301
28657 32583
33134 37135
Haemophilus_parainfluenzae_HK262_gi_419801984_ref_NZ_
1 2714
4048 5869
6424 8635
11242 17173
18136 46433
47078 49161
49861 54666
Haemophilus_parainfluenzae_HK262_gi_419801372_ref_NZ_
830 7986
Haemophilus_parainfluenzae_HK262_gi_419801279_ref_NZ_
1 213
1125 2835
3643 5192
5980 6599
6838 7773
8364 12434
13059 13660
14686 15316
15988 16569
17481 22745
23764 25199
25923 25975
26547 37136
37968 45957
Haemophilus_parainfluenzae_HK262_gi_419802578_ref_NZ_
1 24457
24924 27213
27408 51898
53042 54395
54920 55280
56035 61745
62360 62691
64424 75417
76022 80048
88960 92753
94404 100839
101713 115011
117654 117751
119738 122639
123482 127906
128445 128812
129383 130033
131037 131305
131530 132601
Haemophilus_parainfluenzae_HK262_gi_419803071_ref_NZ_
1 501
1136 2058
Haemophilus_parainfluenzae_HK262_gi_419801625_ref_NZ_
1 1286
Haemophilus_parainfluenzae_HK262_gi_419801839_ref_NZ_
Haemophilus_parainfluenzae_HK262_gi_419801519_ref_NZ_
1 2023
2631 5281
5785 7468
Haemophilus_parainfluenzae_HK262_gi_419802810_ref_NZ_
1 10010
10278 17479
18256 20252
21013 33196
34518 41228
42031 42099
42449 42899
44974 47993
48686 49957
51830 52944
53994 61401
62116 64219
64511 73454
89835 92268
93608 93734
94626 94804
102938 108164
109016 112895
Haemophilus_parainfluenzae_HK262_gi_419801793_ref_NZ_
1 757
Haemophilus_parainfluenzae_HK262_gi_419802343_ref_NZ_
1 1749
Haemophilus_parainfluenzae_HK262_gi_419801841_ref_NZ_
1 882
Haemophilus_parainfluenzae_HK262_gi_419801720_ref_NZ_
785 1030
1758 3128
3782 5423
7709 8560
9688 13806
15406 15547
16055 22553
23170 23284
24347 29360
30013 30511
32210 36168
37226 39444
39799 39954
40842 41003
43308 43731
47546 48000
49647 58257
60739 64684
65133 65238
65696 66788
67606 68421
70539 70645
Haemophilus_parainfluenzae_HK262_gi_419801158_ref_NZ_
1 18405
19352 19924
20614 32270
32441 37575
38656 40557
41978 48409
49559 51264
52311 57175
57968 58252
58882 59098
59859 72953
73693 84362
88219 88324
91041 93098
95022 108432
108662 118193
Haemophilus_parainfluenzae_HK262_gi_419801315_ref_NZ_
1 992
3345 15542
15643 17149
17416 31045
31653 40272
41014 57448
58751 60681
61231 62135
63183 63832
65051 65473
66462 67116
Haemophilus_parainfluenzae_HK262_gi_419801800_ref_NZ_
1286 1813
2877 3032
3346 6029
7081 7464
8720 8790
10728 13679
14299 22044
23906 27690
28264 29048
30536 30808
31641 33116
35450 38431
Haemophilus_parainfluenzae_HK262_gi_419802708_ref_NZ_
1 8842
11608 11690
13047 17540
18094 37491
38048 46606
47463 69397
71680 72434
72743 73200
75776 76596
77432 78419
79174 81503
82246 84062
85054 87940
88930 92682
93416 94201
95938 99330
100999 104365
105515 108501
Haemophilus_parainfluenzae_HK262_gi_419802705_ref_NZ_
1 4288
Haemophilus_parainfluenzae_HK262_gi_419802321_ref_NZ_
1 1104
Haemophilus_parainfluenzae_HK262_gi_419801527_ref_NZ_
1 4652
Haemophilus_parainfluenzae_HK262_gi_419802806_ref_NZ_
1 1743
Haemophilus_parainfluenzae_HK262_gi_419802031_ref_NZ_
1 40153
42902 45298
45885 45979
46725 46931
47871 48635
49150 49446
51057 53186
55595 55969
56152 56255
57682 58335
58759 59115
59534 60296
61420 61874
61998 68233
69610 74789
78526 78647
79514 85149
85939 87505
88357 94692
95352 114886
115133 116869
116968 117056
117573 131346
131849 133446
135743 136301
137067 137944
138803 138970
141602 142345
144458 144563
147722 148291
148815 152013
153680 154678
156616 157657
161446 162015
163243 163426
164044 169176
Haemophilus_parainfluenzae_HK262_gi_419802944_ref_NZ_
1 1634
1773 3048
3616 7627
7887 12736
13350 13452
13982 16307
17048 26278
26962 30949
32292 32473
33090 36868
38182 44855
45970 46084
46455 46505
47309 56939
57913 59713
60276 60600
61136 61935
62579 62930
64263 66144
67287 67805
69717 70031
71208 73953
75877 90515
91273 93862
94635 94801
96568 99302
99925 101529
101761 103547
103987 104518
104688 105762
106265 109133
109820 116786
117187 117897
118941 122651
123533 124592
Haemophilus_parainfluenzae_HK262_gi_419801627_ref_NZ_
1 2900
Haemophilus_parainfluenzae_HK262_gi_419802232_ref_NZ_
1 131
1821 2205
Haemophilus_parainfluenzae_HK262_gi_419801424_ref_NZ_
1 1885
2458 5890
6828 9017
10098 10352
11538 15651
15977 17666
17948 18170
19248 19865
20851 23581
24239 25729
26268 27222
27945 29538
30061 31078
31717 32175
34149 35241
38037 38929
42113 42444
43892 45656
47327 47390
48312 48744
49262 71277
71944 82850
88043 96789
98481 98623
99146 101641
Haemophilus_parainfluenzae_HK262_gi_419802804_ref_NZ_
1 1099
Haemophilus_parainfluenzae_HK262_gi_419801530_ref_NZ_
1 2896
4533 4623
5172 9299
9426 20237
21188 24459
25909 33110
33883 42232
42918 43937
45468 45542
46404 47664
49214 49519
49995 52287
53202 53383
54472 58080
60409 62277
62990 70596
71615 71673
73113 75458
76704 77085
77724 81582
83134 87532
Haemophilus_parainfluenzae_HK262_gi_419801380_ref_NZ_
1 737
Haemophilus_parainfluenzae_HK262_gi_419802323_ref_NZ_
1 1452
10190 11463
12158 12337
13055 18982
Haemophilus_parainfluenzae_HK262_gi_419801848_ref_NZ_
1 4003
8364 10668
12947 17537
18178 21528
25878 26999
29840 32828
33757 46658
47331 49501
50170 53316
53454 55088
56067 57364
59403 59696
60236 63599
64099 79424
81938 83654
84513 88050
89755 90240
91241 98107
99549 107660
108925 109200
109613 110589
112892 113590
115074 118916
119636 120545
121336 121944
122753 123623
124533 127982
128727 129172
129961 134086
134532 135097
135626 139362
140162 141384
142052 143581
Haemophilus_parainfluenzae_HK262_gi_419803063_ref_NZ_
1 1986
2752 4868
Haemophilus_parainfluenzae_HK262_gi_419802342_ref_NZ_
1 2818
Haemophilus_parainfluenzae_HK262_gi_419801614_ref_NZ_
1 7844
Haemophilus_parainfluenzae_HK262_gi_419802369_ref_NZ_
1 2409
3981 9593
10121 13583
15273 18874
21961 23850
27226 27690
28787 34265
34783 40354
40982 42696
44119 47340
48002 58069
58631 61186
61893 73113
73234 73941
74682 76934
77414 78365
78685 85742
Haemophilus_parainfluenzae_HK262_gi_419802345_ref_NZ_
1 12276
16389 17892
Haemophilus_parainfluenzae_HK262_gi_419802308_ref_NZ_
1 5568
6260 6477
7763 10902
Haemophilus_parainfluenzae_HK262_gi_419803070_ref_NZ_
Haemophilus_parainfluenzae_HK262_gi_419802303_ref_NZ_
1 760
Haemophilus_parainfluenzae_HK262_gi_419802215_ref_NZ_
1 4964
5277 10832
Haemophilus_parainfluenzae_HK262_gi_419801612_ref_NZ_
1 581
Haemophilus_parainfluenzae_HK262_gi_419801844_ref_NZ_
1 512
