Haemophilus_parainfluenzae_HK262_gi_419801609_ref_NZ_
1 1612
Haemophilus_parainfluenzae_HK262_gi_419801269_ref_NZ_
1 9969
Haemophilus_parainfluenzae_HK262_gi_419802305_ref_NZ_
1 1534
Haemophilus_parainfluenzae_HK262_gi_419801636_ref_NZ_
1 3351
4059 12162
12770 15272
16272 47776
48617 50385
51039 52526
53310 54084
54598 85982
Haemophilus_parainfluenzae_HK262_gi_419801790_ref_NZ_
1 1139
Haemophilus_parainfluenzae_HK262_gi_419801128_ref_NZ_
1 1594
1800 5961
Haemophilus_parainfluenzae_HK262_gi_419801846_ref_NZ_
1 506
Haemophilus_parainfluenzae_HK262_gi_419801795_ref_NZ_
1 82
276 399
Haemophilus_parainfluenzae_HK262_gi_419801797_ref_NZ_
1 519
Haemophilus_parainfluenzae_HK262_gi_419802461_ref_NZ_
1 4666
5207 37513
38807 38864
39966 64381
65021 67645
67741 91293
91520 99547
100098 101802
102333 119340
Haemophilus_parainfluenzae_HK262_gi_419802236_ref_NZ_
1 6261
7069 17214
17846 31411
31521 41205
41999 44039
44842 59336
59474 69402
70253 71869
71982 74002
Haemophilus_parainfluenzae_HK262_gi_419803075_ref_NZ_
1 8437
9858 10272
11196 11319
11920 12541
13207 21634
22168 27403
28549 38134
38749 57076
57661 69410
69943 70897
71637 78482
79979 93313
94001 96757
96881 97054
97170 120506
121869 123845
Haemophilus_parainfluenzae_HK262_gi_419801133_ref_NZ_
1 6657
Haemophilus_parainfluenzae_HK262_gi_419802226_ref_NZ_
1 7885
Haemophilus_parainfluenzae_HK262_gi_419801629_ref_NZ_
1 641
Haemophilus_parainfluenzae_HK262_gi_419802940_ref_NZ_
1 2927
Haemophilus_parainfluenzae_HK262_gi_419802204_ref_NZ_
1 7630
Haemophilus_parainfluenzae_HK262_gi_419801633_ref_NZ_
1 2402
Haemophilus_parainfluenzae_HK262_gi_419801631_ref_NZ_
1 840
Haemophilus_parainfluenzae_HK262_gi_419801799_ref_NZ_
1 1758
Haemophilus_parainfluenzae_HK262_gi_419801140_ref_NZ_
Haemophilus_parainfluenzae_HK262_gi_419801369_ref_NZ_
525 882
Haemophilus_parainfluenzae_HK262_gi_419801142_ref_NZ_
1 16253
16790 25031
Haemophilus_parainfluenzae_HK262_gi_419801378_ref_NZ_
1 843
Haemophilus_parainfluenzae_HK262_gi_419801366_ref_NZ_
1 1783
Haemophilus_parainfluenzae_HK262_gi_419801382_ref_NZ_
1 10413
10998 13515
13763 14083
14964 37135
Haemophilus_parainfluenzae_HK262_gi_419801984_ref_NZ_
1 5869
6454 9059
9879 17639
18158 32666
33326 35592
37200 40304
41276 54666
Haemophilus_parainfluenzae_HK262_gi_419801372_ref_NZ_
1 7986
Haemophilus_parainfluenzae_HK262_gi_419801279_ref_NZ_
1 12172
12709 13933
14463 18881
19099 38123
38313 38526
38783 45957
Haemophilus_parainfluenzae_HK262_gi_419802578_ref_NZ_
1 2265
3216 8254
10856 10922
13896 29320
30559 43011
46107 57875
58428 58790
58962 75375
75974 80048
83628 84328
84895 86027
89385 93839
94404 95853
96515 132601
Haemophilus_parainfluenzae_HK262_gi_419803071_ref_NZ_
1 2058
Haemophilus_parainfluenzae_HK262_gi_419801625_ref_NZ_
1 1286
Haemophilus_parainfluenzae_HK262_gi_419801839_ref_NZ_
1 677
Haemophilus_parainfluenzae_HK262_gi_419801519_ref_NZ_
1 7468
Haemophilus_parainfluenzae_HK262_gi_419802810_ref_NZ_
1 44105
45442 74635
83774 83898
89099 95630
102366 112895
Haemophilus_parainfluenzae_HK262_gi_419801793_ref_NZ_
1 757
Haemophilus_parainfluenzae_HK262_gi_419802343_ref_NZ_
1 1749
Haemophilus_parainfluenzae_HK262_gi_419801841_ref_NZ_
1 882
Haemophilus_parainfluenzae_HK262_gi_419801720_ref_NZ_
1 4394
4573 21107
21728 36439
36971 38033
38202 38566
38831 59877
60638 70645
Haemophilus_parainfluenzae_HK262_gi_419801158_ref_NZ_
1 41279
42089 53181
54060 63035
63952 66153
66803 68259
71223 80724
81212 84847
85366 85484
87943 88980
90424 107085
107311 111003
111328 118193
Haemophilus_parainfluenzae_HK262_gi_419801315_ref_NZ_
1 6842
7557 16266
16906 17341
17416 67116
Haemophilus_parainfluenzae_HK262_gi_419801800_ref_NZ_
1 454
717 9406
10647 13188
13800 24490
25496 29023
29270 33179
33747 39142
Haemophilus_parainfluenzae_HK262_gi_419802708_ref_NZ_
1 10472
11232 13107
13629 13825
14327 14428
15309 18706
19094 20540
21149 41457
41972 53706
54207 55390
56560 73347
74011 77811
78557 79441
80056 80311
81267 82470
82979 84241
84746 87533
88224 94649
95223 96579
97537 100169
100999 102809
103778 104920
105505 108501
Haemophilus_parainfluenzae_HK262_gi_419802705_ref_NZ_
1 4288
Haemophilus_parainfluenzae_HK262_gi_419802321_ref_NZ_
1 1104
Haemophilus_parainfluenzae_HK262_gi_419801527_ref_NZ_
1 4652
Haemophilus_parainfluenzae_HK262_gi_419802806_ref_NZ_
1 1743
Haemophilus_parainfluenzae_HK262_gi_419802031_ref_NZ_
1 42104
42767 46481
46653 53591
54189 54609
55595 60296
61023 61495
61998 69634
69764 74196
74797 75990
77061 79670
80252 86219
86367 89231
89443 125804
126530 134040
135782 156692
157198 158500
159138 162589
163243 169176
Haemophilus_parainfluenzae_HK262_gi_419802944_ref_NZ_
1 671
1463 29623
29844 41284
41891 53846
54442 66664
67233 70031
70593 73790
74770 74863
75553 96687
96838 103776
104297 105909
106436 113722
114248 116242
117031 124592
Haemophilus_parainfluenzae_HK262_gi_419801627_ref_NZ_
1 2900
Haemophilus_parainfluenzae_HK262_gi_419802232_ref_NZ_
1 2841
Haemophilus_parainfluenzae_HK262_gi_419801424_ref_NZ_
1 21940
22514 24584
25235 26603
27164 40790
41749 43119
43646 80610
80852 83187
83758 86671
87181 88910
94275 94371
95325 95403
96654 96777
97599 97713
98550 101868
102204 102394
Haemophilus_parainfluenzae_HK262_gi_419802804_ref_NZ_
1 1210
Haemophilus_parainfluenzae_HK262_gi_419801530_ref_NZ_
1 17840
18501 19412
19934 23543
23908 30581
31533 53383
54292 55969
56574 59664
60409 63888
64631 68777
68920 71938
72568 76905
77495 84803
84958 87532
Haemophilus_parainfluenzae_HK262_gi_419801380_ref_NZ_
1 737
Haemophilus_parainfluenzae_HK262_gi_419802323_ref_NZ_
1 3319
8707 13973
14687 18982
Haemophilus_parainfluenzae_HK262_gi_419801848_ref_NZ_
1 5032
7616 10713
11357 12962
14511 27356
28174 28351
28868 33294
34004 63801
63978 66158
66387 111216
111875 120443
121270 123566
124121 129155
130303 135235
135465 136578
137100 139362
140190 143992
Haemophilus_parainfluenzae_HK262_gi_419803063_ref_NZ_
1 4868
Haemophilus_parainfluenzae_HK262_gi_419802342_ref_NZ_
1 2818
Haemophilus_parainfluenzae_HK262_gi_419801614_ref_NZ_
1 7844
Haemophilus_parainfluenzae_HK262_gi_419802369_ref_NZ_
1 3010
3717 6712
7229 19090
19626 19817
21615 28572
28773 39076
39402 41644
42242 45038
45873 78720
79488 82271
82948 85807
Haemophilus_parainfluenzae_HK262_gi_419802345_ref_NZ_
1 5752
6661 17892
Haemophilus_parainfluenzae_HK262_gi_419802308_ref_NZ_
1 10902
Haemophilus_parainfluenzae_HK262_gi_419803070_ref_NZ_
1 92
716 3327
Haemophilus_parainfluenzae_HK262_gi_419802303_ref_NZ_
1 760
Haemophilus_parainfluenzae_HK262_gi_419802215_ref_NZ_
1 10832
Haemophilus_parainfluenzae_HK262_gi_419801612_ref_NZ_
1 581
Haemophilus_parainfluenzae_HK262_gi_419801844_ref_NZ_
1 512
