Haemophilus_parainfluenzae_HK262_gi_419801609_ref_NZ_
1 1612
Haemophilus_parainfluenzae_HK262_gi_419801269_ref_NZ_
1 7783
8665 9969
Haemophilus_parainfluenzae_HK262_gi_419802305_ref_NZ_
1 1534
Haemophilus_parainfluenzae_HK262_gi_419801636_ref_NZ_
1 4691
5253 9754
14844 23771
24520 24980
26064 34654
35315 46444
49923 50375
56053 81095
81987 85982
Haemophilus_parainfluenzae_HK262_gi_419801790_ref_NZ_
1 1139
Haemophilus_parainfluenzae_HK262_gi_419801128_ref_NZ_
1 5961
Haemophilus_parainfluenzae_HK262_gi_419801846_ref_NZ_
1 506
Haemophilus_parainfluenzae_HK262_gi_419801795_ref_NZ_
Haemophilus_parainfluenzae_HK262_gi_419801797_ref_NZ_
1 519
Haemophilus_parainfluenzae_HK262_gi_419802461_ref_NZ_
1 5369
6164 21893
21989 27100
27758 28851
29357 36035
36832 52836
53762 64002
64873 71679
72783 101923
102481 119340
Haemophilus_parainfluenzae_HK262_gi_419802236_ref_NZ_
1 2063
2609 28193
29839 47947
53870 59332
59474 65670
66183 66375
67351 67660
68642 74002
Haemophilus_parainfluenzae_HK262_gi_419803075_ref_NZ_
1 399
3266 6851
16013 62077
68865 69187
76027 76713
80518 80869
82889 84239
85158 95526
96328 96829
97401 102205
102964 104182
104722 123845
Haemophilus_parainfluenzae_HK262_gi_419801133_ref_NZ_
875 1108
1837 2495
3684 6657
Haemophilus_parainfluenzae_HK262_gi_419802226_ref_NZ_
1 160
307 7885
Haemophilus_parainfluenzae_HK262_gi_419801629_ref_NZ_
1 641
Haemophilus_parainfluenzae_HK262_gi_419802940_ref_NZ_
1 2927
Haemophilus_parainfluenzae_HK262_gi_419802204_ref_NZ_
1 7630
Haemophilus_parainfluenzae_HK262_gi_419801633_ref_NZ_
1 2402
Haemophilus_parainfluenzae_HK262_gi_419801631_ref_NZ_
1 840
Haemophilus_parainfluenzae_HK262_gi_419801799_ref_NZ_
Haemophilus_parainfluenzae_HK262_gi_419801140_ref_NZ_
Haemophilus_parainfluenzae_HK262_gi_419801369_ref_NZ_
1 882
Haemophilus_parainfluenzae_HK262_gi_419801142_ref_NZ_
1 9374
9528 15429
16797 22922
Haemophilus_parainfluenzae_HK262_gi_419801378_ref_NZ_
1 843
Haemophilus_parainfluenzae_HK262_gi_419801366_ref_NZ_
1 1783
Haemophilus_parainfluenzae_HK262_gi_419801382_ref_NZ_
1 12683
15669 19326
20368 23211
23998 37135
Haemophilus_parainfluenzae_HK262_gi_419801984_ref_NZ_
1 35588
38260 45977
52679 54666
Haemophilus_parainfluenzae_HK262_gi_419801372_ref_NZ_
830 7986
Haemophilus_parainfluenzae_HK262_gi_419801279_ref_NZ_
839 5308
5980 7147
8387 13907
14424 15888
16543 16831
17577 18648
19500 22455
23028 30239
31524 34090
35016 37483
38578 39873
40512 45957
Haemophilus_parainfluenzae_HK262_gi_419802578_ref_NZ_
1 37531
39749 43011
46901 49460
50013 58960
59901 74300
74847 75401
75978 79232
79823 80048
89385 89874
90697 93376
94404 101305
101811 115472
116160 119097
119621 123082
123787 131995
Haemophilus_parainfluenzae_HK262_gi_419803071_ref_NZ_
1 2058
Haemophilus_parainfluenzae_HK262_gi_419801625_ref_NZ_
Haemophilus_parainfluenzae_HK262_gi_419801839_ref_NZ_
294 677
Haemophilus_parainfluenzae_HK262_gi_419801519_ref_NZ_
1 1067
3477 4790
5385 7468
Haemophilus_parainfluenzae_HK262_gi_419802810_ref_NZ_
1 9118
10297 20919
21764 33240
34719 47223
48093 61445
62072 91113
102245 104819
108561 112895
Haemophilus_parainfluenzae_HK262_gi_419801793_ref_NZ_
1 757
Haemophilus_parainfluenzae_HK262_gi_419802343_ref_NZ_
1 1749
Haemophilus_parainfluenzae_HK262_gi_419801841_ref_NZ_
1 882
Haemophilus_parainfluenzae_HK262_gi_419801720_ref_NZ_
781 4947
5637 13806
14913 25371
25873 33444
48676 50628
51434 64563
65696 66442
67569 67742
70536 70645
Haemophilus_parainfluenzae_HK262_gi_419801158_ref_NZ_
1 19736
20262 20637
21163 29180
30005 31304
32735 58529
59098 62929
79691 83335
84462 85066
85944 86123
88424 88965
90338 92341
93181 118193
Haemophilus_parainfluenzae_HK262_gi_419801315_ref_NZ_
1 6838
8472 9817
12565 14767
15510 17340
17416 67116
Haemophilus_parainfluenzae_HK262_gi_419801800_ref_NZ_
1 1404
3244 5787
14917 19185
20449 21389
22327 22645
23908 29293
30524 33165
33751 34007
35450 38467
Haemophilus_parainfluenzae_HK262_gi_419802708_ref_NZ_
1 3356
3912 11507
12482 15257
15835 16572
17428 38609
39800 68372
69497 70220
71247 76596
77166 84199
84774 87340
88224 88539
89222 108501
Haemophilus_parainfluenzae_HK262_gi_419802705_ref_NZ_
1 4288
Haemophilus_parainfluenzae_HK262_gi_419802321_ref_NZ_
1 1104
Haemophilus_parainfluenzae_HK262_gi_419801527_ref_NZ_
1 4652
Haemophilus_parainfluenzae_HK262_gi_419802806_ref_NZ_
1 1743
Haemophilus_parainfluenzae_HK262_gi_419802031_ref_NZ_
1 39715
40708 46601
47507 68354
69612 73671
74248 75252
77871 78049
80818 82206
83509 84886
90196 116869
117540 128041
129283 137680
138287 138703
139892 143488
144836 146274
148560 152397
154396 154657
163243 169176
Haemophilus_parainfluenzae_HK262_gi_419802944_ref_NZ_
1 364
1755 25097
26492 29119
29640 31809
32832 35361
36026 36272
39724 40520
41575 41839
42535 45451
48382 50836
52015 57495
58876 60110
65293 66114
67243 67887
69162 70022
70735 71554
77733 88341
89127 90701
91226 92451
92983 94388
94901 95123
95983 96731
96838 102211
102727 105319
106440 113718
114252 122553
123389 123511
124069 124592
Haemophilus_parainfluenzae_HK262_gi_419801627_ref_NZ_
1 2900
Haemophilus_parainfluenzae_HK262_gi_419802232_ref_NZ_
1 277
1821 2205
Haemophilus_parainfluenzae_HK262_gi_419801424_ref_NZ_
3793 5696
6805 9210
9984 14217
14742 15836
16403 17695
20992 21727
24239 24494
27983 31077
32332 33830
42007 42444
43650 50641
51178 81513
85783 86122
Haemophilus_parainfluenzae_HK262_gi_419802804_ref_NZ_
Haemophilus_parainfluenzae_HK262_gi_419801530_ref_NZ_
1 1111
8711 16149
18689 46322
46825 47524
48241 48490
49623 49875
50687 51732
60409 70347
75792 76254
78069 78342
Haemophilus_parainfluenzae_HK262_gi_419801380_ref_NZ_
1 737
Haemophilus_parainfluenzae_HK262_gi_419802323_ref_NZ_
1 438
950 2031
2730 3038
8711 11789
12339 15937
16757 18982
Haemophilus_parainfluenzae_HK262_gi_419801848_ref_NZ_
1 8556
9506 10272
11274 11543
12651 12847
15626 16640
17246 17480
18601 19027
19618 28433
29005 42334
42894 63660
64699 66220
67383 83316
83889 86301
87007 88462
91816 97989
99513 108093
109370 109631
110285 111216
112297 112654
115158 119304
124533 127838
132003 132779
133395 133656
Haemophilus_parainfluenzae_HK262_gi_419803063_ref_NZ_
1 1551
2308 3246
4145 4868
Haemophilus_parainfluenzae_HK262_gi_419802342_ref_NZ_
1 2818
Haemophilus_parainfluenzae_HK262_gi_419801614_ref_NZ_
1 7844
Haemophilus_parainfluenzae_HK262_gi_419802369_ref_NZ_
1 11961
14382 15477
22516 23759
24333 25656
26757 26982
28787 31082
31623 38031
38603 43061
43824 51738
52536 56734
57259 57531
58042 73996
74808 81424
82136 85742
Haemophilus_parainfluenzae_HK262_gi_419802345_ref_NZ_
1 3667
4215 12002
13826 15703
16545 17892
Haemophilus_parainfluenzae_HK262_gi_419802308_ref_NZ_
70 5832
6486 7856
8565 10902
Haemophilus_parainfluenzae_HK262_gi_419803070_ref_NZ_
2802 3033
Haemophilus_parainfluenzae_HK262_gi_419802303_ref_NZ_
1 760
Haemophilus_parainfluenzae_HK262_gi_419802215_ref_NZ_
1 10832
Haemophilus_parainfluenzae_HK262_gi_419801612_ref_NZ_
1 581
Haemophilus_parainfluenzae_HK262_gi_419801844_ref_NZ_
1 512
