alpha_proteobacterium_LLX12A_gi_483997323_ref_NZ_
1 103
759 1851
2408 4578
5552 7772
8637 9514
10346 12184
alpha_proteobacterium_LLX12A_gi_483997877_ref_NZ_
1 617
alpha_proteobacterium_LLX12A_gi_483997028_ref_NZ_
1 627
1175 1907
3092 3324
3861 5969
7529 7991
8840 9504
10058 10917
11560 11999
12761 15396
17204 17831
18410 19020
19639 20017
20575 25087
25648 26756
27496 28456
28978 30504
31131 32287
33385 33978
34607 35180
36077 36309
37203 37486
38211 39228
40953 41975
43110 43751
alpha_proteobacterium_LLX12A_gi_483997776_ref_NZ_
1 1132
alpha_proteobacterium_LLX12A_gi_483997242_ref_NZ_
1 108
625 3205
4022 4329
4899 5071
7291 7540
8065 8558
10590 10775
11359 12322
12997 14327
alpha_proteobacterium_LLX12A_gi_483997234_ref_NZ_
1 504
1368 1504
2081 2709
3343 4602
5634 5895
6594 7030
7623 7710
8952 12514
13333 16754
alpha_proteobacterium_LLX12A_gi_483997582_ref_NZ_
979 1221
1886 4069
alpha_proteobacterium_LLX12A_gi_483997463_ref_NZ_
1 296
1076 1866
2788 2925
3480 4983
5553 6050
6703 7172
alpha_proteobacterium_LLX12A_gi_483996967_ref_NZ_
1 181
1371 3116
3896 4125
4881 5355
5887 7865
8827 9828
10368 11313
11851 12844
13537 13919
14533 16212
16740 17331
18212 20694
21993 22166
22723 23374
24061 25213
25805 26408
27678 28551
29109 29313
29949 30726
31566 32168
33403 34639
35221 36624
37263 38222
38964 39369
39961 40010
40599 42719
43444 44582
45547 49029
50064 50443
50944 52102
52791 56330
56843 57324
57914 60378
alpha_proteobacterium_LLX12A_gi_483997021_ref_NZ_
1 332
1365 1612
2196 2260
2880 7587
9335 9612
10249 11196
12286 13313
13879 14133
14870 16127
16724 16999
17841 24699
25765 25841
26628 26715
27735 28092
28602 29079
29630 30799
31462 34228
34890 35515
36215 41234
42164 44869
alpha_proteobacterium_LLX12A_gi_483997491_ref_NZ_
1 1507
2029 3336
3989 4549
5128 6386
alpha_proteobacterium_LLX12A_gi_483997819_ref_NZ_
703 906
alpha_proteobacterium_LLX12A_gi_483996923_ref_NZ_
1089 1478
2066 2866
4301 6033
6872 7790
8392 8730
9321 10030
10924 11408
12128 15450
16004 16457
20197 20955
22174 22439
23654 26316
27136 27791
29007 29089
30510 30756
31283 32793
33362 34137
35929 37572
38131 38827
41015 41471
42276 43161
44054 45757
46503 48617
49548 50300
51001 56302
56820 57721
58290 58772
59381 65312
65853 66896
68203 69890
70515 72232
72775 73390
74009 77224
77759 80232
alpha_proteobacterium_LLX12A_gi_483996970_ref_NZ_
1 153
1520 2096
3129 4043
4602 6879
8160 8556
9153 11972
12533 13177
14062 15879
16722 18427
19706 20239
21450 22525
23082 23207
23865 27192
27721 28285
28922 30899
31729 35662
36872 38380
39491 41339
42402 44128
44748 45995
47315 47535
50471 51097
51620 53393
54567 55328
55909 57158
58477 59994
alpha_proteobacterium_LLX12A_gi_483997702_ref_NZ_
1 1815
alpha_proteobacterium_LLX12A_gi_483997131_ref_NZ_
798 1280
3238 3547
4083 5578
6189 6487
7162 8681
10017 10271
11047 12152
12732 13906
14426 15018
15722 17188
18140 18610
19243 20020
21337 21857
22679 22951
23572 25826
26357 26447
26963 27269
28020 29059
alpha_proteobacterium_LLX12A_gi_483997087_ref_NZ_
1 576
1162 3246
3788 3971
4746 5350
6429 8610
9428 13070
13592 16461
17386 17637
18985 19329
20169 20409
21462 22663
23336 27451
27992 32815
alpha_proteobacterium_LLX12A_gi_483997789_ref_NZ_
1 1076
alpha_proteobacterium_LLX12A_gi_483997696_ref_NZ_
1 1140
1813 1881
alpha_proteobacterium_LLX12A_gi_483997530_ref_NZ_
1 615
2276 3340
3848 3923
4800 5113
alpha_proteobacterium_LLX12A_gi_483997715_ref_NZ_
1 360
1403 1635
alpha_proteobacterium_LLX12A_gi_483996931_ref_NZ_
1 514
1180 3483
4512 4592
5473 7733
9038 10000
11288 13794
14476 16672
17975 21071
21585 24033
26043 27357
28056 28898
29540 29700
32341 33003
34157 37891
39486 42461
42973 43916
44652 45390
46050 46602
47122 47941
48872 48939
49503 49788
50435 54187
54944 55302
56098 56673
57264 57801
58700 58948
60038 67943
68449 71487
72094 73927
74442 74511
alpha_proteobacterium_LLX12A_gi_483996887_ref_NZ_
1 2270
3438 4440
5674 5956
6604 9161
10420 10709
11815 12795
13953 16660
17521 17706
18439 19613
20223 21002
22220 22367
23155 23525
24640 25259
27191 27558
28271 28810
29450 29679
30627 32183
33053 33805
34672 35758
37053 37319
38672 41012
41634 41684
42308 43095
43633 44500
45164 46958
47536 48024
48638 48892
49665 50630
51228 51560
52127 54494
55191 56597
57548 57950
58459 60339
61237 62014
62742 63616
64288 65527
66425 66528
67167 68511
69282 69561
71380 77000
77633 81596
82201 82536
83488 84254
85020 88222
88724 88779
89551 91042
93478 94667
95301 95443
96113 96572
97117 100346
100922 101198
101834 104739
105303 105474
106396 106556
107248 111027
111701 115900
116403 119535
120352 121077
122166 123284
123866 124148
124813 125745
126463 129781
130313 133095
133630 136540
137122 137889
138430 141438
142109 142231
142937 143810
144482 144750
145418 145752
146253 147546
148603 153362
154242 154476
155734 156861
157362 157701
158291 160828
162780 163014
163664 164630
166083 166418
167682 170599
171110 171904
173114 173790
174353 174661
alpha_proteobacterium_LLX12A_gi_483997805_ref_NZ_
1 1001
alpha_proteobacterium_LLX12A_gi_483997518_ref_NZ_
1 853
2477 2548
3292 5570
alpha_proteobacterium_LLX12A_gi_483997134_ref_NZ_
1 3395
4149 4597
5788 6841
7690 9092
10774 15554
16720 22558
23482 25482
26304 27230
27847 28354
alpha_proteobacterium_LLX12A_gi_483997845_ref_NZ_
607 718
alpha_proteobacterium_LLX12A_gi_483997641_ref_NZ_
1 1016
2547 3178
alpha_proteobacterium_LLX12A_gi_483997094_ref_NZ_
1 2848
3555 6342
6928 7098
7837 7929
11124 12438
13016 16988
17689 17939
18646 19622
20203 22506
23070 23438
24357 28473
29225 32504
alpha_proteobacterium_LLX12A_gi_483997624_ref_NZ_
873 1348
2170 3422
alpha_proteobacterium_LLX12A_gi_483997723_ref_NZ_
1 475
alpha_proteobacterium_LLX12A_gi_483997238_ref_NZ_
1 163
1546 1618
2513 4675
5227 5371
6824 7236
8085 9857
10379 12698
13750 15031
16221 16686
alpha_proteobacterium_LLX12A_gi_483996919_ref_NZ_
1 452
2488 2953
3964 4354
5212 5327
5982 6528
7097 11543
12476 13456
14851 15121
15696 22339
23234 24942
25522 25604
26322 28242
28863 28977
30506 31324
31834 34752
35669 37226
38114 39448
41120 41762
42587 43183
44594 45140
46195 48585
49501 49660
50793 51523
52045 52682
53374 55016
55631 56789
57319 57530
58317 61058
62098 62400
63117 64568
65357 66322
67939 68545
69161 72212
73386 73812
74546 76215
78246 79362
79936 80183
81318 81515
82189 83115
83700 84002
84681 86486
87260 87924
alpha_proteobacterium_LLX12A_gi_483997660_ref_NZ_
1 360
995 2668
alpha_proteobacterium_LLX12A_gi_483997312_ref_NZ_
1 160
872 947
1597 2173
2829 5256
5832 7188
7855 9862
10396 11411
12047 12565
alpha_proteobacterium_LLX12A_gi_483997184_ref_NZ_
1 143
1822 2292
4316 5391
6023 8246
8863 10934
12860 13255
14225 16494
17214 17650
18556 19448
20088 21503
alpha_proteobacterium_LLX12A_gi_483997024_ref_NZ_
1 2452
3001 3376
4977 5880
6472 10399
11315 14401
15179 15937
16476 16681
17310 18364
18871 19350
19877 23072
23764 25352
25860 27263
28590 33256
34149 34944
36644 37188
38108 39226
39776 41039
41849 43090
43873 43940
44517 44703
alpha_proteobacterium_LLX12A_gi_483997050_ref_NZ_
1 1673
2188 3773
4616 6631
7265 8618
9530 9720
11058 16580
17349 23454
24152 28772
29367 32986
33566 34290
35672 35872
36458 38075
38759 41041
alpha_proteobacterium_LLX12A_gi_483997282_ref_NZ_
1 800
1304 6413
6988 9540
10095 11642
12196 12631
13455 13792
alpha_proteobacterium_LLX12A_gi_483996929_ref_NZ_
1 1122
1947 3292
3824 5128
6004 6291
7277 10440
11048 13439
15453 16673
17248 18627
19315 20111
21286 23214
24430 26721
27227 30773
31586 33743
34480 42574
43161 44425
46381 47483
48145 49177
49706 51799
52331 52672
54174 54472
55056 55536
56322 60599
61229 61336
61874 63204
63813 64295
64800 66913
67798 68138
69113 69211
70980 71996
72652 72959
74234 76565
77186 77865
78672 79290
79822 79951
alpha_proteobacterium_LLX12A_gi_483997011_ref_NZ_
1 2662
3707 3824
4339 4834
5998 7515
8214 10843
11392 13122
14105 16688
17410 17569
18169 19489
20008 21072
22054 27047
27559 28719
29417 30562
34622 35152
35822 37435
38091 39291
39972 40147
40668 41103
41826 41968
42491 42819
43559 44839
45466 47329
alpha_proteobacterium_LLX12A_gi_483997138_ref_NZ_
1 337
2343 3582
4620 4808
5369 6565
7170 7940
8543 8999
9538 10203
11389 17277
17890 19509
21296 21577
22200 23873
25422 27137
alpha_proteobacterium_LLX12A_gi_483997535_ref_NZ_
1 99
1427 2592
3228 3848
4566 5024
alpha_proteobacterium_LLX12A_gi_483996898_ref_NZ_
1 501
1238 1625
2332 4518
5070 6194
6990 7218
7829 9934
11272 12169
13041 14147
14787 18295
18850 19729
20249 20724
23177 23735
24415 26111
26816 29817
30337 31596
33178 33430
34624 35774
36508 37391
38480 38808
39704 41699
42205 43340
44242 47134
47892 51095
51772 53256
53921 54174
54675 57828
58340 58979
60959 61485
62173 63734
64274 70246
71834 73619
74613 74977
75803 77488
78151 78542
79414 83419
83977 86081
86706 86842
87486 90099
90654 91454
92001 94289
95100 95933
96596 97722
100030 100768
101275 103421
103948 108583
109178 112478
114008 114287
115316 115874
116554 118777
119445 120215
120745 121399
121900 122281
122783 124384
125956 128082
129328 129382
alpha_proteobacterium_LLX12A_gi_483997416_ref_NZ_
1 1963
2806 7677
8192 8320
alpha_proteobacterium_LLX12A_gi_483997837_ref_NZ_
1 812
alpha_proteobacterium_LLX12A_gi_483996896_ref_NZ_
1 115
657 770
1757 2190
2707 4021
4819 5965
6724 9278
9874 10214
11115 12760
13340 13772
16488 19186
19983 21712
22219 22904
23512 27916
28483 28547
29305 29716
30520 33115
33686 34076
34733 36130
37224 41138
41816 42059
42676 43317
44048 44407
44929 45528
46143 46867
49957 50399
51319 52511
54106 59190
60698 65568
67080 71541
73101 73588
74128 76239
78035 78183
79180 81616
82264 82634
83945 84131
85128 86598
87173 87359
88140 90998
91828 92522
94090 95159
95754 96011
97871 100702
101366 104299
104996 105693
106751 107494
108513 108738
109832 110447
111977 112987
113521 113895
114447 115513
116160 116364
116932 117071
117871 119191
119960 120746
121725 123097
124754 126168
126694 128465
129049 130633
alpha_proteobacterium_LLX12A_gi_483997888_ref_NZ_
1 576
alpha_proteobacterium_LLX12A_gi_483997466_ref_NZ_
540 2587
3799 4216
5010 7112
alpha_proteobacterium_LLX12A_gi_483997167_ref_NZ_
1 2879
4167 4457
6286 8784
9514 9611
10427 11957
12469 13053
13595 14162
14842 15247
15776 17821
18375 19880
20788 23460
alpha_proteobacterium_LLX12A_gi_483997225_ref_NZ_
1 961
2341 3277
3974 8745
9300 9798
10742 14268
alpha_proteobacterium_LLX12A_gi_483997600_ref_NZ_
1 2426
3001 3708
alpha_proteobacterium_LLX12A_gi_483997699_ref_NZ_
1 928
1625 1860
alpha_proteobacterium_LLX12A_gi_483997333_ref_NZ_
1 357
1125 1175
2091 3009
3853 3913
4793 5047
6939 9635
10946 11670
alpha_proteobacterium_LLX12A_gi_483996939_ref_NZ_
1 125
852 2705
3443 4341
5059 5921
6492 7304
8150 9111
10269 10692
11252 12918
13596 19075
19667 19772
20328 22093
23436 23700
24270 24325
25520 26979
27503 28834
29649 29881
30595 32047
32788 32870
33371 34671
35338 36820
37796 38591
39447 40709
41860 42080
43108 45718
46526 47824
48376 48845
49542 51603
52375 52521
53193 55289
55928 61421
62132 62308
63173 63716
64385 64764
65503 66231
67625 70656
alpha_proteobacterium_LLX12A_gi_483997375_ref_NZ_
1 657
1306 2090
2739 2916
3801 6445
7234 9283
alpha_proteobacterium_LLX12A_gi_483996986_ref_NZ_
1 443
1011 4270
5833 7471
10686 13144
13749 13851
15197 16589
17218 20053
20781 21232
21868 22373
22949 24518
25187 25338
25948 27147
27671 28869
29701 31038
31592 32287
32842 35576
36396 38061
38578 39845
40406 40998
42174 42430
43115 47267
48257 49090
49850 52598
53338 53711
54286 54413
55460 56817
alpha_proteobacterium_LLX12A_gi_483996992_ref_NZ_
1 2928
3732 5322
6566 7916
8450 8560
10084 11261
11856 12139
12673 13092
14130 15119
16500 17548
19675 19961
20775 21340
22168 22720
23268 24493
25364 28184
28767 29474
30129 31104
32185 33323
33839 33902
34431 34799
35321 35966
36622 39955
40461 43154
44504 44869
45983 48396
49306 50353
50908 53552
54125 54624
alpha_proteobacterium_LLX12A_gi_483997666_ref_NZ_
1 1478
2030 2457
alpha_proteobacterium_LLX12A_gi_483997442_ref_NZ_
1 1019
1618 2607
3229 4068
4595 7672
alpha_proteobacterium_LLX12A_gi_483997207_ref_NZ_
1 232
803 1187
1774 4699
5900 5968
6565 9295
9852 11030
11825 12363
12919 15533
16128 17649
18307 18571
alpha_proteobacterium_LLX12A_gi_483997367_ref_NZ_
1 1271
1799 2762
3578 3749
4294 4695
6180 9823
alpha_proteobacterium_LLX12A_gi_483997609_ref_NZ_
1 2561
3249 3670
alpha_proteobacterium_LLX12A_gi_483997145_ref_NZ_
788 2017
3678 4309
4854 5908
7306 8493
9159 11607
13546 18071
18737 18860
19839 22590
23186 24404
25055 25873
alpha_proteobacterium_LLX12A_gi_483996958_ref_NZ_
1 225
786 1995
2649 4380
5175 6580
7370 8045
8597 8662
9267 9328
9831 12215
12763 14175
14755 15406
16209 18487
19037 20719
21252 25026
25560 26186
27096 27931
29098 29581
30097 30600
31392 34442
35016 37764
38641 38804
39323 41387
42124 45501
46281 47167
47940 48783
49324 50199
50933 51199
51870 54688
55232 55675
57052 57138
57657 60957
61587 63152
alpha_proteobacterium_LLX12A_gi_483997734_ref_NZ_
1 611
1345 1434
alpha_proteobacterium_LLX12A_gi_483997753_ref_NZ_
1 1320
alpha_proteobacterium_LLX12A_gi_483997619_ref_NZ_
1 3429
alpha_proteobacterium_LLX12A_gi_483997340_ref_NZ_
650 1006
1713 2300
4205 4988
5599 6963
7664 8725
9340 11292
alpha_proteobacterium_LLX12A_gi_483997857_ref_NZ_
1 672
alpha_proteobacterium_LLX12A_gi_483997770_ref_NZ_
1 148
1035 1146
alpha_proteobacterium_LLX12A_gi_483997897_ref_NZ_
1 545
alpha_proteobacterium_LLX12A_gi_483997483_ref_NZ_
1 762
2452 3405
4374 4655
5357 6736
alpha_proteobacterium_LLX12A_gi_483997756_ref_NZ_
1 498
1143 1299
alpha_proteobacterium_LLX12A_gi_483997194_ref_NZ_
1 894
1804 1877
2719 2813
3333 3571
4364 4657
5864 7315
7913 10759
11477 13021
13910 14330
15414 15844
16360 16623
17615 18346
18918 19849
alpha_proteobacterium_LLX12A_gi_483997296_ref_NZ_
1 612
1301 1615
2173 4505
6133 6912
7518 8152
8687 10649
11301 12014
12606 12888
alpha_proteobacterium_LLX12A_gi_483997630_ref_NZ_
1 1143
2133 3304
alpha_proteobacterium_LLX12A_gi_483996935_ref_NZ_
1 812
1350 3142
5092 5325
6776 7377
8345 10024
10705 12209
13059 13616
14595 20123
21409 22177
23212 24037
25196 25912
27202 28218
28888 29839
30398 31697
33492 34442
34947 36199
36959 37266
38348 41441
42719 42937
43669 44631
45419 45468
45982 47754
48328 49086
49659 51967
52514 58698
59222 59645
61901 63200
63976 64586
66451 69644
70163 71574
alpha_proteobacterium_LLX12A_gi_483997383_ref_NZ_
1 741
1300 2991
3832 4531
5137 7728
8523 9174
alpha_proteobacterium_LLX12A_gi_483997589_ref_NZ_
1 126
1436 3837
alpha_proteobacterium_LLX12A_gi_483996997_ref_NZ_
1 790
1391 1992
2704 4470
5761 7206
8410 9113
9684 9801
10380 11645
12765 14333
14866 19093
19706 21282
21980 23012
23968 24030
24701 24789
25397 26262
27291 28451
29496 30741
31280 33334
33932 34879
36160 36518
37275 37635
38149 39196
40865 42588
43248 43921
44495 45541
46072 46805
47397 47800
48683 50255
51392 53031
53692 54189
alpha_proteobacterium_LLX12A_gi_483997425_ref_NZ_
1 3457
4788 6378
7267 7943
alpha_proteobacterium_LLX12A_gi_483997386_ref_NZ_
1 735
2717 3281
4147 4483
4994 6225
6910 7612
8183 9085
alpha_proteobacterium_LLX12A_gi_483996903_ref_NZ_
1 5759
6398 8226
9468 10338
11153 11436
11939 14268
15422 16149
16672 19094
20806 21810
23496 24148
24649 27518
28086 28524
29026 30356
31214 33056
34361 35311
36039 38217
38939 39732
40325 41162
41739 43445
44093 45507
46009 46591
47307 47610
49153 50104
51012 53778
54712 55193
56044 57677
58181 58874
59466 63034
63555 63770
66118 66494
67589 67749
69182 71103
72257 73362
73916 75795
76301 78963
80332 80735
81902 82325
82984 84065
84601 88189
89308 90248
91355 93052
94542 96396
96926 97677
98280 98917
99617 103012
103616 110546
111089 111677
112386 113452
114094 118755
119392 120318
121821 124109
124649 125682
alpha_proteobacterium_LLX12A_gi_483997288_ref_NZ_
1 864
1407 2762
3589 3745
4923 9493
10095 10793
12149 12963
alpha_proteobacterium_LLX12A_gi_483996909_ref_NZ_
1 6136
6645 7677
8328 10193
10950 12429
13250 13526
14113 14950
15494 17419
18045 18206
18883 19243
20898 22511
23167 24636
25802 25883
26811 31587
32105 32300
34697 35106
36047 36965
37644 38232
38761 39071
41315 41551
42063 44769
45835 46158
46910 47367
48661 48718
49257 49478
51720 52690
53213 54114
54726 55253
55763 56433
57060 57918
58732 59413
59945 61093
61872 62865
63664 64081
64645 65083
67231 68331
69688 70030
70617 71919
72455 72714
73506 74827
75395 78755
79308 81993
82609 83035
84026 87228
88695 89071
89635 91067
91635 93448
94197 94922
95458 96239
96918 100101
alpha_proteobacterium_LLX12A_gi_483997174_ref_NZ_
1 245
835 3055
4073 4439
5458 6239
8069 9660
10282 14194
14861 16946
17649 18592
19874 21109
21650 22686
alpha_proteobacterium_LLX12A_gi_483997204_ref_NZ_
1 4617
5375 6879
7489 8489
10050 12355
13030 14316
14961 16462
17532 18653
alpha_proteobacterium_LLX12A_gi_483997090_ref_NZ_
1 7032
7923 8600
9221 9541
10646 11128
12027 13386
13959 15428
16020 17389
18605 19558
20800 21107
21667 26551
27173 27705
28330 30254
31370 32645
alpha_proteobacterium_LLX12A_gi_483997219_ref_NZ_
1 1700
2539 2618
3149 3675
4194 4712
5288 6123
6737 7810
8381 8529
9412 13182
13831 14293
14982 15293
16389 17373
alpha_proteobacterium_LLX12A_gi_483997412_ref_NZ_
1 910
1486 1991
2642 3018
4642 6660
7842 8386
alpha_proteobacterium_LLX12A_gi_483997453_ref_NZ_
1 1319
2244 3615
4128 6761
7330 7438
alpha_proteobacterium_LLX12A_gi_483997870_ref_NZ_
1 627
alpha_proteobacterium_LLX12A_gi_483996917_ref_NZ_
1 1071
2320 3883
5089 6174
7556 8745
9302 9443
10196 10917
12312 12776
14519 14728
15270 16607
17506 17983
18511 21243
21801 27009
27810 28374
29423 35672
36500 39228
40288 42791
43414 46057
47551 47686
48269 48749
49465 49596
50422 52285
52844 54224
54730 54977
56802 57818
58326 58661
59295 62344
63048 63436
65183 65492
66165 67941
68992 73070
73760 75271
76008 76196
76928 77495
78002 81774
82483 83926
85322 88261
88820 89806
91024 91118
alpha_proteobacterium_LLX12A_gi_483997579_ref_NZ_
1 878
2226 3103
3830 4066
alpha_proteobacterium_LLX12A_gi_483997111_ref_NZ_
1 1813
2522 5489
6119 7753
8986 9133
9942 11449
12277 13705
14850 15359
15970 18633
19988 20962
21690 22151
23183 23296
24993 25301
26163 26727
27393 29070
30789 31125
alpha_proteobacterium_LLX12A_gi_483997003_ref_NZ_
1 4668
5328 7171
7873 7937
8695 11034
11537 12699
13332 14209
14947 15488
16256 17017
17561 17784
19264 20348
20931 20991
21543 22112
22909 23534
24082 24776
27232 29732
30944 32026
32946 33150
33712 34376
35808 36878
37518 37780
38512 39899
40434 42410
42938 43364
44705 47014
47656 47811
49034 49362
alpha_proteobacterium_LLX12A_gi_483997354_ref_NZ_
1 1328
1837 5735
6366 6891
7392 7603
8250 10428
alpha_proteobacterium_LLX12A_gi_483997244_ref_NZ_
1 254
902 2900
4192 6825
8194 11372
12673 16120
alpha_proteobacterium_LLX12A_gi_483997627_ref_NZ_
588 1510
2053 2359
alpha_proteobacterium_LLX12A_gi_483997508_ref_NZ_
1 88
675 858
1702 5134
5757 5825
alpha_proteobacterium_LLX12A_gi_483997068_ref_NZ_
1 100
893 4226
4748 5652
7062 9185
10393 10640
11916 12464
13149 16781
17862 19439
19985 22692
23275 23727
24352 24596
25390 25729
26613 28382
28898 29876
30464 31149
31826 32063
33944 34012
34738 35973
36833 37658
38212 38462
alpha_proteobacterium_LLX12A_gi_483997128_ref_NZ_
1 2702
3315 3574
4279 4432
4936 5003
6203 6930
7538 7641
8450 9397
10443 10707
11317 11742
13018 13782
14357 14998
15524 15600
16777 17782
18744 19336
20055 20308
21077 21886
22671 23158
23859 29512
alpha_proteobacterium_LLX12A_gi_483997044_ref_NZ_
1 104
707 2610
3156 3666
4179 4645
5843 6035
6660 7644
8447 10934
12671 15181
15686 16078
16669 16752
17259 17729
18365 21286
22209 22303
23480 24362
24924 25012
26818 28679
29398 31114
31772 32396
33694 35656
37319 37964
38753 41551
alpha_proteobacterium_LLX12A_gi_483997330_ref_NZ_
1 1879
2949 3981
4928 6216
6754 6860
8781 9668
10251 11674
alpha_proteobacterium_LLX12A_gi_483997798_ref_NZ_
1 1047
alpha_proteobacterium_LLX12A_gi_483997032_ref_NZ_
1 1119
1629 2302
3611 3722
4476 5277
7308 7475
8416 9569
10471 10640
11748 13847
14898 16981
17825 18670
19516 20498
21031 23348
24554 24990
25497 26044
26778 29337
29883 35691
36196 38828
39898 43735
alpha_proteobacterium_LLX12A_gi_483996989_ref_NZ_
1 1387
1919 3552
4175 6731
7290 10353
11177 11262
13309 13481
14753 14844
16951 19010
20491 20800
21336 22012
24462 25102
26454 26570
27107 29371
29989 32355
33633 34315
35462 35654
36272 38625
39242 39644
40183 40799
41341 41676
42330 42544
43764 46847
47373 49303
50019 50584
51253 53051
54429 54743
alpha_proteobacterium_LLX12A_gi_483997726_ref_NZ_
1 1494
alpha_proteobacterium_LLX12A_gi_483997000_ref_NZ_
1 81
709 3100
3838 4408
5100 5716
7078 10775
11916 12593
13477 14983
15644 16000
16531 16635
17336 17508
19258 22724
23490 23628
24154 25285
26040 26923
27807 28127
30260 30384
31063 35360
36578 37833
40235 41611
42472 45710
46303 47031
47909 49525
50281 51574
alpha_proteobacterium_LLX12A_gi_483997749_ref_NZ_
1 816
1374 1425
alpha_proteobacterium_LLX12A_gi_483997213_ref_NZ_
1 2918
4401 6431
7424 7704
8427 8881
9724 10807
11670 12164
12858 13601
14114 14208
15022 17960
alpha_proteobacterium_LLX12A_gi_483997540_ref_NZ_
1 2987
4522 4943
alpha_proteobacterium_LLX12A_gi_483997456_ref_NZ_
1 3034
3718 4973
6221 7421
alpha_proteobacterium_LLX12A_gi_483997674_ref_NZ_
1 838
1916 2408
alpha_proteobacterium_LLX12A_gi_483997808_ref_NZ_
1 970
alpha_proteobacterium_LLX12A_gi_483996974_ref_NZ_
1 1171
2240 5809
7219 8250
8767 10175
10810 11063
12117 15101
15693 17167
17963 21078
21713 23448
25270 26347
27027 27252
27865 28878
29585 30018
30922 32741
34038 34316
35438 35736
36913 39037
39540 39815
40751 41065
41928 46919
47423 48206
48777 51137
52234 52795
53341 54061
54805 55642
56471 57860
alpha_proteobacterium_LLX12A_gi_483997350_ref_NZ_
1 171
819 953
1671 2144
2655 2913
3913 4708
5547 5889
7360 9756
10409 10627
alpha_proteobacterium_LLX12A_gi_483997359_ref_NZ_
1 1716
2500 3361
5633 5765
6339 7519
8210 8899
9466 9903
alpha_proteobacterium_LLX12A_gi_483996884_ref_NZ_
1 232
891 2037
2652 4360
4884 5266
7328 8151
8771 10661
11346 11619
12679 13148
13732 16015
16909 19646
20249 24698
25215 27146
27760 28051
28790 29152
29828 30018
30927 33102
34251 36147
38069 38702
39219 43207
43842 45115
45820 45872
47219 47513
48760 49133
50624 50896
51507 51834
52350 52659
53826 55952
58331 58497
59148 59224
61045 61865
62406 65052
65866 66471
67007 67073
68378 69691
70581 72222
72799 73007
73520 74840
75422 77740
79257 79660
80260 81436
82103 84189
84792 87142
87686 88408
89064 91080
91643 91814
92880 93142
94302 95615
96358 96582
97218 97537
98901 99317
99890 100076
100624 101022
101617 102415
104050 106055
106612 109139
109987 110454
110998 111284
112218 113915
114561 115129
115925 116577
117964 120408
120944 121222
121969 122166
122697 123595
124138 125803
126941 127267
127812 129448
130965 133372
134121 135419
137118 137913
139034 139700
140960 145752
147280 148147
148648 150824
151391 152488
153035 153524
154185 154554
155103 157169
158364 159372
159964 160986
162077 162324
163997 164058
165015 165692
166284 167493
168091 170960
171737 172000
173815 176609
177158 179036
179617 180458
181724 187173
188105 190924
191975 193199
194643 195445
195962 196059
197115 198139
199145 204865
205386 205503
206300 206636
207141 208437
210025 210391
211096 211801
212462 212829
213565 216491
217186 217740
218317 221712
222747 223209
alpha_proteobacterium_LLX12A_gi_483997302_ref_NZ_
1 1360
2339 3066
3730 6011
7217 12158
alpha_proteobacterium_LLX12A_gi_483997141_ref_NZ_
1 223
907 1646
2148 3179
4033 4852
5607 6054
6615 7179
7950 8227
10198 10352
10926 11691
12215 12291
13437 14531
15212 16126
16759 17203
17757 20318
21162 23435
24169 27008
alpha_proteobacterium_LLX12A_gi_483997616_ref_NZ_
1 529
1512 2412
3205 3568
alpha_proteobacterium_LLX12A_gi_483997060_ref_NZ_
1 564
1105 3461
3988 5611
6525 6635
8075 8238
9569 13071
13641 15088
15726 15787
16359 19354
19891 22609
24025 25094
25930 26291
26994 27381
27964 29594
30119 30554
31091 32691
34749 35124
35859 36311
36904 38543
alpha_proteobacterium_LLX12A_gi_483997607_ref_NZ_
1 307
895 3687
alpha_proteobacterium_LLX12A_gi_483997562_ref_NZ_
1 779
1293 1621
2628 3026
3717 4376
alpha_proteobacterium_LLX12A_gi_483997251_ref_NZ_
1 865
1693 1930
2509 3208
3889 4513
5614 9299
9953 15804
alpha_proteobacterium_LLX12A_gi_483997171_ref_NZ_
1 2487
3048 3721
4613 5946
6601 7136
7771 8709
9443 10957
13672 15058
16743 17088
17739 20011
22997 23407
alpha_proteobacterium_LLX12A_gi_483997065_ref_NZ_
1 465
1552 1668
2302 6288
7033 7220
8133 10816
11584 11887
12574 13246
14936 19777
20440 20626
21475 21590
22289 22546
23220 23657
24344 26403
27082 28453
29128 29349
30053 30660
31198 32391
33128 33860
34384 34920
37487 38531
alpha_proteobacterium_LLX12A_gi_483997842_ref_NZ_
1 731
alpha_proteobacterium_LLX12A_gi_483997327_ref_NZ_
1 352
974 2791
3540 6506
7108 11718
alpha_proteobacterium_LLX12A_gi_483997071_ref_NZ_
1 108
891 3315
4028 4602
5216 7118
7715 14484
15339 15424
17105 17720
18530 19137
19999 21758
22471 22896
23670 24458
25273 27162
28043 30105
30613 32388
32905 35670
36250 36866
38022 38319
alpha_proteobacterium_LLX12A_gi_483997054_ref_NZ_
1 74
1172 1594
3121 4917
8181 8834
10225 15561
16329 16473
17197 18121
19341 20529
21952 22254
24118 24220
25020 27211
27767 28456
28979 31733
32336 32839
33420 34811
35688 36222
36835 40679
alpha_proteobacterium_LLX12A_gi_483997261_ref_NZ_
1 1207
2394 3330
4326 6544
7178 7864
8719 14898
alpha_proteobacterium_LLX12A_gi_483997073_ref_NZ_
1 457
1197 2761
3576 3664
4679 12035
12735 13777
14494 16952
17924 17990
18544 19735
20510 20998
21529 22132
22819 24113
25439 25598
26115 29054
29672 32815
33341 36024
37090 38225
alpha_proteobacterium_LLX12A_gi_483997278_ref_NZ_
1 1124
1870 2111
2639 5188
5751 6091
6987 7335
7926 8072
9036 9253
10439 13885
alpha_proteobacterium_LLX12A_gi_483997081_ref_NZ_
1 1463
2005 3577
4662 6459
7327 7978
10270 11655
12156 13265
14596 15247
15922 20453
21106 22336
23728 27588
28603 30106
30659 31740
33123 34252
alpha_proteobacterium_LLX12A_gi_483997613_ref_NZ_
553 2223
2948 3573
alpha_proteobacterium_LLX12A_gi_483997779_ref_NZ_
1 1131
alpha_proteobacterium_LLX12A_gi_483996960_ref_NZ_
1 875
1402 3599
4180 10107
10879 12820
13916 18542
20353 20510
21034 21709
22321 24396
25941 26438
27156 28065
28608 28945
29685 29765
30542 31871
33544 34081
34846 38640
39896 40564
41422 44318
44829 46386
46896 47219
47775 48222
48736 51968
53964 54459
55290 59125
60968 62365
alpha_proteobacterium_LLX12A_gi_483997396_ref_NZ_
1 1054
1917 3076
3584 4426
4975 5026
5806 8587
alpha_proteobacterium_LLX12A_gi_483997035_ref_NZ_
1 477
1439 2405
3996 4264
4767 10894
11516 15369
16965 17631
18284 18409
19048 19417
20149 20406
21867 22389
23029 23426
24510 25324
26074 26868
27926 30189
31224 32338
33934 36244
36914 37905
38430 40343
41298 43702
alpha_proteobacterium_LLX12A_gi_483997117_ref_NZ_
1 455
1082 1332
2086 3907
4476 5222
6645 8005
8576 9654
10297 11117
12124 16249
16983 19470
19986 21493
22346 25094
25728 28290
28880 30231
30791 31026
alpha_proteobacterium_LLX12A_gi_483997746_ref_NZ_
1 73
759 1428
alpha_proteobacterium_LLX12A_gi_483997165_ref_NZ_
1 3357
4191 5319
5836 6724
7394 8421
9855 11028
11584 12426
13135 13523
14691 16137
16647 17149
18516 18665
19237 20009
21295 23754
alpha_proteobacterium_LLX12A_gi_483997859_ref_NZ_
1 653
alpha_proteobacterium_LLX12A_gi_483997307_ref_NZ_
1 218
895 3494
4454 4940
5582 7785
8739 10015
10641 10745
12311 12679
alpha_proteobacterium_LLX12A_gi_483997317_ref_NZ_
1 185
470 1971
2635 4173
4857 6059
6574 7070
7901 8344
9572 12505
alpha_proteobacterium_LLX12A_gi_483996913_ref_NZ_
1 60
714 2315
3105 4264
4876 7083
8145 8784
10189 10786
12274 13395
13995 20290
21081 21726
22818 24542
25746 26206
26896 27013
28319 32250
33278 34322
35036 39943
40525 40578
41141 42062
42819 45526
46254 54482
55213 57995
59317 59490
60598 60670
62274 63008
65012 65287
65830 67723
68609 70235
70902 71178
71855 72306
72841 73141
74346 75560
76120 79260
80101 82130
82874 83033
83907 84763
85311 86555
89510 91410
92283 93591
94236 96507
97053 97348
alpha_proteobacterium_LLX12A_gi_483997847_ref_NZ_
1 129
alpha_proteobacterium_LLX12A_gi_483997892_ref_NZ_
1 560
alpha_proteobacterium_LLX12A_gi_483997685_ref_NZ_
1 548
1110 2045
alpha_proteobacterium_LLX12A_gi_483997487_ref_NZ_
1 292
1171 2597
3387 4033
4663 5678
6253 6730
alpha_proteobacterium_LLX12A_gi_483997271_ref_NZ_
1 758
1415 1982
2544 4627
5238 6280
6783 8996
9625 10337
11022 11135
11821 12255
12774 14327
alpha_proteobacterium_LLX12A_gi_483997511_ref_NZ_
1 1643
2232 2706
3541 5648
alpha_proteobacterium_LLX12A_gi_483997078_ref_NZ_
1 354
1009 1903
2507 2911
3488 4174
5182 6144
7030 7374
7941 9210
9805 11059
11920 12568
13700 14114
14773 17102
17979 18031
19285 23634
24239 24495
26012 27973
29210 29385
30098 31519
33090 36464
37552 37608
alpha_proteobacterium_LLX12A_gi_483997407_ref_NZ_
1 699
2257 3235
3809 5313
5945 7660
8440 8537
alpha_proteobacterium_LLX12A_gi_483997480_ref_NZ_
1 84
1007 3374
4258 6808
alpha_proteobacterium_LLX12A_gi_483997474_ref_NZ_
1 1406
1944 4226
6111 6972
alpha_proteobacterium_LLX12A_gi_483997767_ref_NZ_
1 381
1100 1176
alpha_proteobacterium_LLX12A_gi_483997551_ref_NZ_
1 578
1183 2215
3741 4757
alpha_proteobacterium_LLX12A_gi_483997826_ref_NZ_
1 160
784 877
alpha_proteobacterium_LLX12A_gi_483997418_ref_NZ_
1 2158
3661 3929
5009 5997
6505 7167
7750 8267
alpha_proteobacterium_LLX12A_gi_483997593_ref_NZ_
1 408
1038 2283
3211 3816
alpha_proteobacterium_LLX12A_gi_483997267_ref_NZ_
1 3271
3929 3993
4679 6024
7119 9129
9887 10912
11766 14451
alpha_proteobacterium_LLX12A_gi_483997831_ref_NZ_
1 874
alpha_proteobacterium_LLX12A_gi_483997573_ref_NZ_
1 667
1381 2292
3184 4224
alpha_proteobacterium_LLX12A_gi_483997197_ref_NZ_
1 185
966 4756
5502 5750
6312 9718
10435 11191
11692 13563
14456 15407
16028 16709
17484 17916
18675 19104
alpha_proteobacterium_LLX12A_gi_483997216_ref_NZ_
1 54
602 1706
2882 3333
4505 5086
5925 6399
8253 9799
10458 10816
12211 14414
15393 15566
16391 17439
alpha_proteobacterium_LLX12A_gi_483997603_ref_NZ_
1 2131
3595 3688
alpha_proteobacterium_LLX12A_gi_483997257_ref_NZ_
1 1528
2704 4020
4549 5254
5775 6767
7946 9567
10126 12133
13114 15700
alpha_proteobacterium_LLX12A_gi_483997106_ref_NZ_
1 812
1655 4157
5404 6246
6775 7538
9034 9235
9775 10384
11217 11435
11982 12736
13504 14048
15903 16897
17456 17822
18327 20573
21427 23751
25082 28397
29081 30877
31571 31756
alpha_proteobacterium_LLX12A_gi_483997834_ref_NZ_
1 869
alpha_proteobacterium_LLX12A_gi_483997356_ref_NZ_
1 7062
7651 8399
8945 9143
9732 10026
alpha_proteobacterium_LLX12A_gi_483997663_ref_NZ_
1 63
1505 2511
alpha_proteobacterium_LLX12A_gi_483996907_ref_NZ_
1 1345
2174 7353
7903 8476
9143 10044
10637 11175
11926 16921
17552 18381
18914 21065
21726 22188
24715 24994
25534 26581
27234 28550
29130 34262
34946 35255
36749 38435
38996 39186
39725 43792
44548 45137
45644 46495
47093 53659
54413 56064
57027 57292
58428 58657
60022 63252
64341 64850
66155 67041
68188 71224
71800 71954
73652 74554
75241 77393
77928 80407
81833 82879
83829 84222
85137 85448
86519 88340
89070 89179
89688 91650
92593 94324
94832 95041
95679 96003
96548 97092
98230 99653
100256 101059
101624 103052
alpha_proteobacterium_LLX12A_gi_483997335_ref_NZ_
1 955
1551 1758
2264 2795
3662 7159
7873 9646
11036 11651
alpha_proteobacterium_LLX12A_gi_483997586_ref_NZ_
1 1120
1993 2256
3451 3855
alpha_proteobacterium_LLX12A_gi_483997176_ref_NZ_
1 1311
2597 2953
3578 5428
6101 7573
8173 9090
10197 10537
11793 12309
12845 13509
15986 20232
20948 22451
alpha_proteobacterium_LLX12A_gi_483997380_ref_NZ_
959 5111
6677 7712
8380 9234
alpha_proteobacterium_LLX12A_gi_483997632_ref_NZ_
1 1975
2870 3202
alpha_proteobacterium_LLX12A_gi_483997470_ref_NZ_
1 1188
1810 2138
3653 5065
5997 7089
alpha_proteobacterium_LLX12A_gi_483997428_ref_NZ_
2151 2866
4359 7923
alpha_proteobacterium_LLX12A_gi_483997850_ref_NZ_
1 687
alpha_proteobacterium_LLX12A_gi_483997881_ref_NZ_
1 592
alpha_proteobacterium_LLX12A_gi_483997017_ref_NZ_
1 2098
2834 3681
4347 4599
5241 6388
7620 9140
9722 10170
10694 19826
20650 21015
21658 22463
22984 23409
24137 24264
25235 26924
27618 29589
30135 32784
34525 34733
35648 36093
36607 45152
alpha_proteobacterium_LLX12A_gi_483997523_ref_NZ_
1 612
1290 2740
3871 4627
5213 5376
alpha_proteobacterium_LLX12A_gi_483997759_ref_NZ_
1 1246
alpha_proteobacterium_LLX12A_gi_483997190_ref_NZ_
1 1383
2590 3804
4329 4455
5167 5588
6388 7869
8563 10741
11339 12734
13239 13561
14274 14713
15252 16033
17039 17762
18588 20385
alpha_proteobacterium_LLX12A_gi_483996977_ref_NZ_
1 311
3101 3870
4900 6286
7002 8683
9565 10014
10686 11093
11629 12406
13404 15390
16500 17602
18257 19009
19796 19894
20574 22339
23170 23703
25975 26408
27308 28391
29732 32022
32527 33710
34495 34903
36055 40634
41156 41630
42422 45856
46410 49194
49782 51558
52284 56532
57065 57150
alpha_proteobacterium_LLX12A_gi_483997154_ref_NZ_
1 2061
3033 4111
4828 5848
6458 8454
9198 9520
10190 12374
13099 13178
13680 18836
19436 19517
20433 23185
23869 24532
alpha_proteobacterium_LLX12A_gi_483997729_ref_NZ_
1 1442
alpha_proteobacterium_LLX12A_gi_483997794_ref_NZ_
1 96
975 1054
alpha_proteobacterium_LLX12A_gi_483997554_ref_NZ_
1 870
1458 1674
2478 3789
4311 4736
alpha_proteobacterium_LLX12A_gi_483996963_ref_NZ_
1 884
1683 3062
3669 3879
4721 5185
5819 6559
8458 8660
10390 10547
11063 12716
13357 13874
14499 14699
15543 16407
18304 20481
21302 21575
22187 24177
24886 25710
26327 26868
27380 27961
28833 29685
30207 30711
31693 35194
36607 39097
40296 40652
41250 42947
43779 43856
44446 46750
48223 49361
51254 52381
53019 55017
55673 57928
58934 60081
61034 62169
alpha_proteobacterium_LLX12A_gi_483997505_ref_NZ_
1 705
1372 5954
alpha_proteobacterium_LLX12A_gi_483997866_ref_NZ_
1 632
alpha_proteobacterium_LLX12A_gi_483997565_ref_NZ_
1 516
1034 2387
2921 4331
alpha_proteobacterium_LLX12A_gi_483997151_ref_NZ_
1 3729
5193 7840
8916 9162
9715 10335
11072 11844
12863 12996
13625 15279
16044 20594
22574 23564
24069 24329
24889 25033
25669 25783
alpha_proteobacterium_LLX12A_gi_483997894_ref_NZ_
1 551
alpha_proteobacterium_LLX12A_gi_483997158_ref_NZ_
1 571
1119 1524
3352 5389
5988 8554
9195 9663
10586 12384
12892 14816
15526 17221
18317 18863
19505 19613
20214 21897
23280 23462
24021 24489
24993 25073
alpha_proteobacterium_LLX12A_gi_483997771_ref_NZ_
1 1145
alpha_proteobacterium_LLX12A_gi_483997652_ref_NZ_
1 1845
2576 2871
alpha_proteobacterium_LLX12A_gi_483997122_ref_NZ_
1 473
1286 1627
2198 2305
2952 3038
3618 5624
6259 6381
7240 7602
8738 9264
10624 11800
12324 13338
14214 15554
16353 22393
23279 25319
26535 28954
29483 29699
alpha_proteobacterium_LLX12A_gi_483997006_ref_NZ_
1 197
731 2088
2608 3014
3995 5663
7428 8094
8627 9274
9814 10594
11176 13808
14472 14658
15510 16408
17470 18134
19935 20762
21529 22460
23015 23491
25106 25815
27104 28361
28968 29401
30099 31758
32377 33901
34541 34598
35360 37922
39419 40227
40851 41298
42284 42757
43461 45849
46373 48178
alpha_proteobacterium_LLX12A_gi_483997057_ref_NZ_
1 2962
3559 5381
6352 7881
9320 10120
11032 11251
12180 13054
13631 13841
14658 15582
16117 17353
17941 18754
19301 20018
20651 21243
21894 22926
23451 23650
25315 25627
26342 34434
35235 38779
alpha_proteobacterium_LLX12A_gi_483997200_ref_NZ_
1 4422
4952 6214
6789 8755
10106 10425
11030 12608
13691 15472
16180 18071
18654 19093
alpha_proteobacterium_LLX12A_gi_483997656_ref_NZ_
1 2782
alpha_proteobacterium_LLX12A_gi_483997263_ref_NZ_
1 1846
3169 3657
4351 12358
13645 14490
alpha_proteobacterium_LLX12A_gi_483997228_ref_NZ_
1 109
1018 3748
4494 8101
8674 8798
9469 10620
11289 11799
12379 12775
13312 15648
16651 16939
alpha_proteobacterium_LLX12A_gi_483997148_ref_NZ_
1 690
1350 1775
3401 4374
5390 5524
7308 7563
8333 8771
9450 11014
11714 13733
16115 16222
17175 17779
18466 20485
20996 25819
alpha_proteobacterium_LLX12A_gi_483997873_ref_NZ_
1 627
alpha_proteobacterium_LLX12A_gi_483997783_ref_NZ_
825 1117
alpha_proteobacterium_LLX12A_gi_483997712_ref_NZ_
645 1653
alpha_proteobacterium_LLX12A_gi_483996890_ref_NZ_
1 61
1354 2496
3889 4891
5526 5659
6446 9137
12530 12972
13655 14012
15215 15606
16255 18882
19393 23011
23581 25157
25831 27272
27794 28065
28615 29550
30324 30919
31484 35026
35556 36867
37758 38822
39829 41510
42371 43159
43676 43770
44289 48874
49514 51145
51691 52626
54112 54942
55456 55736
58125 58441
59100 60244
61015 62993
63744 64947
65539 65835
66386 66802
67305 71138
71964 72699
73818 76366
77006 77378
77974 80449
81658 82095
83113 84878
85441 86911
87945 88407
89050 89749
90677 91674
92252 94098
94939 95561
96456 97197
97924 97998
98587 100529
101252 101630
102423 102775
103340 104889
105444 106515
107250 108745
110201 111505
113106 113522
114191 117546
118244 118556
119065 119621
120885 121436
123088 124974
125794 130111
130718 132495
133439 134769
135785 136823
137465 137800
139014 139650
140160 141102
141656 141874
142999 143059
alpha_proteobacterium_LLX12A_gi_483997393_ref_NZ_
647 1119
1647 3226
3772 4456
6628 7643
8195 8626
alpha_proteobacterium_LLX12A_gi_483997558_ref_NZ_
1 1316
2876 3503
4307 4381
alpha_proteobacterium_LLX12A_gi_483996946_ref_NZ_
1 2865
3630 4093
4643 5554
6919 8794
10182 11151
11997 16370
16931 20796
21607 21712
22811 27371
29064 30724
31305 34332
34894 39120
39633 41387
42264 42620
43648 46414
47168 49510
50057 51630
52558 53536
54785 58092
58711 58943
60720 61286
63310 63377
64652 64872
alpha_proteobacterium_LLX12A_gi_483997343_ref_NZ_
1 55
599 789
1366 1664
2537 3595
4257 5014
5781 6473
7037 10766
alpha_proteobacterium_LLX12A_gi_483997786_ref_NZ_
1 316
alpha_proteobacterium_LLX12A_gi_483997815_ref_NZ_
1 272
817 933
alpha_proteobacterium_LLX12A_gi_483997862_ref_NZ_
1 635
alpha_proteobacterium_LLX12A_gi_483997210_ref_NZ_
1 1303
1900 3189
3939 5110
5785 9228
9783 11980
12611 12800
13504 16096
17002 18216
alpha_proteobacterium_LLX12A_gi_483997248_ref_NZ_
1 1202
2838 5502
6103 12317
12836 16007
alpha_proteobacterium_LLX12A_gi_483996980_ref_NZ_
1 2841
3539 5499
6449 7131
7884 10166
10728 10841
11393 12984
13707 15361
15935 17155
18366 21327
22058 23264
23874 27490
29358 31753
32292 32650
33163 33770
35126 35251
36883 38201
38752 38824
39335 40752
41255 41585
42350 45052
45907 46108
46799 46966
47861 48100
48811 51955
52479 55163
56087 56999
alpha_proteobacterium_LLX12A_gi_483997404_ref_NZ_
1 799
2035 2137
2835 4481
6124 7601
alpha_proteobacterium_LLX12A_gi_483997346_ref_NZ_
1 1449
2085 3218
3947 4695
5231 6066
6595 6981
7529 8327
8883 10633
alpha_proteobacterium_LLX12A_gi_483997102_ref_NZ_
1 128
1378 2094
2700 3611
4477 5620
6550 10997
11625 15838
16880 18273
18979 19564
20397 21185
21746 22284
22837 23365
23910 24870
26054 26847
28123 31392
31902 32383
alpha_proteobacterium_LLX12A_gi_483997710_ref_NZ_
1 1665
alpha_proteobacterium_LLX12A_gi_483997436_ref_NZ_
1 380
1106 3128
3640 3978
4525 4942
6999 7836
alpha_proteobacterium_LLX12A_gi_483997108_ref_NZ_
1 1793
2449 3385
5577 6428
7278 7841
8401 8941
10841 11116
11746 12934
14282 14915
16476 20456
21200 22536
23182 26173
26811 27947
28668 31655
alpha_proteobacterium_LLX12A_gi_483997399_ref_NZ_
1221 5223
6446 7777
8406 8578
alpha_proteobacterium_LLX12A_gi_483997501_ref_NZ_
1 1116
1765 2300
2955 4178
4688 6009
alpha_proteobacterium_LLX12A_gi_483997371_ref_NZ_
1 406
1630 2313
3325 7232
7771 9574
alpha_proteobacterium_LLX12A_gi_483997187_ref_NZ_
1 384
999 3818
4382 5434
7329 7551
8261 8830
11985 12620
14311 15050
16743 19343
19862 20219
20735 20935
alpha_proteobacterium_LLX12A_gi_483997823_ref_NZ_
1 886
alpha_proteobacterium_LLX12A_gi_483997477_ref_NZ_
1 2520
3041 3178
3717 4271
4818 6896
alpha_proteobacterium_LLX12A_gi_483996942_ref_NZ_
1 669
2184 2815
3444 5022
5817 7421
8161 9143
9686 9775
10904 13965
15082 15303
15951 16711
18046 18160
18675 22115
23021 24008
24623 24960
25724 26140
26766 26992
27580 29489
30276 31852
33363 34977
35615 35891
38087 41326
41874 42285
42851 44742
45372 45535
46836 46898
47399 48384
48989 52849
53434 53524
54490 54604
55436 56371
57520 58784
59435 61133
61864 61937
63709 65559
67214 67330
67866 67927
alpha_proteobacterium_LLX12A_gi_483997450_ref_NZ_
1 1668
2284 2762
3327 5098
5831 7509
alpha_proteobacterium_LLX12A_gi_483997310_ref_NZ_
1 1226
1858 4570
5107 5782
6344 7522
8368 10064
10587 11105
11739 12576
alpha_proteobacterium_LLX12A_gi_483997801_ref_NZ_
1 77
794 1024
alpha_proteobacterium_LLX12A_gi_483997275_ref_NZ_
1 2356
2885 9311
10754 11112
11675 12527
13107 13980
alpha_proteobacterium_LLX12A_gi_483997649_ref_NZ_
1 334
835 2980
alpha_proteobacterium_LLX12A_gi_483997038_ref_NZ_
1 991
1495 3202
3762 4498
5134 8666
11877 13494
14755 15015
15671 15826
16538 19029
19543 20585
21113 22771
23370 24171
24882 26240
27039 28689
29953 31267
31854 33434
34748 35733
37115 37371
37939 38523
39246 39991
40522 40582
41205 42526
alpha_proteobacterium_LLX12A_gi_483997014_ref_NZ_
1 192
718 954
2364 2457
4121 5341
6043 6913
8280 11247
12011 12598
13220 13322
14244 16822
17498 21544
22669 23679
24866 26853
27676 27778
28779 28896
29418 33348
34465 35540
36262 37708
39437 40655
41317 42645
43728 44180
44692 45533
alpha_proteobacterium_LLX12A_gi_483997705_ref_NZ_
1 434
1149 1710
alpha_proteobacterium_LLX12A_gi_483997884_ref_NZ_
1 576
alpha_proteobacterium_LLX12A_gi_483997644_ref_NZ_
1 1398
2785 3023
alpha_proteobacterium_LLX12A_gi_483997569_ref_NZ_
1 4235
alpha_proteobacterium_LLX12A_gi_483997671_ref_NZ_
1 92
778 2448
alpha_proteobacterium_LLX12A_gi_483997255_ref_NZ_
1 153
2454 2697
3328 3442
4023 7215
7848 10086
12060 14011
15284 15734
alpha_proteobacterium_LLX12A_gi_483997096_ref_NZ_
1 767
1456 5189
5694 9723
10232 12843
13510 14138
15001 16183
16731 17771
18345 18978
19557 20981
21490 21748
22537 22641
23426 23707
24707 25545
26080 28313
28982 30807
31548 32487
alpha_proteobacterium_LLX12A_gi_483997084_ref_NZ_
1 830
2070 3314
3880 4140
4660 7708
8466 9923
11165 11612
12606 12661
13263 13322
14026 14119
14652 16532
17404 22190
23658 25166
25929 28259
28884 30602
32167 32839
33409 33496
alpha_proteobacterium_LLX12A_gi_483997638_ref_NZ_
1 2389
2913 3181
alpha_proteobacterium_LLX12A_gi_483997390_ref_NZ_
1 2909
3676 4747
5548 7147
7667 8226
8770 8906
alpha_proteobacterium_LLX12A_gi_483997544_ref_NZ_
1 1700
2310 4846
alpha_proteobacterium_LLX12A_gi_483997811_ref_NZ_
1 964
alpha_proteobacterium_LLX12A_gi_483997692_ref_NZ_
1 186
702 1052
1588 1932
alpha_proteobacterium_LLX12A_gi_483997363_ref_NZ_
1 2192
2966 4402
5636 7007
7646 8881
9683 9854
alpha_proteobacterium_LLX12A_gi_483997548_ref_NZ_
1 1211
2015 3020
4332 4818
alpha_proteobacterium_LLX12A_gi_483997285_ref_NZ_
1 444
1218 2325
3437 4025
5563 5751
7305 9131
9682 9981
10613 13696
alpha_proteobacterium_LLX12A_gi_483997431_ref_NZ_
1 459
967 1029
1736 4559
5110 5916
7241 7894
alpha_proteobacterium_LLX12A_gi_483997162_ref_NZ_
1 1122
1632 5872
6596 7046
8307 9143
10212 10584
11099 18202
19328 19933
21401 22926
23838 24776
alpha_proteobacterium_LLX12A_gi_483996953_ref_NZ_
1 2932
3644 4404
5859 6895
7833 9619
10458 10554
11248 12220
12832 13962
14519 15786
16620 17250
17928 18823
19764 23328
25838 26672
29064 29382
30020 31955
32568 33438
34296 38993
39522 43315
43878 45406
46127 46944
47553 53159
53860 54875
55378 56173
56840 57506
58408 58771
59434 59564
60823 61859
62494 63557
alpha_proteobacterium_LLX12A_gi_483997047_ref_NZ_
1 1870
2788 4146
4673 8871
9525 10464
11043 12687
13283 14401
15318 15578
16792 17619
19184 21218
22607 24234
25276 25846
26768 29510
30505 32729
33303 33676
34252 37981
39582 41122
alpha_proteobacterium_LLX12A_gi_483997596_ref_NZ_
1 784
1644 3790
alpha_proteobacterium_LLX12A_gi_483997320_ref_NZ_
1 472
1314 3159
3733 4677
5841 6008
6642 7341
8317 8515
9530 12335
alpha_proteobacterium_LLX12A_gi_483997527_ref_NZ_
1 1196
2877 5290
alpha_proteobacterium_LLX12A_gi_483997576_ref_NZ_
1 2148
3107 4115
alpha_proteobacterium_LLX12A_gi_483997439_ref_NZ_
1 533
1268 3952
4745 6477
7017 7671
alpha_proteobacterium_LLX12A_gi_483997720_ref_NZ_
1 1517
alpha_proteobacterium_LLX12A_gi_483997677_ref_NZ_
1 1185
1966 2403
alpha_proteobacterium_LLX12A_gi_483997421_ref_NZ_
1 1286
2035 3076
3598 4727
5286 5491
6084 8192
alpha_proteobacterium_LLX12A_gi_483997232_ref_NZ_
1 1052
1965 3179
3813 4194
4699 5289
6152 8832
9468 10913
11434 11909
12979 14205
15562 16000
16509 16839
alpha_proteobacterium_LLX12A_gi_483997460_ref_NZ_
1 782
1334 1954
2611 2836
3558 3942
4468 5909
6556 7246
alpha_proteobacterium_LLX12A_gi_483997299_ref_NZ_
1 2502
3124 7237
8100 8165
9040 12338
alpha_proteobacterium_LLX12A_gi_483997763_ref_NZ_
1 1235
alpha_proteobacterium_LLX12A_gi_483997538_ref_NZ_
676 3429
4915 4997
alpha_proteobacterium_LLX12A_gi_483997180_ref_NZ_
1 145
892 1248
2253 3073
3666 4143
4781 7601
8313 10036
10769 14543
16140 16720
17904 18884
19895 20636
21869 22140
alpha_proteobacterium_LLX12A_gi_483997497_ref_NZ_
1 830
1546 2922
3487 4785
5292 6258
alpha_proteobacterium_LLX12A_gi_483997494_ref_NZ_
1 82
697 1506
2862 3795
4469 4686
5707 6381
alpha_proteobacterium_LLX12A_gi_483997291_ref_NZ_
1 893
1833 2497
3147 3459
4326 4730
5302 5364
5904 9485
10089 10903
12318 13566
alpha_proteobacterium_LLX12A_gi_483997516_ref_NZ_
1 503
1943 4905
5574 5630
alpha_proteobacterium_LLX12A_gi_483997223_ref_NZ_
1 144
901 4176
5972 6443
7004 8287
8873 9445
11029 12034
12833 13878
14960 15236
16406 17310
alpha_proteobacterium_LLX12A_gi_483997688_ref_NZ_
1 2034
alpha_proteobacterium_LLX12A_gi_483997682_ref_NZ_
1 1398
2029 2240
alpha_proteobacterium_LLX12A_gi_483997447_ref_NZ_
1 1436
2398 7597
alpha_proteobacterium_LLX12A_gi_483997120_ref_NZ_
1 5800
6536 9729
10464 11879
13269 16203
17476 19135
19690 20100
20898 23432
24471 26600
27189 28933
29594 30161
alpha_proteobacterium_LLX12A_gi_483996950_ref_NZ_
1 2746
3447 3505
4411 5498
6803 8818
10148 12241
12760 13361
14258 14844
16562 18362
18921 22488
23587 23677
24211 25296
25816 27386
27996 28550
29059 29926
31053 31614
32116 32587
33216 33664
34603 35342
36023 36301
36850 37018
37865 38286
39791 40570
41151 43150
43699 46138
46752 48664
49503 50863
51396 51826
52643 52863
53559 53988
54517 54928
56964 57394
58294 58842
59345 61288
62403 64147
