alpha_proteobacterium_LLX12A_gi_483997323_ref_NZ_
1 50
2729 4043
5906 6015
10485 11051
11914 12184
alpha_proteobacterium_LLX12A_gi_483997877_ref_NZ_
1 617
alpha_proteobacterium_LLX12A_gi_483997028_ref_NZ_
1 52
1219 1367
3917 4001
4906 5974
8438 9249
10012 10868
12796 13280
14979 15132
17242 18254
21643 21778
23472 24079
24818 24922
27460 28194
28740 29203
29993 30535
33294 33747
35092 35185
40954 41131
43410 43751
alpha_proteobacterium_LLX12A_gi_483997776_ref_NZ_
1 1132
alpha_proteobacterium_LLX12A_gi_483997242_ref_NZ_
1 154
1198 1811
2345 3092
3807 4231
8310 8533
10313 10518
11344 11448
12242 12378
14226 14333
16288 16344
alpha_proteobacterium_LLX12A_gi_483997234_ref_NZ_
7164 7266
9514 9901
10873 11107
13734 14948
15533 16754
alpha_proteobacterium_LLX12A_gi_483997582_ref_NZ_
543 1152
2254 2337
alpha_proteobacterium_LLX12A_gi_483997463_ref_NZ_
1 149
1716 1867
3404 4541
5632 6092
7084 7172
alpha_proteobacterium_LLX12A_gi_483996967_ref_NZ_
1 100
1447 1533
3975 4091
5897 6770
7375 7702
8900 9289
10776 10959
13869 14967
15591 16068
18870 19400
26135 26310
27658 27786
29121 29245
30453 30725
33400 33547
34137 34558
35309 35619
36309 36374
39952 40009
40931 41929
43783 44638
45548 45662
47431 49058
51752 52100
53570 54173
56899 57327
58929 58987
59874 60378
alpha_proteobacterium_LLX12A_gi_483997021_ref_NZ_
2244 2488
3623 3762
7118 7573
10250 10669
12304 12573
14867 14998
18094 18397
19551 19665
20867 21056
22058 22116
23192 23429
25641 25840
28016 28596
32944 33080
36216 36307
36812 37423
40870 41238
44654 44869
alpha_proteobacterium_LLX12A_gi_483997491_ref_NZ_
2356 2686
5658 6386
alpha_proteobacterium_LLX12A_gi_483997819_ref_NZ_
1 185
853 906
alpha_proteobacterium_LLX12A_gi_483996923_ref_NZ_
4488 4578
10913 11001
12128 12470
13087 13477
14224 15233
16081 16252
20879 20954
22175 22517
23855 24201
24908 25350
30511 31415
32119 33430
33968 34329
36124 37188
38543 38826
42277 42343
44055 44567
47060 47479
48520 48618
50173 50997
53809 53939
54709 54840
57065 57160
59795 60119
60961 61174
64353 65311
66325 66579
67349 67628
69079 69325
71922 72207
75037 75126
77844 79654
80181 80232
alpha_proteobacterium_LLX12A_gi_483996970_ref_NZ_
1 152
2022 2105
5507 6092
6820 6900
9154 9583
10824 11521
12131 12868
15368 15581
18431 18491
20812 20929
25292 25655
26772 26845
28155 28332
29265 30028
31676 32203
32874 32926
37201 37415
42403 42977
43712 44142
44818 44873
54968 55204
55747 56206
58029 58129
58683 59994
alpha_proteobacterium_LLX12A_gi_483997702_ref_NZ_
1 71
993 1815
alpha_proteobacterium_LLX12A_gi_483997131_ref_NZ_
1 72
1891 1991
3239 3716
5568 5920
6430 6639
10201 10520
11439 11506
12007 12428
16818 17138
18138 18609
19527 20019
24310 24393
25765 25887
26964 27017
alpha_proteobacterium_LLX12A_gi_483997087_ref_NZ_
1 250
2443 2495
4978 5404
6430 6770
7994 8066
9213 9938
11947 12254
13544 14711
18933 19004
23306 23421
25132 25261
26286 26930
28538 28697
30321 30433
31133 31351
31906 32815
alpha_proteobacterium_LLX12A_gi_483997789_ref_NZ_
1 1076
alpha_proteobacterium_LLX12A_gi_483997696_ref_NZ_
759 907
1814 1881
alpha_proteobacterium_LLX12A_gi_483997530_ref_NZ_
1 410
3012 3927
alpha_proteobacterium_LLX12A_gi_483997715_ref_NZ_
alpha_proteobacterium_LLX12A_gi_483996931_ref_NZ_
1 279
1233 1366
1953 2965
9084 9610
12093 12205
13699 13751
15157 15641
16184 16449
18810 19967
26491 27357
28557 28632
32342 32482
34547 34606
35184 36055
45107 45389
49504 49791
50462 50579
52320 52422
53219 53518
54913 55904
57458 57555
60034 60494
61778 62190
62832 65070
65613 66892
67424 67893
68558 68918
74439 74511
alpha_proteobacterium_LLX12A_gi_483996887_ref_NZ_
1 697
3947 4088
7516 8341
9092 9160
11241 11292
16551 16659
18497 18870
20241 20313
22315 22378
23000 23517
24634 25303
27838 28690
30808 31214
33380 33817
35721 35810
39908 39996
40553 41600
45329 45748
46294 46957
47537 48336
52208 53427
54040 54493
55199 55265
59263 60035
66417 66527
67180 67501
68246 68328
69370 69560
71378 71988
72545 72817
73750 74245
74982 75194
75957 76389
80636 81400
83876 84267
89664 90078
97118 97677
99503 99559
101811 103114
104239 104738
106348 106506
107665 107756
109363 109872
110684 110782
112493 112807
115207 115329
117798 117900
119008 119074
126399 126509
127794 128077
132757 133012
133769 134064
135376 135691
137122 137533
140019 140692
142396 142639
144597 144690
146593 147526
148919 149641
151438 152818
159927 160026
166320 166385
167087 167541
168605 169946
171108 171903
173408 173704
174449 174661
alpha_proteobacterium_LLX12A_gi_483997805_ref_NZ_
alpha_proteobacterium_LLX12A_gi_483997518_ref_NZ_
4567 4991
alpha_proteobacterium_LLX12A_gi_483997134_ref_NZ_
1 53
2451 2773
8270 8768
12574 12678
15467 15579
16432 16799
19554 19715
20790 22663
24389 24675
25327 25398
26453 26536
28043 28354
alpha_proteobacterium_LLX12A_gi_483997845_ref_NZ_
609 718
alpha_proteobacterium_LLX12A_gi_483997641_ref_NZ_
1 490
2722 3178
alpha_proteobacterium_LLX12A_gi_483997094_ref_NZ_
1 272
939 1888
2451 3209
4544 5527
11365 12111
13158 13514
14165 14353
18647 19038
21582 21796
23379 23444
27215 27302
29234 29293
30046 30842
31618 32504
alpha_proteobacterium_LLX12A_gi_483997624_ref_NZ_
2912 3422
alpha_proteobacterium_LLX12A_gi_483997723_ref_NZ_
1 363
alpha_proteobacterium_LLX12A_gi_483997238_ref_NZ_
1 162
2514 3095
11662 12513
16605 16686
alpha_proteobacterium_LLX12A_gi_483996919_ref_NZ_
1 451
1941 2952
8604 8766
10416 11317
12556 12963
18895 19661
21357 21497
23357 23915
24527 24619
28859 29018
30995 31123
33296 34971
36180 37174
38400 39051
42738 42811
44411 44949
45977 46743
48137 48294
49502 49822
51251 51532
55614 56700
57411 57603
58951 59053
60183 60348
67923 68071
70582 70646
73254 73775
75291 76065
78208 78454
81164 81233
82541 83114
84682 84734
85413 85511
86803 87325
alpha_proteobacterium_LLX12A_gi_483997660_ref_NZ_
1035 2668
alpha_proteobacterium_LLX12A_gi_483997312_ref_NZ_
1 59
1569 1913
3487 4136
6180 7649
10764 11274
12484 12565
alpha_proteobacterium_LLX12A_gi_483997184_ref_NZ_
1 142
6042 6409
9093 9550
12952 13102
17215 17265
19309 19504
20089 20177
20692 20747
alpha_proteobacterium_LLX12A_gi_483997024_ref_NZ_
1 100
760 1094
2831 3375
6477 6729
7466 7574
8536 8861
9807 10778
11316 11370
12896 13088
15189 15693
20036 20332
22025 22465
23062 24318
26858 26977
29081 30011
31633 31768
33107 33255
39098 39241
39852 40004
44141 44703
alpha_proteobacterium_LLX12A_gi_483997050_ref_NZ_
1 546
8046 8241
11401 12446
13074 13975
14925 15174
19120 19197
20574 21285
30149 30494
34213 34289
36946 37383
39400 39449
alpha_proteobacterium_LLX12A_gi_483997282_ref_NZ_
1 423
1305 3292
5270 6589
10289 10437
10985 11421
11983 12350
13514 13792
alpha_proteobacterium_LLX12A_gi_483996929_ref_NZ_
1 468
1262 2000
4191 4420
6072 6702
7544 8121
9611 9975
13487 13780
16268 16511
17210 18625
19857 20273
24697 25007
27637 28006
29072 30393
34702 35482
36725 37051
37759 38354
39026 39211
40374 40920
43158 43395
43979 44342
46416 46758
47376 47436
48146 48521
49760 50195
50728 51168
55457 55535
59069 59782
63873 63929
64975 65150
71433 71694
74076 74130
75083 75556
79817 79951
alpha_proteobacterium_LLX12A_gi_483997011_ref_NZ_
1 153
1896 3083
3695 3744
4340 4694
6061 6179
6848 6957
8415 8782
9308 9822
10623 10861
12450 12515
14226 14700
15336 15567
18596 19537
20719 21191
22036 22388
25435 26247
29520 30222
36423 36476
37064 37269
41486 41964
42492 42671
43988 44388
45577 47329
alpha_proteobacterium_LLX12A_gi_483997138_ref_NZ_
1 105
2955 3088
5417 5827
7503 7939
8565 8885
11390 11442
12162 12694
15439 15544
16913 17139
17826 18307
26679 27137
alpha_proteobacterium_LLX12A_gi_483997535_ref_NZ_
2097 2372
2959 3245
4670 5024
alpha_proteobacterium_LLX12A_gi_483996898_ref_NZ_
4855 5069
5609 6106
8266 8646
9275 9753
10331 10694
11273 11423
16557 16727
20523 20611
23475 23549
24415 24911
27337 27704
28887 29816
38579 38832
39730 39912
41054 41334
42514 43439
44352 44719
46351 46777
48611 48670
49424 50362
52394 52826
53922 54367
56697 56900
62878 63637
64355 65398
67408 68034
68755 69238
70998 71210
71954 72193
78392 78831
79415 79496
80021 82344
85652 86018
86707 87030
88812 90245
92791 93613
95787 96586
103940 104019
105403 105874
106620 107043
107879 108432
109263 109442
110290 110778
111744 112192
114239 114312
118378 118776
121063 121165
121872 122280
126188 126306
128089 128195
129329 129382
alpha_proteobacterium_LLX12A_gi_483997416_ref_NZ_
1 806
5278 5814
alpha_proteobacterium_LLX12A_gi_483997837_ref_NZ_
alpha_proteobacterium_LLX12A_gi_483996896_ref_NZ_
1 114
7204 7646
13420 13771
16486 17307
20594 20657
22286 22514
23538 24072
24608 24939
26265 26607
31120 31613
32191 32251
33720 33829
35846 35937
37425 38843
40112 40704
42735 43239
44046 44105
47895 48134
52501 52670
54281 55044
57405 57847
58454 59236
62226 62483
64914 65126
67367 67428
69566 69645
74464 75214
75758 76212
79161 79593
80299 80404
81237 81615
83031 83333
85592 86108
92176 92291
94415 94810
102718 103016
105390 105700
106623 107217
110318 110446
112620 113853
114555 115513
117872 118046
118812 119007
122780 123063
124914 125433
126695 126910
129116 129167
130449 130633
alpha_proteobacterium_LLX12A_gi_483997888_ref_NZ_
1 576
alpha_proteobacterium_LLX12A_gi_483997466_ref_NZ_
1 1893
4090 4215
6577 7112
alpha_proteobacterium_LLX12A_gi_483997167_ref_NZ_
1 714
1595 1670
2493 2845
6754 8142
9405 9512
11001 11363
11956 12471
19002 19069
19643 19834
21465 22738
23396 23460
alpha_proteobacterium_LLX12A_gi_483997225_ref_NZ_
4093 4974
7122 7192
12530 12635
alpha_proteobacterium_LLX12A_gi_483997600_ref_NZ_
1 70
1919 1972
alpha_proteobacterium_LLX12A_gi_483997699_ref_NZ_
1 325
907 1860
alpha_proteobacterium_LLX12A_gi_483997333_ref_NZ_
1 432
4546 4833
7510 8018
8533 8592
11047 11670
alpha_proteobacterium_LLX12A_gi_483996939_ref_NZ_
3748 4209
5612 5920
6623 7075
11395 11454
12941 13871
14693 15504
16236 16849
18353 19079
20391 21148
25522 25583
26326 26824
27504 28573
31010 31084
33551 34607
35225 35740
39794 39965
43109 43285
44575 44858
46451 47362
49673 50171
51001 51176
51902 52453
53886 54410
56278 56910
57564 57701
59773 59965
62117 62468
63231 63770
65503 66227
alpha_proteobacterium_LLX12A_gi_483997375_ref_NZ_
1 621
5545 6444
7422 7614
8991 9283
alpha_proteobacterium_LLX12A_gi_483996986_ref_NZ_
1 152
1260 1650
2849 3772
6484 6913
12503 12930
15665 16682
19846 19900
26763 27154
27669 27720
29444 31015
32842 32989
33655 35097
36832 36942
37785 37838
38572 39627
45673 45837
46631 47499
48551 49091
50208 50803
52252 52750
53549 53715
54314 54412
56124 56817
alpha_proteobacterium_LLX12A_gi_483996992_ref_NZ_
1 1907
3773 3930
10597 11260
12046 12172
12733 12956
19767 19914
20776 20941
25887 26031
27778 28183
32186 32290
33840 33901
35679 35933
38136 38556
39074 39486
40425 41474
41984 42058
42946 43153
44588 44861
46325 46527
47637 48593
49952 50352
51551 51686
52366 53777
alpha_proteobacterium_LLX12A_gi_483997666_ref_NZ_
1 597
2400 2457
alpha_proteobacterium_LLX12A_gi_483997442_ref_NZ_
1 458
5138 5202
6719 7672
alpha_proteobacterium_LLX12A_gi_483997207_ref_NZ_
3582 3798
7498 7736
10000 10587
12335 12422
14237 14388
16785 17222
18503 18571
alpha_proteobacterium_LLX12A_gi_483997367_ref_NZ_
1 55
6129 6190
6927 7168
7688 7789
9303 9823
alpha_proteobacterium_LLX12A_gi_483997609_ref_NZ_
660 712
3612 3670
alpha_proteobacterium_LLX12A_gi_483997145_ref_NZ_
5466 5561
6356 6495
8427 8492
11186 11268
12359 12791
17977 18070
18606 18873
20072 20608
23743 23970
24977 25873
alpha_proteobacterium_LLX12A_gi_483996958_ref_NZ_
1 302
881 1137
1635 1713
3225 3611
8598 8661
10374 10845
11411 12214
18822 19218
22158 22418
23569 25026
30346 30600
33520 33634
34172 34605
35728 35800
36310 36415
37069 37671
39324 39384
41282 41691
44794 44944
46035 47166
48215 48739
53042 53360
58021 58652
61805 62352
63100 63152
alpha_proteobacterium_LLX12A_gi_483997734_ref_NZ_
1 610
1354 1434
alpha_proteobacterium_LLX12A_gi_483997753_ref_NZ_
1 72
1253 1320
alpha_proteobacterium_LLX12A_gi_483997619_ref_NZ_
1 1870
3300 3429
alpha_proteobacterium_LLX12A_gi_483997340_ref_NZ_
1 549
1858 2328
9583 10696
alpha_proteobacterium_LLX12A_gi_483997857_ref_NZ_
1 59
alpha_proteobacterium_LLX12A_gi_483997770_ref_NZ_
1 1146
alpha_proteobacterium_LLX12A_gi_483997897_ref_NZ_
1 545
alpha_proteobacterium_LLX12A_gi_483997483_ref_NZ_
1 89
2453 2817
5574 6736
alpha_proteobacterium_LLX12A_gi_483997756_ref_NZ_
1 52
1231 1299
alpha_proteobacterium_LLX12A_gi_483997194_ref_NZ_
598 662
1789 2292
3334 3976
7707 8392
9012 9111
9649 9810
10681 10764
13986 14064
18129 18352
19759 19849
alpha_proteobacterium_LLX12A_gi_483997296_ref_NZ_
1 349
3839 3925
6779 6841
8645 9404
12814 12888
alpha_proteobacterium_LLX12A_gi_483997630_ref_NZ_
1 104
alpha_proteobacterium_LLX12A_gi_483996935_ref_NZ_
1 110
632 1753
4805 5141
9242 10026
15330 15922
25197 25637
29595 29838
31483 32024
33579 34307
35932 36198
38555 39847
50325 50882
52540 53513
54859 55288
55947 57209
66679 66802
68267 68326
69638 70226
71389 71574
alpha_proteobacterium_LLX12A_gi_483997383_ref_NZ_
1 60
5620 7727
alpha_proteobacterium_LLX12A_gi_483997589_ref_NZ_
1 148
1825 2854
3768 3837
alpha_proteobacterium_LLX12A_gi_483996997_ref_NZ_
1 358
4215 4457
9766 9821
10756 11185
12763 13231
14349 14653
16266 17187
19987 20489
20988 21043
25243 25383
27277 27559
31837 32123
32882 32968
33612 33986
34856 35211
47371 47804
48420 49158
54096 54189
alpha_proteobacterium_LLX12A_gi_483997425_ref_NZ_
1 296
1629 1913
7327 7943
alpha_proteobacterium_LLX12A_gi_483997386_ref_NZ_
1 74
alpha_proteobacterium_LLX12A_gi_483996903_ref_NZ_
1 106
646 1282
1821 2277
4046 4196
4989 5098
6481 7386
12000 12378
13396 13504
17500 17907
18568 19100
21497 21551
23466 23527
24093 24323
28069 28154
31492 32236
32793 33055
34639 34716
36672 36760
40230 40340
42139 42416
44373 44927
45950 46505
49479 50011
56014 56382
57051 57161
59476 59691
61312 62036
65455 66467
67583 67748
70190 70619
74021 74100
74937 75794
76889 78545
81336 81539
83137 83403
84539 84973
85730 85859
86838 87274
91950 92021
93868 93934
99544 99636
101515 101589
102977 103032
104345 104736
105240 106162
107569 108314
110315 110459
114421 116157
117932 118755
123439 123883
125628 125682
alpha_proteobacterium_LLX12A_gi_483997288_ref_NZ_
1 1402
2032 2501
5353 6719
8088 8420
alpha_proteobacterium_LLX12A_gi_483996909_ref_NZ_
1 268
2024 2137
3081 3182
4780 5550
6170 6314
7579 7679
8569 8671
11280 11621
16218 16790
23177 23460
24178 24686
26332 27640
30316 30370
31173 32351
34360 34780
42363 42535
52591 52816
53372 53484
55751 56378
58914 59059
67926 68344
69689 69760
70618 71231
72311 72713
75721 76191
79879 80430
81778 81837
82610 83034
84511 85205
85804 85897
86601 87228
93402 94931
97780 98905
100641 100710
alpha_proteobacterium_LLX12A_gi_483997174_ref_NZ_
1208 2621
4099 4327
8511 9069
9660 9734
10283 10568
11460 11529
12241 12331
14860 15876
18160 18355
20272 20596
21767 22686
alpha_proteobacterium_LLX12A_gi_483997204_ref_NZ_
595 891
2022 2099
3604 4416
5343 5527
6388 6762
7470 7854
11254 12011
13544 13870
15683 15748
17342 17850
18584 18653
alpha_proteobacterium_LLX12A_gi_483997090_ref_NZ_
1 127
1340 3875
4556 5265
6691 6967
9240 9555
12263 13213
16475 16972
17525 17576
18090 19306
22037 22213
23656 25162
27079 27183
28585 29364
alpha_proteobacterium_LLX12A_gi_483997219_ref_NZ_
1 132
679 1139
2535 2617
6126 6849
7679 7809
9706 10006
12271 13205
14233 14305
14982 15375
alpha_proteobacterium_LLX12A_gi_483997412_ref_NZ_
1 1096
4484 5028
7903 8386
alpha_proteobacterium_LLX12A_gi_483997453_ref_NZ_
1 448
2507 2614
4625 4930
6141 7438
alpha_proteobacterium_LLX12A_gi_483997870_ref_NZ_
1 627
alpha_proteobacterium_LLX12A_gi_483996917_ref_NZ_
1 320
3086 3173
3775 3890
8479 8743
9303 9447
10196 10926
12151 12681
15268 15347
16562 16826
18742 20227
20999 21266
23357 23520
24687 24776
25402 25554
27807 27962
31308 32123
33758 34232
34896 35537
36748 36801
38316 38950
39869 40308
40809 41584
43638 43688
44601 45179
45991 46176
48252 48673
49453 49598
51245 51661
54949 55010
57354 57597
66738 67943
71498 71755
74563 75270
77359 77941
78481 79279
79930 81194
82535 83494
85621 85717
86234 87321
91066 91118
alpha_proteobacterium_LLX12A_gi_483997579_ref_NZ_
3831 4066
alpha_proteobacterium_LLX12A_gi_483997111_ref_NZ_
570 1002
2533 2785
4580 4671
9943 10184
12158 12720
13296 13529
14849 14905
17062 17484
18441 18632
20462 20547
23219 23301
27604 27718
alpha_proteobacterium_LLX12A_gi_483997003_ref_NZ_
1 401
1690 2171
2736 3626
9252 9304
11524 11865
12624 13055
18516 18573
21628 21839
22533 22622
23178 23564
24528 24781
26952 27388
28095 29783
30939 31260
34898 35154
35881 36346
37146 38523
39296 39818
40435 41395
42927 43262
49209 49362
alpha_proteobacterium_LLX12A_gi_483997354_ref_NZ_
1 182
2676 3149
6440 6766
10227 10428
alpha_proteobacterium_LLX12A_gi_483997244_ref_NZ_
1 77
2251 2603
4375 4597
9956 10052
15033 16120
alpha_proteobacterium_LLX12A_gi_483997627_ref_NZ_
583 1426
2940 3336
alpha_proteobacterium_LLX12A_gi_483997508_ref_NZ_
1 79
1273 2756
5755 5825
alpha_proteobacterium_LLX12A_gi_483997068_ref_NZ_
1 56
894 988
3613 4225
5522 5610
11997 12318
13799 14007
17911 17978
18754 19135
20010 20866
22101 22159
23251 23304
26614 26775
29651 29918
30920 31159
33304 33595
34582 35762
37976 38462
alpha_proteobacterium_LLX12A_gi_483997128_ref_NZ_
1566 2157
3500 3771
4348 4411
11182 11741
12973 13094
14402 14474
15732 16164
17767 18097
18813 19131
20230 20307
21603 21842
27540 28294
28839 29512
alpha_proteobacterium_LLX12A_gi_483997044_ref_NZ_
1 116
1118 1390
4200 4711
8890 9098
9678 9872
13160 13547
14201 14250
18391 18740
24335 24958
28402 28898
34161 34245
38372 38726
40011 40261
alpha_proteobacterium_LLX12A_gi_483997330_ref_NZ_
1 990
4929 5495
10458 11674
alpha_proteobacterium_LLX12A_gi_483997798_ref_NZ_
1 81
796 1047
alpha_proteobacterium_LLX12A_gi_483997032_ref_NZ_
1 487
3223 3704
4502 5248
8649 8972
12654 12771
13275 13678
15108 16348
19517 19584
21496 21682
22613 23791
25497 25772
26779 28157
28832 28989
29872 29924
31251 31760
32451 32526
35032 35905
39984 42042
43651 43735
alpha_proteobacterium_LLX12A_gi_483996989_ref_NZ_
1 1670
2655 3397
5812 5908
8673 8724
17114 18763
20492 20686
23390 23553
24116 24481
25651 25868
27063 28083
30256 30352
33654 33944
35493 35653
40265 40660
43768 44942
47457 47531
48276 49085
51455 51992
54681 54743
alpha_proteobacterium_LLX12A_gi_483997726_ref_NZ_
1 63
1063 1494
alpha_proteobacterium_LLX12A_gi_483997000_ref_NZ_
1978 2171
5423 5691
8851 8927
9585 10022
13162 13419
16529 16966
17575 17735
20321 20574
21356 22020
23503 23627
24368 25155
26025 26669
30276 30333
32064 32359
34666 34731
40401 40772
42615 42694
43382 43538
44051 44242
46762 46818
48467 48902
51002 51574
alpha_proteobacterium_LLX12A_gi_483997749_ref_NZ_
1 51
alpha_proteobacterium_LLX12A_gi_483997213_ref_NZ_
1 170
2342 2562
4436 5080
7425 7478
10351 10759
14108 14499
15023 15537
17669 17960
alpha_proteobacterium_LLX12A_gi_483997540_ref_NZ_
1 206
1786 2172
4497 4943
alpha_proteobacterium_LLX12A_gi_483997456_ref_NZ_
1 2537
4913 4972
7282 7421
alpha_proteobacterium_LLX12A_gi_483997674_ref_NZ_
1 179
2010 2408
alpha_proteobacterium_LLX12A_gi_483997808_ref_NZ_
1 970
alpha_proteobacterium_LLX12A_gi_483996974_ref_NZ_
2241 2386
5312 5611
8761 9497
12112 12942
16482 16534
19409 19700
20651 20778
22045 22207
22785 23013
24308 24555
25904 26325
27132 27214
28224 28280
29460 29567
31805 31883
35439 35722
38126 38202
40792 41067
41975 42028
42745 44186
44978 45122
47418 47467
48778 48834
49358 49480
50181 50311
53665 54060
55177 55237
57495 57860
alpha_proteobacterium_LLX12A_gi_483997350_ref_NZ_
1 170
892 953
8507 8627
10410 10627
alpha_proteobacterium_LLX12A_gi_483997359_ref_NZ_
1 1393
3076 3200
6325 6897
7958 8291
9852 9903
alpha_proteobacterium_LLX12A_gi_483996884_ref_NZ_
1 1254
3493 3865
5228 5286
7707 7940
9598 10478
11554 11627
12663 13178
15547 15632
21019 21271
21862 22340
27727 28070
37431 37567
39527 41842
42487 43114
48788 49132
50622 50882
53910 54136
57737 58472
63228 64208
65012 66427
69450 69766
71109 71420
75308 75722
80835 81436
82477 82544
85365 85938
87058 87143
87836 88356
89224 89584
98976 99357
99886 99945
104166 105205
107978 108319
112829 113543
114147 115083
118271 118384
119397 119620
121970 123529
124267 124340
127813 128944
134271 134610
137593 137934
141474 141567
150067 151136
151809 152376
152926 153105
155086 156626
159028 159404
159993 160042
162883 164061
165674 165739
166359 166605
168909 169305
173816 174519
176301 178816
180013 180267
181061 182164
183242 183294
185037 185220
188106 188430
189428 189757
190576 190868
192195 192465
193148 193238
200797 201151
201850 201963
202615 202695
203349 204669
205445 205618
207961 208094
210207 210436
214485 214561
215380 215714
217681 217760
218546 218781
221040 221569
223144 223209
alpha_proteobacterium_LLX12A_gi_483997302_ref_NZ_
1 66
5121 5230
6525 6616
7220 7394
10301 11286
alpha_proteobacterium_LLX12A_gi_483997141_ref_NZ_
4034 4131
7398 7476
8017 8323
11192 12237
15877 16150
19576 20317
22916 23276
25220 26057
26793 27008
alpha_proteobacterium_LLX12A_gi_483997616_ref_NZ_
1 545
alpha_proteobacterium_LLX12A_gi_483997060_ref_NZ_
1 104
1760 2232
3100 3460
4318 5624
8006 8318
10799 12313
13879 14619
15727 16576
17854 19082
19891 20059
20916 20987
23182 23245
26239 26718
28193 28245
30240 30559
31105 31168
31712 32321
34750 35139
36392 36523
38466 38543
alpha_proteobacterium_LLX12A_gi_483997607_ref_NZ_
1985 3687
alpha_proteobacterium_LLX12A_gi_483997562_ref_NZ_
1 443
2420 2709
3718 4376
alpha_proteobacterium_LLX12A_gi_483997251_ref_NZ_
1 397
5671 6786
7573 7773
8649 8928
11652 12186
15522 15804
alpha_proteobacterium_LLX12A_gi_483997171_ref_NZ_
1 98
863 1027
9855 9942
13669 14194
17725 18264
alpha_proteobacterium_LLX12A_gi_483997065_ref_NZ_
1 448
2764 3717
4450 4640
5419 5619
7034 7124
8123 8261
9960 10281
11629 11808
15487 16245
18716 19180
24407 26196
27072 27354
30288 30551
31724 32452
33318 33908
38014 38531
alpha_proteobacterium_LLX12A_gi_483997842_ref_NZ_
673 731
alpha_proteobacterium_LLX12A_gi_483997327_ref_NZ_
1 365
3187 3736
5354 5520
6172 6463
8551 9307
11121 11718
alpha_proteobacterium_LLX12A_gi_483997071_ref_NZ_
1 107
4265 4601
7966 8463
9357 10333
10974 11433
14001 14449
17087 17412
20382 20831
24267 24457
25091 25558
26416 26633
30602 31518
33819 33933
35104 35669
alpha_proteobacterium_LLX12A_gi_483997054_ref_NZ_
1 73
2387 2810
8576 8833
11233 11360
17333 17398
20165 20386
24824 25014
29790 31044
32614 32838
34532 35034
35744 36066
37992 38077
39132 40679
alpha_proteobacterium_LLX12A_gi_483997261_ref_NZ_
1 817
3254 3329
7152 8728
10109 10336
11746 11997
13233 13748
14358 14898
alpha_proteobacterium_LLX12A_gi_483997073_ref_NZ_
1 192
1010 1213
1832 2147
2689 2760
5705 5895
10310 10869
13308 13551
15891 16397
19190 19785
23668 24118
28681 29053
29667 31409
34166 35466
35972 36151
37431 37644
38171 38225
alpha_proteobacterium_LLX12A_gi_483997278_ref_NZ_
1 1099
4635 4710
5752 6249
10393 10442
11089 11201
12224 12786
13496 13885
alpha_proteobacterium_LLX12A_gi_483997081_ref_NZ_
1 67
703 833
1481 2404
2977 3167
5535 6417
10470 10843
13027 13237
18657 19785
21404 21543
24593 24846
25730 25801
26899 28441
28985 30015
34078 34252
alpha_proteobacterium_LLX12A_gi_483997613_ref_NZ_
alpha_proteobacterium_LLX12A_gi_483997779_ref_NZ_
1 210
727 1131
alpha_proteobacterium_LLX12A_gi_483996960_ref_NZ_
1 865
2513 3276
4370 4459
5460 5738
8466 9264
11736 12537
14998 15293
15884 16093
21113 21708
27157 27558
34328 34389
41538 41589
42719 43040
49498 50737
55725 56963
62309 62365
alpha_proteobacterium_LLX12A_gi_483997396_ref_NZ_
1 618
8448 8587
alpha_proteobacterium_LLX12A_gi_483997035_ref_NZ_
1 349
4737 5299
6752 7751
8316 8373
10828 11437
14743 15940
17370 17631
18263 19386
20282 20338
25829 26075
38512 38621
39393 39489
42143 42420
43626 43702
alpha_proteobacterium_LLX12A_gi_483997117_ref_NZ_
1 1106
1823 2284
3020 3737
4627 4676
7836 8213
10218 10276
13164 13531
14247 14455
15059 15295
17906 18281
20686 20955
25875 26306
alpha_proteobacterium_LLX12A_gi_483997746_ref_NZ_
773 1428
alpha_proteobacterium_LLX12A_gi_483997165_ref_NZ_
1 384
1389 2004
2538 2634
4480 5149
8606 9036
12399 12956
16921 16978
18557 18610
19829 19946
21752 22012
23295 23754
alpha_proteobacterium_LLX12A_gi_483997859_ref_NZ_
1 653
alpha_proteobacterium_LLX12A_gi_483997307_ref_NZ_
1 150
893 1113
2975 3493
6427 7081
9559 10023
alpha_proteobacterium_LLX12A_gi_483997317_ref_NZ_
927 2400
3135 3864
4858 5272
9939 11156
11846 12505
alpha_proteobacterium_LLX12A_gi_483996913_ref_NZ_
1 59
2957 3056
4914 5059
6565 7002
7547 7628
8145 8524
10190 10267
16721 17590
18708 18768
21691 21764
25817 26205
28194 28503
30242 30594
33279 33702
35037 38597
41654 41978
45106 45481
47831 47896
50076 50629
52481 52532
54282 54373
55138 55206
64641 65223
66217 66990
69243 69294
70893 71196
75259 75340
76100 76453
77877 78311
81469 82131
84167 84586
86133 86227
92348 92793
93613 94317
alpha_proteobacterium_LLX12A_gi_483997847_ref_NZ_
1 697
alpha_proteobacterium_LLX12A_gi_483997892_ref_NZ_
1 560
alpha_proteobacterium_LLX12A_gi_483997685_ref_NZ_
1 547
1694 2045
alpha_proteobacterium_LLX12A_gi_483997487_ref_NZ_
1 84
1172 1441
5012 5371
6206 6730
alpha_proteobacterium_LLX12A_gi_483997271_ref_NZ_
1 537
alpha_proteobacterium_LLX12A_gi_483997511_ref_NZ_
1 377
2416 2467
5346 5648
alpha_proteobacterium_LLX12A_gi_483997078_ref_NZ_
1 56
1010 1330
3185 3549
8425 9209
19198 20339
23192 23363
24588 24990
25673 26629
27490 27972
29210 29371
30205 31518
33565 33853
35986 36303
37527 37608
alpha_proteobacterium_LLX12A_gi_483997407_ref_NZ_
6918 7457
8114 8537
alpha_proteobacterium_LLX12A_gi_483997480_ref_NZ_
1 100
1008 1400
3133 3183
4009 4304
5207 5547
6299 6808
alpha_proteobacterium_LLX12A_gi_483997474_ref_NZ_
1 376
958 1405
2789 2961
6563 6972
alpha_proteobacterium_LLX12A_gi_483997767_ref_NZ_
1 380
alpha_proteobacterium_LLX12A_gi_483997551_ref_NZ_
1 71
alpha_proteobacterium_LLX12A_gi_483997826_ref_NZ_
1 77
alpha_proteobacterium_LLX12A_gi_483997418_ref_NZ_
1906 1985
8069 8267
alpha_proteobacterium_LLX12A_gi_483997593_ref_NZ_
1 784
3296 3816
alpha_proteobacterium_LLX12A_gi_483997267_ref_NZ_
1 58
1827 2073
5752 5856
6576 6625
9052 9200
10344 10801
11811 12429
13877 14451
alpha_proteobacterium_LLX12A_gi_483997831_ref_NZ_
1 874
alpha_proteobacterium_LLX12A_gi_483997573_ref_NZ_
1666 1784
alpha_proteobacterium_LLX12A_gi_483997197_ref_NZ_
1 361
1097 1563
2085 2868
4000 4318
10425 10891
17573 17915
18839 19104
alpha_proteobacterium_LLX12A_gi_483997216_ref_NZ_
1 68
832 1003
1673 2195
3072 3491
6172 6413
16687 17439
alpha_proteobacterium_LLX12A_gi_483997603_ref_NZ_
1 835
3545 3688
alpha_proteobacterium_LLX12A_gi_483997257_ref_NZ_
1 117
673 1208
2760 2814
3366 4019
5069 5224
5977 6519
9159 9417
11764 11864
15204 15700
alpha_proteobacterium_LLX12A_gi_483997106_ref_NZ_
1 616
1644 1762
2390 2667
8959 9032
11262 11496
16053 16804
20015 20557
22395 22941
25259 25345
26444 26848
31610 31756
alpha_proteobacterium_LLX12A_gi_483997834_ref_NZ_
820 869
alpha_proteobacterium_LLX12A_gi_483997356_ref_NZ_
1 957
1422 2650
3830 5101
5647 5997
9932 10026
alpha_proteobacterium_LLX12A_gi_483997663_ref_NZ_
2445 2511
alpha_proteobacterium_LLX12A_gi_483996907_ref_NZ_
1 577
1350 1543
2203 3034
4180 4243
5015 5190
5842 6227
7215 7273
16175 16341
17811 18315
20098 21588
22135 22188
25846 26384
27242 28127
30678 31153
31932 33093
33896 34275
34955 35255
36749 37393
39122 39171
42339 42441
43212 43759
44659 45136
45643 48567
49778 49839
50361 51237
54828 55884
60452 60520
66371 66990
68882 69349
77488 78044
79466 80302
81294 81938
83741 84225
85127 85348
87759 88211
88760 90906
91561 91650
92588 92873
93875 93926
94738 94812
95594 95740
96790 97074
97602 97708
98606 99073
100910 101058
102590 103052
alpha_proteobacterium_LLX12A_gi_483997335_ref_NZ_
1 283
1613 1756
4025 4234
6076 6496
8539 9086
11037 11651
alpha_proteobacterium_LLX12A_gi_483997586_ref_NZ_
3620 3855
alpha_proteobacterium_LLX12A_gi_483997176_ref_NZ_
1 733
2587 2952
3567 3619
4233 5053
6246 7084
8357 8485
9009 9228
15971 16235
17450 17835
21544 22451
alpha_proteobacterium_LLX12A_gi_483997380_ref_NZ_
2131 2680
3289 3359
6761 7306
8850 9234
alpha_proteobacterium_LLX12A_gi_483997632_ref_NZ_
1467 1733
2871 3202
alpha_proteobacterium_LLX12A_gi_483997470_ref_NZ_
1 144
6375 6470
7019 7089
alpha_proteobacterium_LLX12A_gi_483997428_ref_NZ_
1404 1587
5705 6052
6594 7031
7807 7923
alpha_proteobacterium_LLX12A_gi_483997850_ref_NZ_
1 687
alpha_proteobacterium_LLX12A_gi_483997881_ref_NZ_
alpha_proteobacterium_LLX12A_gi_483997017_ref_NZ_
1 555
1717 2101
8554 8655
11464 11928
12862 14504
15102 16752
17493 17656
18200 19880
20720 21039
26724 26930
27557 27660
31242 31729
34321 34567
35628 35971
37168 37601
38367 38640
39222 42410
43015 45152
alpha_proteobacterium_LLX12A_gi_483997523_ref_NZ_
1 74
2230 2518
3914 5376
alpha_proteobacterium_LLX12A_gi_483997759_ref_NZ_
1 171
alpha_proteobacterium_LLX12A_gi_483997190_ref_NZ_
529 915
2558 3209
4361 4535
8676 9659
12223 13225
15910 16030
16640 16965
19094 19422
20238 20385
alpha_proteobacterium_LLX12A_gi_483996977_ref_NZ_
3494 3870
6998 7398
9989 10837
13778 14401
15264 15389
16049 18630
19838 19893
20438 22290
23037 23686
25860 26427
28057 28449
30470 30733
31802 31941
32531 32692
33541 33621
35671 36084
37125 37294
38157 38266
39481 39603
40290 40608
41157 41563
42457 46512
47453 47554
48572 49145
49779 50060
53181 54954
55850 56338
57055 57150
alpha_proteobacterium_LLX12A_gi_483997154_ref_NZ_
6459 6753
7752 8115
15137 15191
16953 17485
19394 19495
22790 23184
24130 24283
alpha_proteobacterium_LLX12A_gi_483997729_ref_NZ_
1 76
740 813
1380 1442
alpha_proteobacterium_LLX12A_gi_483997794_ref_NZ_
1 69
alpha_proteobacterium_LLX12A_gi_483997554_ref_NZ_
1 755
2387 2452
3022 3535
4658 4736
alpha_proteobacterium_LLX12A_gi_483996963_ref_NZ_
1 66
2048 2126
3383 3708
4722 5092
5817 6087
8668 10526
12013 12389
14500 14850
18293 18693
19449 19707
22140 22580
23284 23439
27316 27480
29466 29702
30732 30967
31749 32204
33558 34865
38577 38869
41392 42147
43777 45395
46345 46859
48210 49711
51161 51343
52012 52470
53006 53225
53783 54240
57197 57446
58040 58125
58935 59475
61691 62169
alpha_proteobacterium_LLX12A_gi_483997505_ref_NZ_
1 121
2139 2976
4605 4806
5696 5954
alpha_proteobacterium_LLX12A_gi_483997866_ref_NZ_
1 77
alpha_proteobacterium_LLX12A_gi_483997565_ref_NZ_
1 496
1031 2386
alpha_proteobacterium_LLX12A_gi_483997151_ref_NZ_
1 605
3272 3592
5379 5653
6717 6811
9053 9161
11051 11879
13626 14827
16425 17773
19699 19926
22575 22963
24885 25080
25670 25783
alpha_proteobacterium_LLX12A_gi_483997894_ref_NZ_
1 551
alpha_proteobacterium_LLX12A_gi_483997158_ref_NZ_
1 570
3333 3409
3995 4451
6169 6426
7287 7383
11685 11784
12857 13999
14532 14610
16799 17194
18862 18921
20215 20633
21237 21490
23298 23396
24198 24493
25023 25073
alpha_proteobacterium_LLX12A_gi_483997771_ref_NZ_
1 1145
alpha_proteobacterium_LLX12A_gi_483997652_ref_NZ_
1 900
2291 2871
alpha_proteobacterium_LLX12A_gi_483997122_ref_NZ_
2944 3057
9077 9263
10892 10949
14686 14738
15482 18036
18657 19000
20902 22287
23556 24623
28284 28847
alpha_proteobacterium_LLX12A_gi_483997006_ref_NZ_
5528 5686
7429 7586
10093 10609
12257 13741
14528 14591
17471 17877
19211 20744
21536 22415
23303 23476
25107 25379
27596 27680
29006 29168
31296 31541
32968 33571
35414 35490
36377 37319
39948 40226
41124 41236
43455 45329
47502 48178
alpha_proteobacterium_LLX12A_gi_483997057_ref_NZ_
1278 2216
6345 6513
7062 7255
12331 12726
15531 15581
16691 16774
19302 20017
26907 27307
27936 28507
30677 30781
32467 33147
33680 33920
35284 35481
36071 36569
37564 38779
alpha_proteobacterium_LLX12A_gi_483997200_ref_NZ_
1 509
3527 4877
5519 5971
6790 7060
8628 8755
11516 11575
12148 12635
alpha_proteobacterium_LLX12A_gi_483997656_ref_NZ_
1 211
1094 1736
2544 2782
alpha_proteobacterium_LLX12A_gi_483997263_ref_NZ_
1 593
1113 1301
4702 4882
8698 9334
9849 10340
10978 11114
11742 11853
14412 14490
alpha_proteobacterium_LLX12A_gi_483997228_ref_NZ_
3133 3751
4495 5266
6480 7133
8795 9030
9916 10104
14371 14421
16828 16939
alpha_proteobacterium_LLX12A_gi_483997148_ref_NZ_
1 318
5447 5523
6044 6451
7988 8342
13992 14426
20773 21362
24422 25006
alpha_proteobacterium_LLX12A_gi_483997873_ref_NZ_
1 627
alpha_proteobacterium_LLX12A_gi_483997783_ref_NZ_
982 1117
alpha_proteobacterium_LLX12A_gi_483997712_ref_NZ_
1200 1653
alpha_proteobacterium_LLX12A_gi_483996890_ref_NZ_
1 60
2303 2417
6369 7119
12343 12596
13697 14165
17251 18899
24290 24388
26255 27147
30783 30919
31753 32456
33745 34821
40304 40639
45113 45835
46725 47129
49612 50503
51674 51791
54861 55693
58215 58289
61242 61395
63873 64428
66387 66470
69561 70008
75370 76202
78757 78874
80057 80157
84557 84616
85431 85826
86343 87070
88786 89045
89673 89748
91516 91615
94153 94461
95459 95555
98602 99671
100871 101635
104292 104402
105435 106436
107496 108155
110606 111099
112253 112560
118222 119347
124429 124892
126499 126756
128580 129165
130715 131325
131989 132147
133795 134489
135786 135937
139076 139432
140926 141153
142559 143059
alpha_proteobacterium_LLX12A_gi_483997393_ref_NZ_
2513 3115
5526 5597
8259 8626
alpha_proteobacterium_LLX12A_gi_483997558_ref_NZ_
1 1031
4308 4381
alpha_proteobacterium_LLX12A_gi_483996946_ref_NZ_
1 735
3891 4189
5320 5553
9840 10495
12126 12219
13247 13332
14407 14508
15878 16854
20382 20821
25108 25868
26560 27082
30000 30704
32039 33126
33822 34400
35218 35628
38552 38838
39538 40112
42264 42350
45288 45740
48031 49017
53532 54608
55214 55320
56184 57666
60751 60869
65268 65456
alpha_proteobacterium_LLX12A_gi_483997343_ref_NZ_
1 726
3073 3335
8426 8615
10704 10766
alpha_proteobacterium_LLX12A_gi_483997786_ref_NZ_
1 68
alpha_proteobacterium_LLX12A_gi_483997815_ref_NZ_
alpha_proteobacterium_LLX12A_gi_483997862_ref_NZ_
1 635
alpha_proteobacterium_LLX12A_gi_483997210_ref_NZ_
1 172
4823 5062
5967 6356
7072 7821
9405 10012
10791 11653
13505 13920
15497 15857
18145 18216
alpha_proteobacterium_LLX12A_gi_483997248_ref_NZ_
1 56
5202 5460
7818 8275
9713 10198
13801 16007
alpha_proteobacterium_LLX12A_gi_483996980_ref_NZ_
1 54
2532 3045
4827 4964
5638 5841
8016 8612
13397 13756
15918 16962
18367 19709
22028 23125
23994 24586
29824 31778
36884 37521
38063 38113
38632 38851
39991 40090
42104 42644
44395 44808
47933 48021
53329 53766
56912 56999
alpha_proteobacterium_LLX12A_gi_483997404_ref_NZ_
1 140
4038 4400
7005 7264
alpha_proteobacterium_LLX12A_gi_483997346_ref_NZ_
1 594
1115 1166
2254 2853
5232 5971
6596 6662
10453 10633
alpha_proteobacterium_LLX12A_gi_483997102_ref_NZ_
1 76
5321 5660
6815 6928
12160 12432
13032 13191
14156 14762
15571 15620
20402 20871
21912 22042
26726 26812
28875 29291
30693 30851
alpha_proteobacterium_LLX12A_gi_483997710_ref_NZ_
1 723
1554 1665
alpha_proteobacterium_LLX12A_gi_483997436_ref_NZ_
1 66
3640 3953
alpha_proteobacterium_LLX12A_gi_483997108_ref_NZ_
3168 3342
6198 6623
7482 7843
10842 10964
17943 18003
18627 19153
19701 19812
21748 22137
22271 22445
28940 29373
alpha_proteobacterium_LLX12A_gi_483997399_ref_NZ_
5481 6427
7220 7787
8511 8578
alpha_proteobacterium_LLX12A_gi_483997501_ref_NZ_
1 165
735 1116
1870 1932
4684 4892
5952 6009
alpha_proteobacterium_LLX12A_gi_483997371_ref_NZ_
1 243
3305 3817
6952 7240
8349 8424
9199 9574
alpha_proteobacterium_LLX12A_gi_483997187_ref_NZ_
1 189
983 2095
4383 4468
7274 7668
12170 12610
17082 17622
18547 18804
20736 20935
alpha_proteobacterium_LLX12A_gi_483997823_ref_NZ_
1 886
alpha_proteobacterium_LLX12A_gi_483997477_ref_NZ_
866 1296
2153 2212
6805 6896
alpha_proteobacterium_LLX12A_gi_483996942_ref_NZ_
1141 1205
2290 2779
7438 7490
8162 8493
9651 9877
11736 12658
13370 14096
18662 18784
19947 20215
21495 21887
23116 23687
26767 26991
33667 34267
34471 34933
38739 39802
42834 43404
43949 44039
47480 47648
50252 50329
51533 51932
54491 54607
57302 58552
59436 60235
64349 64667
67215 67329
67862 67927
alpha_proteobacterium_LLX12A_gi_483997450_ref_NZ_
1 81
2285 2408
4626 4844
6529 6961
alpha_proteobacterium_LLX12A_gi_483997310_ref_NZ_
1 523
11731 12576
alpha_proteobacterium_LLX12A_gi_483997801_ref_NZ_
803 1024
alpha_proteobacterium_LLX12A_gi_483997275_ref_NZ_
1 492
1105 1511
3071 5731
6694 6856
7610 8413
11721 12209
alpha_proteobacterium_LLX12A_gi_483997649_ref_NZ_
1 333
2629 2980
alpha_proteobacterium_LLX12A_gi_483997038_ref_NZ_
557 1002
2302 2376
3762 4499
5353 5435
12422 13481
18909 19011
20109 20500
21922 22301
27542 28353
33400 33453
34048 34806
37260 37315
42404 42526
alpha_proteobacterium_LLX12A_gi_483997014_ref_NZ_
1 526
5003 5358
10298 10967
12550 14753
15840 16832
17781 17882
22705 23471
25589 25798
26776 26852
30898 32758
35429 35742
41318 42008
45235 45533
alpha_proteobacterium_LLX12A_gi_483997705_ref_NZ_
1 214
1150 1710
alpha_proteobacterium_LLX12A_gi_483997884_ref_NZ_
1 576
alpha_proteobacterium_LLX12A_gi_483997644_ref_NZ_
1 85
1134 2018
2956 3023
alpha_proteobacterium_LLX12A_gi_483997569_ref_NZ_
1 335
4161 4235
alpha_proteobacterium_LLX12A_gi_483997671_ref_NZ_
1 66
alpha_proteobacterium_LLX12A_gi_483997255_ref_NZ_
1 152
5564 5805
8538 8626
9783 9888
12963 13084
15496 15734
alpha_proteobacterium_LLX12A_gi_483997096_ref_NZ_
1 662
2893 3540
7092 7801
8416 8483
9291 10922
15791 16056
17554 17676
18844 18977
22538 22640
23807 24076
29173 29998
31549 31717
32318 32487
alpha_proteobacterium_LLX12A_gi_483997084_ref_NZ_
1 449
1945 2060
4655 4996
8470 9098
14653 15323
16195 16442
17641 18360
19233 20302
21741 22069
25864 26104
26752 26946
32430 32850
33427 33496
alpha_proteobacterium_LLX12A_gi_483997638_ref_NZ_
1 379
alpha_proteobacterium_LLX12A_gi_483997390_ref_NZ_
1 920
1705 1925
4199 4292
5602 6346
8770 8906
alpha_proteobacterium_LLX12A_gi_483997544_ref_NZ_
1 161
2260 2311
3921 3998
alpha_proteobacterium_LLX12A_gi_483997811_ref_NZ_
842 964
alpha_proteobacterium_LLX12A_gi_483997692_ref_NZ_
1 655
1728 1932
alpha_proteobacterium_LLX12A_gi_483997363_ref_NZ_
1 837
1382 1998
3028 3111
4172 4372
9495 9854
alpha_proteobacterium_LLX12A_gi_483997548_ref_NZ_
1 83
811 882
2660 3249
4705 4818
alpha_proteobacterium_LLX12A_gi_483997285_ref_NZ_
1 529
3686 3929
7300 7744
10619 11194
11804 13696
alpha_proteobacterium_LLX12A_gi_483997431_ref_NZ_
1 293
1737 1814
5111 5204
7482 7894
alpha_proteobacterium_LLX12A_gi_483997162_ref_NZ_
1 482
1516 1775
3684 4722
6631 7009
7566 8017
14662 15718
22312 22550
23839 24776
alpha_proteobacterium_LLX12A_gi_483996953_ref_NZ_
1 896
3720 4536
6200 6908
7832 8050
8857 9522
10045 10826
13648 13961
15406 15810
17920 18435
19765 20550
21252 21731
28389 28481
30611 32503
34296 34641
36016 36720
37945 39000
41025 42367
44664 45022
46297 46834
47609 48319
48827 50509
51318 53089
61879 62141
62802 63557
alpha_proteobacterium_LLX12A_gi_483997047_ref_NZ_
1 704
1501 1584
4076 4130
6779 6970
10408 10463
15908 17480
18054 18485
19036 19541
20086 20729
25260 25423
26521 26922
27960 28349
31437 31989
34396 34737
35458 36643
37517 37612
alpha_proteobacterium_LLX12A_gi_483997596_ref_NZ_
1 193
3232 3790
alpha_proteobacterium_LLX12A_gi_483997320_ref_NZ_
1 58
1913 1994
3147 3364
7231 7482
9764 9921
11016 11268
12251 12335
alpha_proteobacterium_LLX12A_gi_483997527_ref_NZ_
1 251
3042 3693
4673 5290
alpha_proteobacterium_LLX12A_gi_483997576_ref_NZ_
1 87
987 1044
3261 4115
alpha_proteobacterium_LLX12A_gi_483997439_ref_NZ_
1 542
1357 1740
2410 2487
3394 3475
5304 5680
7520 7671
alpha_proteobacterium_LLX12A_gi_483997720_ref_NZ_
1 58
1444 1517
alpha_proteobacterium_LLX12A_gi_483997677_ref_NZ_
1 118
2304 2403
alpha_proteobacterium_LLX12A_gi_483997421_ref_NZ_
1 176
762 967
2995 3984
6166 6588
7969 8192
alpha_proteobacterium_LLX12A_gi_483997232_ref_NZ_
911 1052
4706 5192
6337 6507
13209 13693
16510 16839
alpha_proteobacterium_LLX12A_gi_483997460_ref_NZ_
1 446
2604 2835
6750 7246
alpha_proteobacterium_LLX12A_gi_483997299_ref_NZ_
4556 4606
9041 9437
alpha_proteobacterium_LLX12A_gi_483997763_ref_NZ_
1 618
alpha_proteobacterium_LLX12A_gi_483997538_ref_NZ_
2536 2663
3358 3428
4919 4997
alpha_proteobacterium_LLX12A_gi_483997180_ref_NZ_
1 142
954 1264
1843 1899
2768 2981
3617 4327
5046 5510
9834 10035
11647 11994
18272 18778
21087 21317
22086 22140
alpha_proteobacterium_LLX12A_gi_483997497_ref_NZ_
1 1643
5284 5348
6151 6258
alpha_proteobacterium_LLX12A_gi_483997494_ref_NZ_
1 762
1817 1999
6320 6381
alpha_proteobacterium_LLX12A_gi_483997291_ref_NZ_
1 74
1966 2059
4327 4740
9388 9463
10759 10950
13100 13566
alpha_proteobacterium_LLX12A_gi_483997516_ref_NZ_
3003 3166
4663 4840
5575 5630
alpha_proteobacterium_LLX12A_gi_483997223_ref_NZ_
1 143
2003 2062
3301 3928
5978 6289
6824 7014
10065 10758
11945 12265
12834 13287
16874 17310
alpha_proteobacterium_LLX12A_gi_483997688_ref_NZ_
1 2034
alpha_proteobacterium_LLX12A_gi_483997682_ref_NZ_
1 375
alpha_proteobacterium_LLX12A_gi_483997447_ref_NZ_
1 438
1973 2453
3154 3594
4409 4860
6822 7597
alpha_proteobacterium_LLX12A_gi_483997120_ref_NZ_
1 242
1033 1709
2232 2565
3417 3849
4649 5799
6869 7132
9670 9728
15062 15551
21394 21944
25274 26243
27393 28398
30090 30161
alpha_proteobacterium_LLX12A_gi_483996950_ref_NZ_
1929 3219
4412 5140
7167 7370
8037 8427
14671 14843
16910 17644
20723 21676
24212 24600
25811 25947
26608 27385
29813 30057
32117 32573
34375 34624
37920 38045
42523 42901
47102 48010
49491 49773
51253 51543
52639 52692
53516 53635
56706 57394
58733 58902
63822 64147
