Formosa_sp_AK20_gi_471947712_ref_NZ_
1 54
845 2024
4899 4989
13476 13640
17539 17614
23611 24309
27965 29014
30417 30596
32785 32853
33363 33430
39211 39718
46730 47852
48698 48890
58366 58555
61403 63579
74321 76284
89459 89663
97853 98309
107300 107492
109142 109790
111769 112528
114779 114838
116054 116417
124343 124757
Formosa_sp_AK20_gi_471948375_ref_NZ_
1 269
5435 5991
8036 8179
12581 12910
15535 16663
22708 22797
27051 27220
36758 36832
40956 41125
Formosa_sp_AK20_gi_471948368_ref_NZ_
1 925
4147 4530
Formosa_sp_AK20_gi_471948265_ref_NZ_
1 641
2368 2494
14810 15009
33675 34755
40057 40389
41581 41839
49669 50066
54098 54185
62333 62401
67640 70193
80371 80422
Formosa_sp_AK20_gi_471948460_ref_NZ_
Formosa_sp_AK20_gi_471948493_ref_NZ_
Formosa_sp_AK20_gi_471948157_ref_NZ_
1 118
10225 10584
11800 12385
18561 18610
28314 28393
29728 30201
44015 45579
46196 46841
58152 59284
61266 62185
66045 66145
69716 69841
Formosa_sp_AK20_gi_471948260_ref_NZ_
1 313
888 1133
2454 2588
3125 3903
Formosa_sp_AK20_gi_471946889_ref_NZ_
1 182
7875 8147
12717 14088
20585 20752
23660 23929
27688 27840
38829 38909
44850 45188
52191 54682
58444 58728
61888 62053
66965 67789
69778 70840
81233 81602
83542 84083
99024 99220
100938 101474
111296 111386
117961 118291
121431 121488
128380 128849
141578 141702
144759 144820
154275 154779
161350 161404
163452 164311
Formosa_sp_AK20_gi_471946678_ref_NZ_
1331 1613
Formosa_sp_AK20_gi_471947840_ref_NZ_
1 93
4865 6015
15144 15207
20404 22700
25228 25409
28242 28823
33572 33916
38668 39471
40572 40705
49433 49487
62883 63008
67822 67882
Formosa_sp_AK20_gi_471948490_ref_NZ_
1 60
Formosa_sp_AK20_gi_471948473_ref_NZ_
Formosa_sp_AK20_gi_471948441_ref_NZ_
1 1235
1884 2672
5268 5655
17387 17858
Formosa_sp_AK20_gi_471948428_ref_NZ_
5213 5411
Formosa_sp_AK20_gi_471948494_ref_NZ_
1 371
Formosa_sp_AK20_gi_471948352_ref_NZ_
1071 1276
Formosa_sp_AK20_gi_471948457_ref_NZ_
1 483
5575 5764
6645 7881
8416 8770
Formosa_sp_AK20_gi_471947899_ref_NZ_
1 453
3808 4371
5652 6059
9993 10707
16860 17544
20487 20899
26170 27367
32915 33570
36886 37038
43411 44052
50679 50827
Formosa_sp_AK20_gi_471947509_ref_NZ_
1 1020
3320 3768
9161 9373
18952 19651
29085 29255
32120 33384
36276 36739
43823 46504
48999 52424
78555 78792
81084 82030
85695 86190
91984 96448
104445 104524
114290 114992
125444 125627
142946 143038
152177 152259
161238 161867
168353 170183
175987 176182
184493 185074
187080 187483
198777 199253
Formosa_sp_AK20_gi_471945608_ref_NZ_
1 100
3575 3836
12030 12386
19811 22573
48589 48727
56387 58412
62116 62869
65738 66333
72225 73089
78344 78407
Formosa_sp_AK20_gi_471948228_ref_NZ_
1 171
14994 15915
17248 17323
19905 20147
25556 26039
27804 27855
Formosa_sp_AK20_gi_471947936_ref_NZ_
4160 4655
6402 7715
11498 12323
36367 36655
42445 43306
45537 46570
62863 63428
66353 66449
76331 76924
87598 87735
94602 94708
98506 98575
99358 99431
110175 110231
114730 114801
121811 122462
Formosa_sp_AK20_gi_471948482_ref_NZ_
949 1044
Formosa_sp_AK20_gi_471948472_ref_NZ_
Formosa_sp_AK20_gi_471945607_ref_NZ_
1 103
2786 2876
4791 5423
Formosa_sp_AK20_gi_471946824_ref_NZ_
1 50
9169 11184
35965 36039
44786 45093
56038 58369
64315 64989
67560 67668
Formosa_sp_AK20_gi_471946679_ref_NZ_
1 68
16599 16756
25168 26111
29007 30103
37032 40156
45040 45496
46152 46213
55189 55312
62450 64128
71269 71479
77118 77192
86507 87654
93050 93163
94570 94826
98472 98537
105208 106124
119365 120663
131186 131255
132507 132701
139367 139428
144833 145270
145797 145917
149685 149743
156417 156759
157424 157797
Formosa_sp_AK20_gi_471948373_ref_NZ_
1 176
Formosa_sp_AK20_gi_471947210_ref_NZ_
2449 2573
Formosa_sp_AK20_gi_471948475_ref_NZ_
1 402
7277 7448
Formosa_sp_AK20_gi_471948054_ref_NZ_
1484 1619
4886 5571
13927 15459
20191 21599
24564 27354
42485 42921
44944 45275
55182 56269
64288 64355
71163 71550
75861 76011
94097 94611
Formosa_sp_AK20_gi_471947397_ref_NZ_
8183 10198
19628 20201
33080 33141
36110 36966
46321 46463
51062 51514
53244 54150
59874 59950
66160 66688
67848 68098
73196 75081
77343 77812
103149 103458
105536 106058
113316 113399
115109 115250
Formosa_sp_AK20_gi_471948463_ref_NZ_
1 140
Formosa_sp_AK20_gi_471947227_ref_NZ_
1 59
12302 12382
13462 13685
16032 17194
21389 21482
28818 28894
32936 34420
39887 41137
52829 53000
57247 57608
64158 64760
70531 71641
76860 77568
79677 79775
89993 90119
100370 100453
106041 108032
110513 110990
113794 114538
128948 129008
148359 149465
160870 161677
166284 166537
167994 168152
183037 183133
Formosa_sp_AK20_gi_471948434_ref_NZ_
1 122
Formosa_sp_AK20_gi_471946561_ref_NZ_
1 580
9622 9821
30449 30611
45326 45623
50927 51596
53960 54185
63092 65691
68231 68292
69258 69353
92525 93355
97110 97199
98355 98869
111907 112522
116868 118263
129550 129694
131053 131168
Formosa_sp_AK20_gi_471948431_ref_NZ_
1 476
1177 1229
Formosa_sp_AK20_gi_471945687_ref_NZ_
2409 2520
6618 7935
15007 15373
17996 19497
29203 29496
30167 30485
42514 42593
44336 44416
46269 47446
48304 48443
50667 50869
58890 58998
59620 61375
69457 69606
Formosa_sp_AK20_gi_471948492_ref_NZ_
1 594
Formosa_sp_AK20_gi_471947220_ref_NZ_
3222 4299
7155 7304
Formosa_sp_AK20_gi_471948484_ref_NZ_
1 418
Formosa_sp_AK20_gi_471948465_ref_NZ_
Formosa_sp_AK20_gi_471947045_ref_NZ_
8657 8742
13963 14019
17049 17161
19164 19940
48572 50351
58997 59477
68877 71549
81695 81853
90277 90758
101976 102117
108793 108915
115609 116651
125742 127837
134108 135154
137179 138181
140121 140481
151038 151197
160219 160871
164753 164860
Formosa_sp_AK20_gi_471948356_ref_NZ_
2598 3553
7410 7656
12457 12527
Formosa_sp_AK20_gi_471948485_ref_NZ_
Formosa_sp_AK20_gi_471945744_ref_NZ_
1 58
2863 3015
7058 7183
9678 11138
21451 23233
28560 30135
35334 35976
37404 38958
43646 44696
49668 50070
58787 59255
69111 69207
75175 75275
79479 79703
80975 81662
82769 85413
90663 90861
97236 97489
100439 100518
112193 112368
117402 118641
131630 131695
133462 136217
159350 160530
180433 180518
185394 187110
189699 189829
194242 194338
207704 207899
211588 211654
213591 214019
217235 217861
222578 223605
226758 226829
232252 232496
234961 235242
256432 257862
262378 263659
274620 274813
278404 278729
285060 286366
292547 293282
293813 294195
296699 297906
300330 300487
306162 306592
308538 310254
319500 319851
322974 323119
327302 327396
329109 330210
337841 338445
342167 342986
347907 348518
353889 354109
362615 362894
371163 372728
378841 378904
385553 385628
390568 390717
394103 395083
420476 420834
425707 425791
436248 436390
437215 437287
460957 461151
472049 472505
494748 494814
507002 507642
512480 512535
521566 521678
531313 532680
540805 541027
546034 547252
551674 552239
552890 553282
559236 562260
569610 570531
584705 585423
597433 597503
607453 608415
613847 614220
624063 624213
628805 628897
642280 642367
648364 648830
649927 650820
655223 656236
676689 676977
683816 684393
694005 694656
715034 715292
723102 723683
735944 736028
736866 736916
743979 744060
750581 753587
768561 769202
784148 786121
797224 798960
808480 809038
809961 810462
812583 812719
818930 819112
830192 833291
848081 848396
858524 861816
875521 876698
885771 885872
899135 899464
