Formosa_sp_AK20_gi_471947712_ref_NZ_
124590 124757
Formosa_sp_AK20_gi_471948375_ref_NZ_
1 251
5560 5981
16295 16918
44854 44908
Formosa_sp_AK20_gi_471948368_ref_NZ_
Formosa_sp_AK20_gi_471948265_ref_NZ_
2373 2432
21722 21775
Formosa_sp_AK20_gi_471948460_ref_NZ_
Formosa_sp_AK20_gi_471948493_ref_NZ_
Formosa_sp_AK20_gi_471948157_ref_NZ_
1 229
69668 69841
Formosa_sp_AK20_gi_471948260_ref_NZ_
934 1283
2431 3161
Formosa_sp_AK20_gi_471946889_ref_NZ_
1 302
6175 6664
12589 12768
22254 22433
89811 89985
99002 99219
105513 105571
165599 165661
Formosa_sp_AK20_gi_471946678_ref_NZ_
1 62
1338 1613
Formosa_sp_AK20_gi_471947840_ref_NZ_
60149 60462
Formosa_sp_AK20_gi_471948490_ref_NZ_
Formosa_sp_AK20_gi_471948473_ref_NZ_
Formosa_sp_AK20_gi_471948441_ref_NZ_
1 659
2003 2725
17309 17858
Formosa_sp_AK20_gi_471948428_ref_NZ_
682 992
2276 3161
Formosa_sp_AK20_gi_471948494_ref_NZ_
1 371
Formosa_sp_AK20_gi_471948352_ref_NZ_
2048 2110
Formosa_sp_AK20_gi_471948457_ref_NZ_
1 461
6614 8770
Formosa_sp_AK20_gi_471947899_ref_NZ_
1 452
5582 6222
43352 44045
49562 50049
Formosa_sp_AK20_gi_471947509_ref_NZ_
56853 56955
60341 60448
Formosa_sp_AK20_gi_471945608_ref_NZ_
Formosa_sp_AK20_gi_471948228_ref_NZ_
35214 35505
Formosa_sp_AK20_gi_471947936_ref_NZ_
31808 31995
34667 34966
36449 36687
84225 84328
Formosa_sp_AK20_gi_471948482_ref_NZ_
1 132
Formosa_sp_AK20_gi_471948472_ref_NZ_
Formosa_sp_AK20_gi_471945607_ref_NZ_
4653 4816
Formosa_sp_AK20_gi_471946824_ref_NZ_
1 101
66240 66521
Formosa_sp_AK20_gi_471946679_ref_NZ_
1 124
88977 89031
99891 99986
119695 120474
122495 123082
145862 145912
156342 156798
157463 157797
Formosa_sp_AK20_gi_471948373_ref_NZ_
Formosa_sp_AK20_gi_471947210_ref_NZ_
3409 3466
5917 5994
Formosa_sp_AK20_gi_471948475_ref_NZ_
7057 7448
Formosa_sp_AK20_gi_471948054_ref_NZ_
101092 101157
102641 102697
Formosa_sp_AK20_gi_471947397_ref_NZ_
1 114
114730 115250
Formosa_sp_AK20_gi_471948463_ref_NZ_
589 692
Formosa_sp_AK20_gi_471947227_ref_NZ_
52735 52892
183035 183133
Formosa_sp_AK20_gi_471948434_ref_NZ_
4568 4636
Formosa_sp_AK20_gi_471946561_ref_NZ_
49137 49200
105637 105688
130898 131168
Formosa_sp_AK20_gi_471948431_ref_NZ_
1 62
Formosa_sp_AK20_gi_471945687_ref_NZ_
69451 69606
Formosa_sp_AK20_gi_471948492_ref_NZ_
Formosa_sp_AK20_gi_471947220_ref_NZ_
Formosa_sp_AK20_gi_471948484_ref_NZ_
1 418
Formosa_sp_AK20_gi_471948465_ref_NZ_
Formosa_sp_AK20_gi_471947045_ref_NZ_
97044 97111
164800 164860
Formosa_sp_AK20_gi_471948356_ref_NZ_
12170 12527
Formosa_sp_AK20_gi_471948485_ref_NZ_
1 132
Formosa_sp_AK20_gi_471945744_ref_NZ_
21724 21791
56449 56507
88213 88293
155294 155354
202693 202767
247346 247639
347913 348680
482236 482294
499456 499512
583540 583594
708520 708577
731467 731551
802393 802732
