Holdemania_filiformis_gi_224581026_ref_NZ_
1 1051035
1051592 1079703
1079949 2174460
2177508 2177801
2178187 2181239
2182119 2183078
2183236 2185288
2186074 2187191
2192918 2198056
2198927 2202538
2204897 2205352
2206176 2206386
2207059 2207545
2210660 2212284
2213518 2216715
2217424 2219017
2219360 2231642
2238768 3055048
3057206 3063213
3063311 3074933
3076412 3076633
3077493 3079175
3080473 3085056
3085226 3104862
3105396 3110218
3112275 3331948
3333633 3334487
3335847 3335980
3336080 3337324
3337489 3338615
3339586 3341548
3341682 3932923
