gi|48994873|gb|U00096.2|_Escherichia_coli_str._K-12_substr._MG1655__complete_genome
15486 16633
19895 20465
129955 131177
131728 132956
223564 228906
269862 270886
273278 274274
278551 279237
289764 290528
314552 315608
380581 381717
391031 392097
525111 525845
566093 567159
573908 574914
607329 608475
687168 688175
729124 729659
730380 730497
731312 732377
733514 734222
735705 736718
780899 780968
1049150 1049673
1093566 1094627
1096283 1096783
1268415 1269542
1286030 1286108
1394162 1395168
1415739 1416203
1416861 1421880
1423106 1424018
1425720 1426195
1427421 1428384
1430397 1432701
1435528 1436003
1436797 1436883
1437833 1437966
1438487 1439802
1440290 1461062
1461621 1462860
1464442 1464663
1466032 1468441
1526365 1527099
1530014 1530840
1550153 1550695
1557885 1570491
1600905 1602247
1617259 1617735
1620801 1621244
1622269 1629421
1632780 1634838
1640407 1640667
1642332 1642693
1648966 1649474
1701521 1701972
1706807 1706887
1749055 1749551
1750641 1868641
1870431 1871054
1871766 1873564
1874307 1874546
1875268 1875597
1878597 1880147
1976626 1977196
2064299 2065224
2067063 2068198
2099869 2100873
2168292 2169353
2287037 2288036
2512394 2513541
2519374 2519443
2724183 2727170
2727688 2729295
2994480 2995615
3128262 3129269
3184216 3185350
3363673 3364678
3421548 3424769
3425293 3426917
3468285 3469117
3581549 3582123
3617395 3620786
3622638 3623401
3650152 3651160
3706490 3706549
3760386 3762963
3763536 3763753
3765342 3765391
3921175 3921322
3922419 3926936
3927743 3928410
3928997 3944873
4033293 4038769
4164421 4169889
4174201 4175033
4205965 4211090
4294120 4294196
4496303 4497436
4505580 4506605
