gi|48994873|gb|U00096.2|_Escherichia_coli_str._K-12_substr._MG1655__complete_genome
130420 130917
224323 228767
239225 239322
265786 266039
269820 270930
273418 273914
279155 279280
574053 574549
687313 688219
695708 696085
728939 732397
735883 738052
779832 780591
1096239 1096703
1268648 1269684
1394527 1395023
1415869 1415930
1417110 1418299
1419105 1419313
1419737 1420385
1421397 1421559
1425676 1425807
1427443 1428336
1430353 1431950
1436010 1436126
1436797 1436958
1438795 1439289
1441212 1441553
1442673 1443325
1445170 1445473
1445973 1446229
1447277 1447483
1448693 1448789
1451038 1452852
1453500 1459136
1459684 1460944
1464221 1464840
1465988 1468485
1527199 1527372
1529835 1530920
1557885 1570465
1601276 1601610
1620837 1621075
1623141 1623324
1624439 1625938
1626440 1626622
1627387 1629421
1630639 1634861
1640407 1640659
1698397 1698474
1706693 1706920
1750827 1751027
1752053 1862622
1863164 1863378
1864001 1864474
1865393 1865752
1870763 1871054
2064422 2064918
2100012 2100508
2287180 2287676
2302702 2303041
2512350 2513587
2516113 2516199
2519128 2519332
2724222 2728627
2768530 2768664
2816159 2816218
2995089 2995661
3128627 3129123
3363817 3364313
3421466 3426232
3617348 3620806
3622616 3623448
3650298 3650794
3760339 3763863
3765298 3765574
3923176 3923536
3926640 3926784
3928010 3928390
3929041 3932136
3932772 3935435
3936066 3938599
3939485 3944917
4034106 4038670
4164591 4169790
4206722 4211018
4294083 4294366
4324008 4324227
4505537 4506647
