Ruminococcus_obeum_A2-162_gi_479176048_ref_NC_
1 101
2664 144252
146494 147445
148130 148479
150568 361441
362138 363258
364189 371722
372400 373334
374760 374940
375612 379411
394118 398049
398903 402079
403195 403450
404080 412904
414585 417283
417486 423521
425528 425644
427014 449225
449703 451457
452466 483959
484737 491750
491966 510159
511418 531950
532361 589767
591456 637938
639485 639735
641202 755085
755755 758022
758153 766110
767905 771171
773263 773426
774354 775757
777548 777757
778417 782253
783072 787380
787503 804306
805102 836877
838230 838364
839984 841229
841372 844261
844975 850985
851697 852225
852824 854526
855110 855483
855603 866620
867461 869036
869403 878327
881133 883116
884297 885950
886885 887126
887726 888106
889038 890092
890284 890632
891620 892829
893248 953379
954092 1054158
1060215 1136118
1137152 1141831
1142605 1145124
1148269 1150235
1150550 1154894
1156245 1164059
1164699 1176212
1176630 1187747
1188108 1188616
1188740 1190208
1191136 1192277
1192489 1192827
1193504 1417667
1417926 1429283
1433181 1433295
1433823 1433912
1438155 1441858
1443440 1475958
1476583 1479450
1480528 1481393
1482190 1504739
1504988 1605859
1606470 1631460
1633322 1635966
1636305 1789464
1789559 1850877
1851170 1857696
1858276 1999287
2002594 2002873
2003490 2003727
2004531 2008987
2012092 2012380
2013624 2295628
2298957 2312034
2313502 2313567
2315045 2315968
2318694 2320281
2321089 2321748
2321876 2323730
2324256 2327679
2328489 2330114
2330696 2334649
2334935 2339378
2341782 2413759
2413834 2745760
2746520 2760948
2761787 2762702
2763532 2764967
2765965 2776696
2777200 2781465
2782110 2842768
2842950 2974252
2975238 2975825
2976407 3122526
3122735 3224165
3224271 3227274
3227548 3228781
3229062 3231334
3234190 3235920
3236832 3237236
3237335 3268231
3268763 3268931
3269270 3284147
3284655 3396299
3396416 3443904
3444236 3470842
3471015 3518225
3518834 3600306
3601065 3602936
3617079 3618246
3619217 3620174
3622523 3623641
3624281 3627229
3628838 3630126
3632853 3698223
3698467 3713216
3713847 3715798
3716531 3717444
3717630 3717943
3718167 3757491
