Ruminococcus_obeum_A2-162_gi_479176048_ref_NC_
1 379412
379648 380010
381108 381684
382941 383231
383689 385078
391258 392625
394114 395479
397163 398091
398742 405699
405791 424081
425072 440850
441571 445376
446535 446835
447428 507911
507999 510393
511786 546847
547549 548467
549095 552892
553463 588795
589328 638191
638931 775757
777548 777739
778417 786021
787008 845985
847905 1054846
1056582 1057167
1057977 1136468
1137188 1154855
1154989 1160911
1161701 1635966
1636305 2297235
2297780 2303630
2303898 2313779
2314390 2413759
2413834 2785881
2785977 3231334
3232292 3232692
3234139 3600379
3600957 3602936
3604699 3605028
3605571 3605685
3606325 3606466
3608388 3610774
3611267 3611718
3612329 3615484
3616031 3640634
3640875 3645877
3646573 3648465
3649278 3649590
3650615 3652187
3652753 3653709
3654456 3657200
3657775 3658020
3659889 3660193
3660724 3661015
3661461 3662950
3663725 3717444
3717944 3757491
