Ruminococcus_obeum_A2-162_gi_479176048_ref_NC_
1 144316
144596 144808
145538 145744
145878 147043
147332 147476
147730 147897
148073 148240
148368 148686
148939 367920
368444 374543
375133 375381
375572 380321
380748 380894
381116 382206
382377 382913
384185 386224
387205 390117
390227 395739
396419 402862
403077 403211
403340 403861
403988 410262
410872 418860
423070 512551
512683 531950
532201 562118
563971 591549
592538 638050
638900 639106
639446 639759
641034 756290
756467 756648
756854 768231
768298 773052
773228 773426
773610 776183
777510 782485
782574 782730
783072 878338
878481 878674
879127 879275
879386 879554
879786 888277
888618 1023058
1023634 1036788
1036997 1037239
1037361 1147723
1147958 1148147
1148264 1150386
1150504 1162038
1163235 1184231
1184473 1186473
1186549 1190400
1190501 1192343
1192449 1430572
1431583 1431755
1432080 1432653
1432963 1433338
1433483 1433556
1434509 1434730
1435298 1436132
1436379 1436585
1436787 1436862
1437148 1437305
1438074 1441920
1442580 1442655
1443071 1443294
1443440 1635966
1636186 1999307
1999981 2000694
2002414 2002592
2002808 2003768
2004434 2008777
2008922 2011128
2011461 2013017
2013319 2013521
2013624 2097595
2097894 2295840
2295907 2296182
2296269 2296468
2296569 2297795
2298702 2301281
2301590 2301836
2302052 2302360
2302451 2312236
2312562 2313107
2313214 2313779
2314320 2316562
2316723 2318089
2318442 2318594
2318771 2328886
2328958 2329114
2329289 2335868
2336076 2338840
2338994 2483553
2484107 2720242
2721127 3228781
3229022 3229298
3229397 3231334
3232326 3232685
3233987 3235920
3236004 3236135
3236272 3236465
3236633 3600804
3601041 3602936
3607503 3610947
3611112 3611273
3612323 3614541
3615292 3618396
3618618 3618734
3619100 3619305
3619422 3622118
3622291 3624414
3624530 3624677
3624851 3625057
3625375 3625546
3625673 3640634
3642117 3648534
3649136 3649391
3653019 3653167
3654297 3656675
3657542 3658775
3660319 3672190
3672597 3695671
3696214 3696790
3697303 3713304
3713837 3757491
