Ruminococcus_obeum_A2-162_gi_479176048_ref_NC_
1 4461
5031 9224
9481 38581
38658 51160
51242 53087
53477 69174
69383 87742
87964 102479
103146 108855
109080 110210
110359 129936
130470 144149
144327 144678
146229 147027
147320 147427
148213 148584
150461 229884
230388 252616
252870 265993
266121 295043
295120 361441
362138 367012
367586 379412
394114 398133
400501 401893
404107 425757
427014 452454
453180 483957
484737 507911
508032 532366
532503 637938
641202 672394
672519 703506
703720 755116
757814 759558
760841 766110
767909 771196
772548 773408
774135 774889
774986 775757
777548 777745
778417 781549
781938 782687
783116 803186
804053 805110
805660 822483
822584 837143
837417 837516
838180 838364
839044 839884
841198 841270
841372 848159
848568 852225
852764 853007
853756 854526
855110 855441
855603 864132
865055 865261
865888 866702
867031 877583
877791 877890
878108 878309
880763 883280
884664 885937
886897 887126
887764 890292
890630 890717
891800 892256
893248 898721
898912 923376
923457 943535
943663 1042356
1042531 1054814
1059763 1066793
1066949 1082118
1082305 1087923
1088161 1096855
1096934 1105101
1105726 1133052
1133526 1145121
1145864 1153890
1154859 1156145
1159258 1160639
1163648 1164059
1165895 1176212
1176630 1186467
1186950 1187738
1188108 1188616
1188740 1190271
1191130 1192983
1193504 1193883
1194548 1232650
1232970 1233522
1233951 1293409
1293849 1353937
1354340 1370350
1370604 1373049
1373208 1386496
1386674 1395892
1396759 1429283
1432177 1432463
1433153 1433426
1438194 1441833
1443440 1459022
1459129 1472815
1472977 1479138
1481076 1504284
1504576 1504726
1504991 1514812
1515039 1620211
1620321 1631255
1633275 1635966
1636305 1637399
1637969 1662579
1662963 1764693
1764849 1788052
1788671 1789954
1790598 1792242
1792498 1792627
1792758 1898514
1899045 1932914
1933353 1998212
1998906 1999287
2003632 2003727
2004500 2008509
2013624 2077151
2077334 2136748
2136951 2265164
2265251 2296038
2298957 2311308
2312867 2313567
2315045 2317866
2318804 2320281
2321089 2323703
2324304 2327328
2328271 2336128
2337559 2340434
2341782 2413759
2413834 2663380
2663518 2684285
2684408 2744493
2744750 2759819
2760329 2760959
2761787 2762838
2763569 2764425
2764968 2765024
2765965 2766831
2767405 2767982
2768184 2776696
2777200 2781342
2782220 2785493
2785610 2842768
2842928 2915410
2915668 2975801
2976431 3006511
3006735 3105198
3105462 3214030
3214269 3231334
3234183 3235920
3236832 3244884
3245021 3263189
3263344 3276574
3276958 3283597
3283776 3284045
3284659 3314233
3315046 3322544
3322671 3341876
3341986 3393455
3393624 3520411
3520970 3572913
3573142 3586909
3587079 3602936
3619165 3619252
3619487 3621780
3622018 3622121
3622390 3624671
3625841 3630126
3632777 3713216
3713847 3717444
3717944 3726576
3726770 3734707
3734893 3736717
3736864 3739576
3739874 3749976
3750097 3757491
