Eubacterium_rectale_M104_1_gi_479213596_ref_NC_
3305 3520
4348 7299
8189 9198
9841 31114
32119 33969
35151 35746
37722 37811
38010 39484
40693 53498
54222 57186
67385 70791
71372 72381
78373 90774
91684 95572
95917 101252
101975 102090
102328 103281
106702 110235
111510 116587
116688 116923
118397 119260
119509 119587
122596 123934
124807 126666
132761 133595
134928 135053
137741 143080
145227 145786
145869 205784
206863 215853
216248 222565
224733 224801
224877 226357
226549 229053
232891 241052
241680 244708
245465 265121
265304 273733
275866 276674
276756 277495
277660 279448
282710 286061
287049 288497
290761 291867
293489 293816
294057 300282
301009 381940
382437 390418
390708 428488
428698 428763
429475 430042
430835 431121
431701 431912
432444 432758
434115 434315
437020 446741
446813 469336
470291 471782
472345 476308
476489 483122
485174 486014
486381 489769
489884 522499
522580 617574
617667 621050
621335 638386
639004 722732
723001 723144
724556 724965
725091 728326
728839 824149
824453 911511
911771 962976
963074 970809
971354 980614
981343 982497
982775 1034784
1034895 1056273
1056594 1057406
1057569 1071157
1071452 1072079
1072248 1083121
1085000 1085070
1085241 1090985
1091111 1100253
1100493 1100807
1101161 1211425
1211635 1217006
1217693 1237385
1237891 1238790
1239491 1300740
1301144 1315562
1316264 1355666
1356180 1360768
1360888 1409071
1410219 1486107
1486201 1509926
1510064 1510628
1511127 1511512
1511624 1525997
1526228 1536651
1537309 1538485
1539592 1540255
1540469 1540812
1541708 1542838
1543963 1545845
1547351 1576611
1577224 1578177
1578323 1598717
1599232 1629679
1629982 1667848
1667922 1698051
1704458 1710477
1711229 1711419
1712138 1719166
1720786 1722862
1723948 1724771
1733177 1736838
1736949 1766533
1767546 1784247
1784663 1850265
1850394 1879416
1879935 1892105
1892672 1905133
1906053 1906939
1907164 1912454
1912567 1912903
1913678 1924530
1925266 1933133
1933216 1959415
1960468 1964370
1965998 1972773
1974880 1978119
1986023 1989913
2004450 2055769
2055892 2075180
2075856 2113421
2114085 2165623
2165864 2187020
2187122 2189187
2189268 2219481
2220490 2233348
2233424 2253645
2253805 2257017
2257600 2271458
2271714 2302653
2302743 2389468
2392012 2401710
2402763 2404268
2404396 2412227
2412524 2413499
2414052 2433637
2433740 2498936
2499652 2510572
2512708 2530396
2531525 2586550
2586707 2611437
2611587 2618877
2619104 2672745
2672822 2678123
2678553 2732867
2732987 2809257
2809813 2883485
2884173 3006761
3007381 3026207
3026378 3060945
3061566 3079042
3079152 3081605
3081676 3084044
3084826 3085463
3086758 3086993
3088429 3095129
3096029 3096280
3097427 3098952
3099028 3100839
3102755 3103426
3104171 3104961
3105271 3130141
3130691 3172959
3173544 3261618
3261796 3275480
3276100 3283905
3284986 3287421
3291221 3673231
3675261 3698419
