Eubacterium_rectale_M104_1_gi_479213596_ref_NC_
1 1296
1811 3550
4348 37289
37722 58004
65855 71149
71444 110228
111510 116589
118397 119260
119509 121113
122596 123934
124806 126765
132761 143734
145152 202216
202483 205548
206465 216055
216637 225146
226450 230202
231388 283302
283827 286061
286717 286845
287049 289122
290088 428488
428698 430053
430607 434491
435090 469336
469512 471782
472345 474144
475496 476308
476489 483122
485164 722732
723001 723130
724556 849111
849329 983722
983957 1032501
1032568 1315562
1316264 1385935
1386493 1387198
1387668 1400754
1401843 1409071
1410219 1524168
1524786 1538485
1539592 1540966
1541692 1542732
1543963 1550941
1551701 1551773
1552292 1667848
1667922 1698312
1699120 1709018
1709770 1719166
1720786 1736838
1736980 1908299
1909530 1909725
1911374 1959415
1959528 1984799
1985303 1989921
2004443 2219729
2220509 2271491
2271714 2281182
2281437 2389468
2391937 2401734
2402557 2413933
2414052 2433644
2433740 2510572
2512708 2530739
2531450 3086993
3088429 3095147
3095951 3096652
3097427 3099709
3100364 3100839
3102678 3104698
3105210 3172959
3173537 3275480
3276100 3287829
3288972 3289066
3289852 3290293
3291250 3673232
3675259 3698419
