Eubacterium_rectale_M104_1_gi_479213596_ref_NC_
2862 3617
4348 7092
7291 7511
7992 28305
30193 39733
39891 59561
61035 65892
66845 100351
100763 100977
101176 101307
101770 105037
105619 108874
108958 109103
109310 109581
109687 109914
110070 110266
110885 116923
117917 119478
120089 121113
122306 123934
124510 125056
125658 126667
130812 131816
132761 136093
136722 138083
138637 143734
144619 145120
145227 199478
200002 202618
204196 223753
224499 225401
226396 229191
231044 269611
269770 270005
270108 274009
274557 275306
275866 277581
277652 278476
278591 278814
279087 279237
279351 286139
286727 292652
292979 300115
300257 300313
300596 300791
301009 430077
430953 431838
432078 433250
433851 434379
435993 436159
436994 469742
470024 474503
475128 483733
484091 622099
622275 722732
723000 723144
724091 724965
725091 849111
850625 1135506
1135588 1315562
1316264 1368641
1368863 1369043
1369145 1385957
1386820 1387098
1387668 1391924
1392669 1400214
1401843 1409071
1410219 1509925
1510064 1510628
1511098 1525997
1526124 1536711
1537309 1538694
1539592 1540848
1541708 1542737
1543939 1545845
1547351 1565631
1566139 1576633
1576797 1576966
1577111 1578177
1578323 1592118
1592220 1592771
1592872 1698303
1700083 1700313
1700397 1700635
1700821 1708237
1708869 1708959
1709778 1717546
1718063 1718807
1719090 1720778
1720962 1743920
1744579 1764505
1764807 1903876
1904012 1910426
1911081 1912953
1913066 1913240
1913678 1929491
1930478 1930708
1930922 1959415
1959894 1965155
1965401 1972825
1974047 1978677
1979259 1980798
1982115 1982691
1983367 1983617
1983727 1983904
1984325 1984486
1984692 1985329
1985525 1985727
1986212 1986373
1987227 1987772
1988350 1988404
1989812 1989992
1991337 1992072
1999490 1999647
2004345 2004478
2004884 2014358
2014996 2026598
2026715 2027669
2028305 2219481
2219910 2256464
2256573 2257131
2257227 2257455
2257542 2271469
2271714 2389469
2391979 2401742
2402162 2413783
2414052 2499178
2499363 2499511
2499652 2510581
2511418 2530396
2531525 3086993
3087198 3087468
3088429 3095147
3095932 3099750
3100068 3100221
3100364 3102754
3103191 3103750
3103969 3104172
3104696 3275634
3275933 3281146
3281380 3281697
3282876 3283325
3283493 3287421
3288036 3288387
3288951 3289039
3289190 3289321
3291228 3673232
3675128 3698419
