Eubacterium_rectale_M104_1_gi_479213596_ref_NC_
3232 3520
4348 7481
8189 8616
8802 8890
9842 19014
19225 19358
19612 38126
39014 39507
40693 52334
52746 53380
53496 55872
69296 90478
91699 100307
100765 100932
101980 102172
102955 103281
106702 110228
111510 116589
118396 118610
119143 119260
122596 123934
124806 126667
132761 135053
139839 143053
145227 145787
145867 152521
152821 152911
153148 156034
156659 162687
163155 167612
167908 169374
170087 172339
172924 177834
178829 205515
206465 215945
216248 221154
224733 225146
226449 233086
233457 239620
239752 245342
245581 265121
265304 270765
271173 276571
276768 277520
277660 279448
280227 282165
284129 286061
287049 288194
290761 300106
301009 316160
316722 381940
382466 389002
389163 389279
389514 399378
399975 422579
422837 428488
428698 428763
429475 431121
431359 434315
436229 437231
437317 448198
448940 469336
470188 471782
472345 474138
475496 483122
485174 491283
491350 564148
564370 569138
569287 577389
577469 616350
616580 621050
621335 624505
624771 653782
653871 696722
697450 717067
717509 722732
723001 723144
724556 724965
725091 742080
742577 745849
746031 752945
753200 753332
753487 801199
801404 823738
823990 824091
824767 832085
832401 863805
864542 913319
913442 962984
963074 968069
968305 968865
968978 977749
977941 980614
981249 982497
982724 983722
983953 1009188
1009441 1066711
1066884 1083124
1085000 1089274
1089510 1098191
1098280 1100347
1100493 1100807
1101361 1169557
1169992 1174207
1174431 1211425
1211636 1239207
1239491 1242270
1242449 1250506
1250779 1315562
1316264 1327785
1328382 1332500
1332754 1332869
1333254 1355666
1356180 1368308
1369683 1409071
1410219 1449709
1450375 1456265
1456661 1509926
1510064 1510628
1511127 1520086
1520321 1525997
1526228 1526628
1526746 1536651
1537309 1538228
1539592 1540812
1541708 1542732
1543963 1545845
1547351 1576450
1577196 1578177
1578323 1598647
1599232 1603811
1604057 1604166
1604373 1629370
1630006 1667848
1667922 1681597
1681922 1698028
1704712 1706724
1707918 1708214
1710263 1710467
1711192 1711419
1712013 1714607
1716013 1717490
1718141 1718808
1720786 1727137
1727729 1730231
1734601 1734959
1736639 1738888
1740971 1741823
1742431 1743525
1744744 1745079
1748099 1784243
1784507 1822123
1822408 1839485
1839640 1892077
1892688 1904272
1904373 1906939
1907164 1912903
1913103 1924735
1925266 1926735
1926945 1935269
1935801 1936651
1936933 1937036
1937302 1953707
1954245 1954827
1955454 1958394
1958561 1959415
1960468 1964370
1966010 1972773
1975056 1978222
1985312 1989921
2004443 2032069
2032352 2055769
2055896 2075180
2075710 2113182
2113800 2115121
2115394 2115502
2115771 2151068
2151713 2152872
2153438 2165623
2165864 2187482
2187595 2189187
2189268 2219481
2220462 2228456
2228581 2250912
2251511 2251797
2252417 2257044
2257600 2271458
2271714 2281151
2281437 2289643
2290216 2294094
2294631 2310985
2311538 2323215
2323481 2323593
2323886 2360204
2360731 2389468
2392012 2398007
2398216 2398300
2398728 2401710
2402763 2404246
2405542 2412446
2412524 2413663
2414052 2433644
2433740 2478285
2478537 2478637
2478848 2480590
2481150 2489414
2489657 2489754
2490044 2498936
2499367 2499441
2499652 2510572
2512708 2530396
2531525 2557306
2557835 2572064
2572198 2572364
2572624 2604584
2604684 2611286
2611633 2612711
2612834 2633021
2633106 2672745
2672822 2678123
2678598 2694421
2694548 2695272
2695501 2719106
2719637 2736062
2736371 2740584
2740859 2740974
2741339 2752079
2752202 2783986
2784252 2809261
2809865 2964468
2964744 2982061
2982324 2982471
2982783 3006821
3007580 3021503
3021655 3034294
3034749 3037000
3037652 3055738
3056447 3060623
3060847 3060945
3061468 3070628
3070754 3081605
3081676 3083339
3083896 3084050
3084826 3086993
3088429 3089684
3089781 3090310
3091403 3095129
3096029 3096280
3097427 3098761
3099028 3100839
3105210 3105330
3105415 3142114
3142715 3143192
3143466 3143552
3143788 3144226
3144355 3145086
3145615 3155733
3155978 3163551
3164080 3172959
3173535 3183850
3183923 3212840
3213383 3275480
3276100 3284059
3284953 3286131
3286839 3287421
3291407 3314351
3314938 3348974
3349196 3349305
3349512 3673232
3675271 3698419
