Burkholderia_mallei_ATCC_10399_gi_254175791_ref_NZ_
1 8076
9113 9229
19135 19218
29229 29322
39081 39208
62843 62959
83183 83259
84524 85050
86087 86141
91007 93391
Burkholderia_mallei_ATCC_10399_gi_254179252_ref_NZ_
1 984
Burkholderia_mallei_ATCC_10399_gi_254179244_ref_NZ_
1 616
Burkholderia_mallei_ATCC_10399_gi_254179229_ref_NZ_
1 1118
Burkholderia_mallei_ATCC_10399_gi_254179259_ref_NZ_
1 604
Burkholderia_mallei_ATCC_10399_gi_254175876_ref_NZ_
1 1501
12999 13148
32943 33407
47178 47415
54347 54409
100381 101985
103297 212016
214421 214551
222097 222183
233274 234346
256502 256709
289541 289599
297948 298045
312337 312441
325814 325934
329583 329974
344476 344704
349610 350053
363712 366383
372219 374703
405913 405969
411487 411622
418775 418842
436985 437124
443335 447467
457643 457762
459086 459139
461799 461880
464243 464337
465635 465695
485949 486054
489209 489298
489949 490100
494753 501519
512007 512094
536726 536852
546141 546236
563746 564173
570332 570465
581690 581782
582475 582632
584289 584490
599186 599296
599880 599997
612500 618235
642954 643959
655179 655248
683140 683259
685436 685568
689172 689350
696528 696682
700945 701070
713074 713468
716021 716683
738089 738160
741212 741269
748372 748482
749822 749875
778499 778913
779858 779953
780674 780733
792153 792202
799671 799981
801161 809257
811591 811647
831669 831793
840830 841390
846807 846863
864852 865721
874032 875508
Burkholderia_mallei_ATCC_10399_gi_254177163_ref_NZ_
1 149
4575 4693
21405 25233
27381 27441
34151 34387
51576 179246
198557 205967
219698 219758
223496 223619
230421 230520
231945 232221
232883 233539
236668 236834
238391 239477
280560 280874
300689 300807
304908 305139
313641 322073
341083 341558
Burkholderia_mallei_ATCC_10399_gi_254179270_ref_NZ_
1 824
Burkholderia_mallei_ATCC_10399_gi_254179038_ref_NZ_
1 163
3826 6353
7590 13112
22653 22782
31887 31991
47973 48042
62083 62144
67750 67818
73465 75046
Burkholderia_mallei_ATCC_10399_gi_254179257_ref_NZ_
1 986
Burkholderia_mallei_ATCC_10399_gi_254179248_ref_NZ_
1 990
Burkholderia_mallei_ATCC_10399_gi_254179275_ref_NZ_
Burkholderia_mallei_ATCC_10399_gi_254179258_ref_NZ_
1 928
Burkholderia_mallei_ATCC_10399_gi_254179138_ref_NZ_
1 68
3895 12106
37221 37512
60513 74898
76438 77011
81187 81461
89126 90659
Burkholderia_mallei_ATCC_10399_gi_254179261_ref_NZ_
1 1218
Burkholderia_mallei_ATCC_10399_gi_254179255_ref_NZ_
1 1371
Burkholderia_mallei_ATCC_10399_gi_254179256_ref_NZ_
1 536
Burkholderia_mallei_ATCC_10399_gi_254179231_ref_NZ_
1 1005
Burkholderia_mallei_ATCC_10399_gi_254179277_ref_NZ_
1 937
Burkholderia_mallei_ATCC_10399_gi_254179249_ref_NZ_
1 965
Burkholderia_mallei_ATCC_10399_gi_254179262_ref_NZ_
1 1067
Burkholderia_mallei_ATCC_10399_gi_254179254_ref_NZ_
1 524
Burkholderia_mallei_ATCC_10399_gi_254175322_ref_NZ_
1 159
1954 2284
5060 5159
7579 7702
15858 15916
28918 29205
50580 50663
61604 61873
66964 67268
73026 76573
84151 84220
91673 97394
98474 98595
100255 101551
110892 110957
122387 136427
140826 140879
150008 150095
169571 169976
183717 183769
193337 193410
200196 200341
201103 201161
204293 204418
206739 207200
209665 209732
221207 221657
236980 237042
239914 240506
247039 247558
248073 248146
251979 252061
258867 259004
259538 270361
281014 281237
284856 284967
287458 288411
293352 311014
338060 338424
349650 349706
351958 352587
378251 378892
400033 400097
409666 409773
411731 411781
413132 413578
416811 424013
426440 434865
437899 437978
450206 450330
452476 452539
456499 456566
458083 458160
462568 462675
479615 479794
Burkholderia_mallei_ATCC_10399_gi_254179269_ref_NZ_
1 1060
Burkholderia_mallei_ATCC_10399_gi_254179247_ref_NZ_
1 1004
Burkholderia_mallei_ATCC_10399_gi_254179265_ref_NZ_
1 965
Burkholderia_mallei_ATCC_10399_gi_254179260_ref_NZ_
1 1036
Burkholderia_mallei_ATCC_10399_gi_254179237_ref_NZ_
1 993
Burkholderia_mallei_ATCC_10399_gi_254179245_ref_NZ_
1 877
Burkholderia_mallei_ATCC_10399_gi_254179279_ref_NZ_
1 6459
Burkholderia_mallei_ATCC_10399_gi_254179267_ref_NZ_
1 501
Burkholderia_mallei_ATCC_10399_gi_254179263_ref_NZ_
1 960
Burkholderia_mallei_ATCC_10399_gi_254179280_ref_NZ_
1 9457
Burkholderia_mallei_ATCC_10399_gi_254179240_ref_NZ_
1 1106
Burkholderia_mallei_ATCC_10399_gi_254179246_ref_NZ_
1 619
Burkholderia_mallei_ATCC_10399_gi_254179234_ref_NZ_
1 921
Burkholderia_mallei_ATCC_10399_gi_254174647_ref_NZ_
1 196
894 7386
18653 18745
23125 23231
34034 34169
34793 34896
39764 39859
52806 54255
69380 69440
69978 70250
80062 80281
81692 81837
82864 82989
99890 100359
104034 104139
109880 110313
117778 117921
137455 137508
142491 142912
153214 153482
173958 175225
182754 182808
184885 192273
222903 222960
248866 250149
253865 253980
255826 255898
270742 273635
275197 275376
287412 287995
290114 290168
295482 295771
300094 300590
305117 305233
314042 314792
343374 343529
348641 348704
386614 386761
391786 392414
401020 401070
402281 402813
421619 422093
425291 425458
430453 430824
438961 439041
457613 457692
477335 477695
480861 480932
504932 505063
538565 547577
551942 552027
562638 562713
567098 594347
601000 601074
612733 612922
634405 635104
639805 639936
649861 655047
681822 682383
702090 702140
713766 713866
Burkholderia_mallei_ATCC_10399_gi_254179251_ref_NZ_
1 923
Burkholderia_mallei_ATCC_10399_gi_254179266_ref_NZ_
1 1615
Burkholderia_mallei_ATCC_10399_gi_254177454_ref_NZ_
1 604
1751 1817
3927 3979
5971 6587
26512 26582
98300 98349
105686 106040
110495 110859
123737 123951
163462 163583
173605 173681
179577 201023
227273 227327
228256 228316
229363 233796
257660 257725
270693 270930
293020 293460
316186 320427
321452 321939
329163 329341
340095 340240
346110 346223
348339 348506
353032 353813
357370 357499
364761 364941
380456 392276
395203 395258
399019 399138
404102 404175
439345 439434
451599 451935
463872 463922
464911 465415
472677 473264
477862 478293
498552 498735
511689 519148
525431 525482
538623 539839
548612 548671
565057 565158
572147 572221
573376 573527
576086 576927
585349 586316
593616 593902
614389 614481
630160 630210
631770 631834
640615 646502
657713 659007
665986 666749
667917 668140
676692 676748
684687 684846
685699 686056
712899 713039
714076 715298
719184 719458
724603 730168
732875 733030
739330 739414
741073 741207
750106 750583
754489 754590
758850 764525
767432 776041
777857 777975
783688 787288
792090 792459
817084 817606
830167 830223
831708 832025
841187 841258
842761 842842
847773 848100
872914 873817
881859 882202
907401 907903
912418 912537
918839 918902
921874 922187
924705 926199
933028 933095
948157 948222
950748 950808
954860 954997
962231 963945
977160 977228
1028674 1028728
1068829 1068935
1079122 1079176
1081668 1081731
1083814 1103570
1107878 1107935
1114849 1114961
1115198 1115407
1135858 1135973
1139407 1141675
1142339 1145049
1149197 1149268
1157206 1157427
1170425 1170497
1184062 1184147
1185301 1185354
1197213 1197711
1199368 1199442
1202216 1202732
1203800 1204308
1212154 1212205
1213018 1213088
1216059 1216120
1230658 1230727
1240414 1240508
1269889 1270384
1271128 1271419
1281935 1282324
1296641 1296735
1302667 1302799
1309428 1309560
1312020 1312072
1314279 1314337
1315414 1315540
1342526 1342606
1349847 1349906
1359257 1365747
1371344 1371445
1408690 1408786
1419348 1419946
1429529 1430764
1442776 1443072
1446422 1446498
1458609 1460876
Burkholderia_mallei_ATCC_10399_gi_254176657_ref_NZ_
1 3541
4730 4831
5789 6017
18846 21381
21910 22591
30043 30118
31410 31461
37436 37485
55611 64204
64952 65026
66710 67777
69980 70211
85069 85175
92282 92350
95876 95976
110661 110711
126693 126747
132221 132280
137200 137276
140453 140963
151886 152854
156199 156441
181286 181451
184579 184714
185352 195643
201440 203639
217595 217646
225828 225957
235880 235939
243804 243855
253234 253773
264780 265709
291469 297132
304280 304361
335450 335902
340595 340658
344077 344151
347559 347738
355165 355559
357793 357851
359115 359164
393380 393631
406993 408233
411510 411671
437309 437694
438505 439034
439711 441384
460528 460584
501458 501654
507413 507484
507779 507916
511783 511919
516527 517723
523422 523572
525706 525766
543466 543854
545185 545552
548087 548147
570926 571279
Burkholderia_mallei_ATCC_10399_gi_254179242_ref_NZ_
1 217
Burkholderia_mallei_ATCC_10399_gi_254179241_ref_NZ_
1 1008
Burkholderia_mallei_ATCC_10399_gi_254179278_ref_NZ_
1 897
Burkholderia_mallei_ATCC_10399_gi_254179253_ref_NZ_
1 1026
Burkholderia_mallei_ATCC_10399_gi_254179264_ref_NZ_
1 212
Burkholderia_mallei_ATCC_10399_gi_254173942_ref_NZ_
1 1642
2733 4648
8757 8816
14160 14240
20946 21372
38986 39679
45078 45168
45731 45847
57986 58675
67240 67294
92064 92158
94058 94117
103420 103984
106286 106383
122230 122616
135094 135519
136381 143567
Burkholderia_mallei_ATCC_10399_gi_254179239_ref_NZ_
1 1127
Burkholderia_mallei_ATCC_10399_gi_254174059_ref_NZ_
1 606
5759 5921
6981 7092
21011 21110
21327 21459
31584 32514
38394 38448
40266 40357
64102 64215
66645 66705
73335 80537
93451 93688
100289 100347
101236 101295
108122 108222
128188 138849
143145 146462
150391 150676
197888 197941
206537 206651
213850 213909
216668 216904
223972 224027
237347 237441
242805 243312
253453 253522
255493 266724
268639 268760
273419 273520
277992 278082
281276 281348
294220 294295
325953 326014
329253 329307
340274 340368
344404 344455
345350 345411
361835 362010
373241 378796
380365 380847
390025 390074
390733 390802
391194 392432
393156 393231
399677 399734
400496 400565
411345 411425
431565 431622
454032 454170
457862 458056
461814 462171
474323 474400
479368 479475
490886 490965
495723 495794
496739 496877
511822 516232
534088 534197
546873 546933
547955 548100
579888 580100
581104 581192
596825 596954
609328 609381
620701 620964
659445 659503
660352 660469
667072 667569
673430 674301
698722 702656
704884 711199
Burkholderia_mallei_ATCC_10399_gi_254179271_ref_NZ_
1 561
Burkholderia_mallei_ATCC_10399_gi_254179243_ref_NZ_
1 375
Burkholderia_mallei_ATCC_10399_gi_254179233_ref_NZ_
1 960
Burkholderia_mallei_ATCC_10399_gi_254179236_ref_NZ_
Burkholderia_mallei_ATCC_10399_gi_254179274_ref_NZ_
1 1193
Burkholderia_mallei_ATCC_10399_gi_254179250_ref_NZ_
1 931
Burkholderia_mallei_ATCC_10399_gi_254179268_ref_NZ_
1 209
Burkholderia_mallei_ATCC_10399_gi_254179276_ref_NZ_
1 1252
Burkholderia_mallei_ATCC_10399_gi_254179238_ref_NZ_
1 906
Burkholderia_mallei_ATCC_10399_gi_254179272_ref_NZ_
1 918
Burkholderia_mallei_ATCC_10399_gi_254179273_ref_NZ_
1 983
Burkholderia_mallei_ATCC_10399_gi_254178742_ref_NZ_
1 4834
7481 8543
46608 47190
66310 66449
78659 79124
115526 115595
116552 116892
122099 122311
129063 140025
141951 142034
163736 163906
168741 169242
171904 172042
182811 183155
188900 189596
199652 201358
210716 212306
219130 219269
250199 250279
286949 290416
293451 293517
294997 295117
311613 312423
313623 314009
Burkholderia_mallei_ATCC_10399_gi_254179232_ref_NZ_
1 939
Burkholderia_mallei_ATCC_10399_gi_254179235_ref_NZ_
1 648
