Burkholderia_mallei_ATCC_10399_gi_254175791_ref_NZ_
1 1054
1612 6175
6770 6846
8083 8154
11648 11956
12792 16420
17042 17242
19135 19616
20248 21552
22874 23179
26026 26842
28328 29880
31040 31766
33362 33544
35557 36063
39081 39208
39740 39886
42732 43037
44801 45099
48432 50060
50685 51920
53085 53207
54700 55204
55872 56277
58417 59336
61329 61668
62224 62959
63473 63876
66323 67091
68561 70243
74441 74630
76111 76299
77145 77324
79614 79864
81467 81763
82171 82277
83076 83514
84299 86141
89524 91631
92809 93391
Burkholderia_mallei_ATCC_10399_gi_254179252_ref_NZ_
1 984
Burkholderia_mallei_ATCC_10399_gi_254179244_ref_NZ_
1 616
Burkholderia_mallei_ATCC_10399_gi_254179229_ref_NZ_
1 1118
Burkholderia_mallei_ATCC_10399_gi_254179259_ref_NZ_
1 604
Burkholderia_mallei_ATCC_10399_gi_254175876_ref_NZ_
1 568
1103 1501
3233 4454
7990 8783
9781 10116
11561 11759
12947 15300
17149 17354
19847 21421
23399 23681
24290 26526
27244 27818
28556 28710
29442 29777
30978 32182
32943 34487
35260 35345
36617 37808
38424 38501
39716 40161
44147 44258
45970 51415
53377 54975
56364 56621
58093 58630
59367 60233
61110 61515
64987 65139
65348 65684
67142 68377
69290 69366
69913 70446
71316 71973
72909 73294
76334 79101
80044 81791
84466 84633
85163 88133
88951 89060
89615 89878
92190 92323
92834 92963
93987 94313
95829 95892
96220 96445
98540 98706
99749 99959
100484 211997
213856 215207
217389 217907
219494 220021
220618 223556
225258 225320
226290 227069
229850 230026
230111 230225
231700 232051
232136 234438
235162 235218
236529 238518
239179 241300
241881 242678
243353 244144
245750 245891
246220 246466
247366 247682
248544 248654
249402 249559
250129 250334
251503 251894
252986 253200
253712 254601
255356 256709
257009 257752
258664 260143
260637 261099
261611 261867
265106 267561
268718 269476
271429 272465
273153 273736
274244 274340
276267 276323
276754 277403
278509 278731
279881 280057
281608 282122
283933 284095
285028 288019
289396 289599
290606 290831
291618 292259
293972 294345
295789 296063
297089 298971
303475 303537
304573 304744
305393 305510
306422 306963
307434 307912
309650 310185
312261 312536
314768 315929
316731 317228
317420 318028
318835 319179
320316 321373
322047 323105
324767 326508
326801 327744
327847 328156
328989 330197
332885 333187
334357 334458
335263 335371
336776 338122
338780 339729
340721 341692
342233 342565
344409 344730
345577 347522
348098 348431
349581 350053
352462 353243
353890 353988
355961 356542
359493 359577
360205 360757
362420 362951
363464 366569
367370 367801
369234 369546
370327 373997
374701 374780
375681 377271
377844 377916
378461 378988
380490 381104
381896 383057
383143 383194
383949 384005
386102 386515
387756 387934
390449 390621
392285 393083
395490 397201
398828 399130
401620 401695
402308 403321
404352 404618
405913 406056
406999 408197
409317 411622
414836 415897
418635 418842
423080 423180
424025 424428
424864 425998
426832 426894
427130 427496
428841 428955
429504 429948
430564 430775
433808 435917
436985 437124
437918 438490
438620 439410
441037 442585
443211 443856
444914 448544
449253 452072
454255 454444
455599 455768
457643 457930
458369 459191
459365 459958
460634 460733
461799 461880
464243 465917
467449 468629
470344 470886
471427 472962
476455 476624
477851 477900
479092 479876
483551 483793
484985 486054
487198 487787
489209 489483
489949 490100
490670 491008
492007 492663
494753 494852
495613 496057
496632 497509
497962 498523
499030 499496
500786 502204
504242 506551
507476 509886
512000 512435
513836 513981
514652 515006
517544 517624
519107 519894
521422 521830
526353 526693
527902 528105
528745 529521
532054 532297
533174 533478
534086 534924
535687 536084
536726 537571
538210 539119
541483 541652
542684 543884
545676 546236
546794 546853
547220 547823
548549 549130
550339 550709
551824 551989
552722 553720
555301 556179
559659 560414
561919 562162
563620 564418
565140 565203
565486 565681
567991 568048
570092 570465
571198 571506
572171 573023
575375 575460
576979 578534
579063 579684
580308 580533
581188 581782
582307 585599
587447 588334
589041 589139
590330 590764
590846 591230
592667 592989
593810 594276
595039 595155
595700 596273
597668 598293
599186 599296
599880 599997
601911 602333
603182 603590
604534 604699
604913 605164
606740 606972
608205 608912
610188 610270
611924 611982
612500 612804
614216 614576
615119 616815
617748 618870
619822 620377
622783 622966
623913 624324
627792 628178
629014 630402
631946 632675
634783 635054
636040 636310
636812 638861
640535 641960
642954 645492
646192 646242
646752 646951
648247 650779
651497 651677
651967 653355
654864 655394
655917 656924
658651 658808
659729 660706
665945 666036
668402 668804
669365 671714
672994 673575
675477 676547
679110 679209
681689 681941
682964 685568
686271 686451
688329 691055
692105 692285
692780 692991
694000 697189
698426 699012
700049 700317
700945 702157
705530 705939
706051 706487
707726 707788
708644 709031
709534 709647
710557 711011
712079 713468
715005 716743
718873 719405
722310 722397
723451 724001
724564 725773
727325 728331
729351 729599
729693 730653
730753 732091
733069 733433
733805 734401
736421 737420
737867 738160
739737 739871
741212 742314
743837 744040
744421 744528
745578 745686
746747 748059
748277 749047
749657 749888
751473 753220
755155 755738
756482 756557
757111 757598
760441 760654
763113 763848
764758 764831
765824 766804
769989 770328
772776 772957
773951 774233
774782 774988
775668 775979
778499 780916
781446 784508
785404 785863
787446 787721
788242 788858
790589 790832
791175 792316
793156 794819
796607 796709
799671 799981
801076 801641
803358 803792
805152 805249
805816 809264
809759 810130
811469 811647
814041 814686
816760 817643
818332 819476
820673 820884
821553 825811
829589 829998
831669 832652
834063 834549
835267 835783
836404 836514
836893 837014
837374 838262
839273 839687
840254 841294
841392 843042
843633 844886
846807 846863
848055 848161
851379 852284
853018 853735
854468 854549
855080 855267
855821 856221
858903 859273
862014 862399
863550 863729
864852 875508
Burkholderia_mallei_ATCC_10399_gi_254177163_ref_NZ_
1 245
714 788
2121 2787
3410 3969
4365 5746
6300 7059
7847 7938
12898 13326
14975 15432
17561 19509
20085 20546
21257 21709
24025 25891
26634 29248
31112 31553
33127 34613
35928 36211
36646 37226
38670 38732
40164 40270
41254 41971
43044 43504
45167 45317
46189 49546
50435 148174
148259 179245
180295 180596
181256 182580
183394 183687
186418 187243
188076 188305
188928 189054
193573 193645
193844 194644
197486 197571
198557 201326
201982 202526
205623 205967
207855 208136
208895 210365
212007 212195
214862 215086
218584 218730
219698 220914
221831 222911
223496 223836
225306 225481
225731 225817
227780 228223
229680 230120
230190 230282
230421 230520
231397 232221
232883 233539
234665 235476
236212 236834
238063 239491
239965 240984
243525 244958
248230 248380
253721 253926
256584 256931
259169 260343
261026 261733
263401 263684
266505 266921
267438 269672
270393 270780
273176 273284
276248 277452
279078 281394
282255 282377
283321 283905
284412 286100
288349 289572
290725 292697
293316 293828
295247 295297
298384 298454
300644 301525
303729 305336
305841 305940
308334 308463
310136 310192
311455 311732
312501 315040
317358 318557
319560 319621
320486 325039
327625 328336
333022 333146
333671 334451
335713 336066
Burkholderia_mallei_ATCC_10399_gi_254179270_ref_NZ_
1 824
Burkholderia_mallei_ATCC_10399_gi_254179038_ref_NZ_
1 163
3826 4072
4830 12005
14051 14370
16820 17726
19016 20760
21365 21888
22653 22782
24289 25734
30210 30673
31887 32240
33166 33300
36833 37380
37951 38406
42213 42502
45276 45383
46346 46395
49233 49664
52229 53127
53909 54013
56291 56442
61072 61469
62082 62144
62893 63035
64041 65928
66557 67291
67677 67910
69785 70157
71348 72052
73465 75046
Burkholderia_mallei_ATCC_10399_gi_254179257_ref_NZ_
1 986
Burkholderia_mallei_ATCC_10399_gi_254179248_ref_NZ_
1 990
Burkholderia_mallei_ATCC_10399_gi_254179275_ref_NZ_
1 1012
Burkholderia_mallei_ATCC_10399_gi_254179258_ref_NZ_
1 928
Burkholderia_mallei_ATCC_10399_gi_254179138_ref_NZ_
1 68
906 1353
2259 3916
5206 5700
8536 9265
10240 13245
15155 15528
19358 19961
20632 21105
23067 23137
23680 23898
25010 25931
29113 29809
30437 31793
32329 32385
34798 35041
36482 37553
38616 38859
39960 40108
43491 43747
44356 45392
47396 47754
49962 50303
53007 53243
54446 55175
55624 56497
58174 58738
60303 75353
76203 77200
78916 79150
81187 81461
81987 83089
84702 84890
85932 88185
88796 89405
90263 90659
Burkholderia_mallei_ATCC_10399_gi_254179261_ref_NZ_
1 1218
Burkholderia_mallei_ATCC_10399_gi_254179255_ref_NZ_
1 1371
Burkholderia_mallei_ATCC_10399_gi_254179256_ref_NZ_
1 536
Burkholderia_mallei_ATCC_10399_gi_254179231_ref_NZ_
1 1005
Burkholderia_mallei_ATCC_10399_gi_254179277_ref_NZ_
1 937
Burkholderia_mallei_ATCC_10399_gi_254179249_ref_NZ_
1 965
Burkholderia_mallei_ATCC_10399_gi_254179262_ref_NZ_
1 1067
Burkholderia_mallei_ATCC_10399_gi_254179254_ref_NZ_
1 524
Burkholderia_mallei_ATCC_10399_gi_254175322_ref_NZ_
1 1662
1755 2284
4483 8344
8443 9577
10120 10198
10609 10915
12585 12665
13271 13723
14326 14609
15858 16513
17062 17451
18347 18558
19405 19559
20951 22109
22511 24086
25033 25195
25696 26846
27845 27933
28918 29205
29291 30415
30926 32545
34459 35472
36408 36459
37081 37266
42116 42200
42702 43112
44002 44228
45054 46046
46919 47103
47696 47921
48263 52779
52872 54458
55024 55078
57748 57888
59979 60977
61510 62200
62997 64731
66720 67332
67969 68411
70183 70656
71206 71351
71884 72072
74055 74434
75041 75135
76302 76573
78165 79304
80471 81746
81984 82792
83677 84377
86053 86139
86781 88681
91168 93873
94601 96049
96758 98595
99332 102205
103529 103832
104428 104546
105089 105433
106614 106962
107517 107619
109531 109619
110892 110957
113019 113153
115496 116639
117334 117987
120036 120132
120930 120981
121238 121496
122253 123493
124556 124618
125628 127399
127977 128527
129878 130313
131220 131315
132750 133987
134238 134433
135502 136903
137457 137517
140180 141159
141686 143700
143876 143938
144439 144594
145798 146784
148874 149346
150008 150332
151597 152475
152828 152948
153628 153701
154584 155177
157563 158469
159973 160183
161672 161893
162455 162918
167707 168619
169571 169976
172856 173181
173917 175488
176645 176785
177774 178445
180315 180423
180966 183032
183584 183769
184677 185043
186930 188190
188473 188667
193337 193410
194298 194655
197319 198489
199933 200278
201103 201161
201707 202698
204111 204630
206244 206460
206739 207281
208632 210589
211216 212072
213471 213530
213989 214149
215000 215419
216153 216303
217243 217844
218518 220323
221207 223140
223961 224277
225204 227453
229911 229970
232255 232600
233402 234379
235220 235664
236980 237761
239363 239413
239914 241067
244067 244158
244443 247558
248073 248378
249779 249832
250777 252061
257145 258055
258867 259102
259538 260966
261414 261746
262654 264978
266951 267306
269801 270361
272617 274060
274458 275466
278585 279003
281014 281237
284856 285146
286797 288314
288427 312259
312882 313501
314608 315144
317919 319369
320656 320931
321496 322027
323098 323766
329737 331543
332903 333393
334488 335055
335829 336289
337647 338541
340507 341251
342196 342702
343258 343390
344300 344638
347321 347559
349419 350027
350139 350413
351650 352820
355054 355577
356770 358095
359334 361554
366789 367574
368956 370304
370397 370489
371703 372109
374322 374431
375199 375549
378251 378892
381458 381587
383395 383563
384536 384802
385990 386148
386420 386688
388014 388323
389104 389830
392971 394491
395300 395496
396270 396733
397639 397915
400009 401146
401886 402046
402605 402749
403249 403525
404143 404243
405493 406612
408310 408580
409466 409773
411327 412376
412906 413615
414570 414665
415208 415411
416777 417419
420032 420222
421190 423167
423936 424013
425026 426537
430567 430874
432414 432609
433198 435205
435665 436662
437870 438126
438799 439086
439615 440531
441668 442125
443553 443797
444670 444784
445348 445789
447611 448563
449686 450341
450996 451356
452476 454909
456401 456986
457795 459392
461067 461118
462567 462984
463463 464170
464964 465466
466275 466822
467112 467794
471224 472870
473699 473759
474726 475097
475850 476294
478653 479043
479615 479794
Burkholderia_mallei_ATCC_10399_gi_254179269_ref_NZ_
1 1060
Burkholderia_mallei_ATCC_10399_gi_254179247_ref_NZ_
1 1004
Burkholderia_mallei_ATCC_10399_gi_254179265_ref_NZ_
1 965
Burkholderia_mallei_ATCC_10399_gi_254179260_ref_NZ_
1 1036
Burkholderia_mallei_ATCC_10399_gi_254179237_ref_NZ_
1 993
Burkholderia_mallei_ATCC_10399_gi_254179245_ref_NZ_
1 877
Burkholderia_mallei_ATCC_10399_gi_254179279_ref_NZ_
1 6459
Burkholderia_mallei_ATCC_10399_gi_254179267_ref_NZ_
408 501
Burkholderia_mallei_ATCC_10399_gi_254179263_ref_NZ_
1 960
Burkholderia_mallei_ATCC_10399_gi_254179280_ref_NZ_
1 9457
Burkholderia_mallei_ATCC_10399_gi_254179240_ref_NZ_
1 1106
Burkholderia_mallei_ATCC_10399_gi_254179246_ref_NZ_
1 619
Burkholderia_mallei_ATCC_10399_gi_254179234_ref_NZ_
1 921
Burkholderia_mallei_ATCC_10399_gi_254174647_ref_NZ_
1 1094
1963 2734
5268 5787
6454 7386
9863 9944
11580 12071
13936 14542
15600 16270
17309 20088
20649 20705
22742 23231
25308 25439
27162 29009
30010 30080
30946 32041
33633 34169
34793 34983
36100 38207
39432 39893
43479 43862
44594 44831
45867 46957
48905 49058
49582 49960
52806 54695
55429 55527
57624 58724
59232 60338
61934 62652
63408 63493
65060 65474
66794 66926
67963 68521
69489 70253
72353 74938
77302 77702
79892 81742
82897 82989
83956 84552
85535 86250
87445 87567
88242 89220
92001 93795
96150 96372
99746 100717
101570 101669
103756 104355
104969 105372
106794 109027
109790 110313
112725 113721
114295 115596
116434 116953
117678 118457
119166 119618
121491 121589
123867 124116
126689 127193
127813 127919
129202 129841
130364 130840
135400 136091
136803 136916
137455 140043
141076 141446
141717 142929
143275 144062
146351 147517
149411 149696
151067 151165
152469 154287
156480 157234
159104 160550
163667 163744
164828 165155
167127 167268
168074 168774
170541 171257
173958 176662
177269 178742
180234 180633
182232 182943
183167 184974
186511 188047
188701 188843
190990 191567
192222 192402
193153 193911
194455 195421
195972 196953
198410 199153
202005 203383
204085 205940
206537 207165
207570 208315
209367 209452
210319 212115
213099 213161
216983 217044
217558 218115
219029 219165
220878 223055
227941 229048
229996 230241
232283 232379
232930 233190
234193 234781
236642 236969
237602 237937
239680 240893
241342 242297
243917 246062
248866 250149
250733 250909
251642 251738
253865 254079
255712 255898
256574 256663
257300 257740
259705 260014
261162 261858
262610 263163
264563 264663
266160 266288
267656 267916
270522 272355
273200 273596
275081 275376
276038 277621
280307 281094
281557 281956
283683 283985
284581 284773
286485 286806
287122 288498
289223 290168
290967 291202
293326 294526
295482 296938
298359 298537
298985 301560
303071 303748
304721 305233
305787 305938
306472 307025
307794 308173
308582 308775
312321 312461
313445 316180
316896 317673
318750 318917
319636 320551
321108 321191
321800 322516
323846 324273
324841 325569
326261 327526
328152 329258
329774 329903
330646 331014
331733 331944
332202 332925
334485 334589
336470 337001
338174 338546
340134 340305
341963 343542
345627 346337
348641 348799
351077 351508
354365 354606
356487 356555
357589 358954
359652 360024
362397 363005
364384 365810
366394 366653
368868 369037
369617 370238
370809 371128
371775 371933
374103 374337
375638 375803
376607 376676
379180 379472
379973 380153
383058 383183
385542 386949
388298 388614
389248 390218
391511 392414
392976 393055
393988 394088
397259 397413
400105 400330
400877 401070
402281 402813
403933 404946
406613 406729
407630 408323
409049 409201
410584 410940
413241 413330
414415 416083
417044 417194
420472 420740
421677 423303
425216 425573
427038 427553
429922 430102
430453 430824
432859 433869
435521 435772
438950 439146
439329 440268
441985 442233
442939 443579
444886 445371
448774 448830
451724 451990
452884 453027
453772 453978
455015 455163
456798 457758
457981 458607
458810 459078
460302 460671
462641 464140
465354 466643
467784 470619
471583 471931
472647 472833
473120 475160
477315 477695
478636 479425
479984 480932
482068 484409
485796 485857
487279 487793
488755 489128
491699 492596
493321 493472
495375 495948
496422 496985
497644 498174
498818 500424
500827 500900
504821 505063
505859 506685
507219 507852
508931 509479
510273 511213
514299 514537
516911 517643
518219 520036
521508 521601
523163 523936
524505 527174
528707 528890
530516 530567
532310 532606
533747 536492
537822 538601
539278 542596
546388 546914
548286 548400
551764 552027
554294 554455
555161 556370
558915 562713
562930 563030
565606 596149
598628 599984
600999 602532
605267 605882
606688 606939
608006 608255
608950 609037
610482 611152
612733 613385
617102 617358
618541 618970
620490 620793
621515 621876
625631 626848
627698 627863
628852 630060
630454 631756
634279 636794
637043 638692
639511 640839
641922 642031
643023 643492
644656 645068
646415 646517
648321 648825
649446 653271
654989 655047
655631 656289
656918 656990
658013 658577
659243 659610
660683 660807
662110 662295
664294 664481
665241 665400
667017 667940
668491 668574
668967 669688
670835 671025
671602 671975
672494 673666
678221 678697
679813 680095
681727 682816
683639 683706
686321 686657
687436 687772
689729 689810
690287 690521
691428 692326
693741 693977
694957 695026
695620 696092
696758 697737
698340 698619
699594 699819
702090 702800
704227 704279
705052 705320
706516 707636
709915 710134
713738 714146
714458 715111
715659 716822
718051 718376
718991 720129
720947 721231
721497 721740
Burkholderia_mallei_ATCC_10399_gi_254179251_ref_NZ_
1 923
Burkholderia_mallei_ATCC_10399_gi_254179266_ref_NZ_
1 1615
Burkholderia_mallei_ATCC_10399_gi_254177454_ref_NZ_
1 724
1565 2002
3665 5490
5861 7726
8191 8431
9283 9538
11753 13603
14126 15699
19585 19653
22888 23464
26253 26582
27103 27627
28335 29071
29614 29878
32407 32704
33252 34901
36160 36744
37533 37883
39705 40297
41595 41733
43780 43946
44503 44753
45303 45641
46633 46767
47585 48274
48959 49176
50910 51004
55441 55875
57454 57774
58349 62146
62828 63098
63255 66039
66421 66487
66991 67512
69445 69802
71593 71650
74021 74180
74425 74721
75315 75620
78000 80157
80665 80806
81848 82791
83385 83562
83909 84590
85252 85351
85989 87039
87947 88463
89230 89297
93686 94557
95185 95995
96922 97470
98300 98454
99812 100451
102186 102666
103346 103659
104197 104630
105257 106201
107328 108040
108317 108984
110469 111379
112123 112483
113645 114178
115102 116027
116645 116994
118755 118984
120681 120967
122312 123031
123737 124026
128909 129005
133856 133983
134583 135237
135783 135852
136993 137274
137370 137517
138607 139608
140819 141007
141856 142457
142997 143165
143767 144447
148154 149363
151798 152475
152649 154089
154659 156134
156857 157235
160310 160447
161203 161567
162249 162317
163462 163966
165467 166923
167530 167821
168094 169274
170210 174012
175015 175292
177557 177631
178374 179595
181679 182588
182800 183123
184550 186615
189979 190036
195400 196127
196637 197512
198826 199371
200013 201354
203075 204836
205364 207922
208553 209506
211678 212703
213660 214312
216053 216575
218603 219977
220569 220726
222753 224835
225188 226407
227200 229373
232485 233796
234554 235620
236348 236618
237429 237644
240946 241991
245869 246945
248661 248806
249998 250651
251378 252901
254180 254412
256719 258285
260453 260749
261811 262001
262866 263033
263675 264002
265179 266422
266734 266789
269537 270206
270693 271148
272617 273209
273891 274003
275353 275616
276545 276615
276943 277089
277647 278479
279237 279983
281247 281987
285570 285931
288052 288223
288904 289063
290350 290703
292942 293496
296779 297279
299211 299535
303187 303305
304883 305015
305482 305582
305915 307255
309321 309651
310694 310847
312110 312382
315391 315461
316185 316393
317455 317893
319448 319811
320361 320519
321156 323103
323939 324702
325237 326268
327457 328490
328584 329447
331201 331647
332165 332877
334558 334782
335434 335797
339493 340240
341052 341283
343264 343526
343997 345385
345745 346467
348339 348653
349421 349702
353032 354129
356575 356801
357349 357499
358103 358609
360410 360600
362005 363366
364509 365870
366493 366668
369989 370445
373182 374671
376293 376663
377721 379660
380456 381457
383020 383122
384927 387513
388060 388383
389874 392073
392243 392741
395203 395371
396529 396719
398541 399138
401547 401960
403210 404894
406515 406916
409737 409952
410658 410870
413020 413687
421344 422493
424005 424106
429032 429540
431037 431589
433124 433223
436582 436652
437157 439694
444817 445565
447058 447432
449477 449624
451591 451935
455414 455924
458137 458986
460650 461588
463626 463922
464911 465625
466400 466526
471565 473404
474451 474930
475912 476013
477089 477318
477862 478440
479387 479584
480144 481703
482586 482912
483693 483956
485276 485442
486422 486775
487844 488166
488689 489225
490017 490145
490666 490835
491274 492743
494466 495459
496281 496710
497290 499085
499280 499643
501723 503371
507337 507603
508393 509332
509939 510578
511526 511724
514368 514500
515568 515893
517831 518209
519148 520742
522397 523737
525211 526113
527068 527581
529873 530447
531705 531891
532912 533381
534619 534787
537552 537953
538623 539973
542678 542744
543604 543682
544422 544948
547986 548671
551736 551879
555454 556505
557132 558234
559658 560505
562569 562812
563437 563681
564920 565158
565704 566123
567201 567736
569724 570015
571230 573527
574152 574293
574678 580506
581606 581802
583365 583504
584802 584926
585349 586398
586752 587733
589067 590670
591592 591715
592722 594621
596407 596913
599189 599429
600847 600994
601976 602701
607517 607668
609327 609471
611141 611357
612085 613186
613755 614966
616513 616831
620910 621250
622481 622616
623126 623684
624957 625494
627375 627449
628617 628688
630160 630210
631262 631941
633286 633338
635555 635677
636696 637163
639740 640031
640564 640940
642012 643573
646446 646502
648848 648912
650721 651287
653942 654635
656523 656854
657713 659007
661579 661756
662848 662996
664594 664700
665986 667494
667917 668140
668660 669078
669251 669595
670565 670956
672337 672487
673899 674800
675862 678167
680224 680294
680980 681768
682358 682614
683777 684070
684687 684846
685450 686383
688128 691569
692387 692653
692952 693396
695408 696482
697073 697153
698353 700094
702476 703436
704733 704803
706945 707145
707822 708161
710244 710303
711400 712137
712842 713039
713624 716875
718805 719487
721638 721875
723449 723688
724259 724617
727011 729317
730710 731107
732474 733030
733968 735175
737309 738552
739330 739596
741039 741460
746726 747093
749155 749255
750059 751378
752384 752673
753287 753758
753959 754017
754364 754887
755174 755229
756250 756373
756919 757215
758400 758979
760228 760319
761852 762418
763697 763754
764261 764734
766622 767202
767428 776037
777857 778401
780069 780188
780505 781548
782155 782510
783688 785620
786838 787530
788253 788428
789482 789700
790632 790972
792035 792459
793975 794059
795366 796634
797140 797272
797793 798565
799123 803573
804586 804888
806880 806984
810060 810613
811428 811975
813727 813985
814711 815217
816052 816274
817084 817806
818617 818964
820264 820537
820650 820993
822883 823317
824795 825122
828459 829399
830101 830223
831708 832231
833544 833890
834937 836101
837445 837510
838262 838450
839530 839896
840614 843449
844084 845184
845880 846484
847004 848829
852477 853284
855421 855865
857990 858695
859706 859791
860419 860979
864183 864311
864466 864906
867316 867487
868542 868625
869588 870789
871449 871804
872914 873924
875256 876035
878268 878524
879149 879797
881239 882599
885526 886559
887511 888995
893860 894431
895260 895323
897328 897702
898197 898439
901271 901512
904459 904644
905337 905874
907401 907903
910796 911080
911864 912202
912317 912537
914341 914454
915301 915488
918630 919400
920560 922191
924095 925832
925927 926199
928800 928912
929679 929797
932463 933220
936135 936712
937461 937636
939921 941328
943417 945480
948157 948379
949097 949162
949909 951497
953609 954236
954860 955523
956310 957107
958870 959028
959549 959712
960146 960517
960831 961563
962078 963847
966607 967146
967720 968991
973134 973322
973399 973524
974149 974214
977160 977228
977877 978145
979347 980294
981682 983444
985625 985760
987935 988048
988389 988826
992588 992641
993645 994395
994962 995156
996918 997592
998166 998601
999335 999968
1000690 1001142
1002968 1003076
1003421 1004162
1006419 1007638
1008186 1008941
1009749 1009919
1011600 1011669
1012232 1012736
1016477 1017112
1017877 1018380
1020514 1020794
1022341 1023380
1026294 1026428
1026750 1030823
1031505 1031796
1032720 1033866
1034386 1036189
1039138 1039622
1040480 1041039
1042063 1042172
1045224 1045440
1046472 1046790
1046931 1047418
1048692 1051705
1052294 1053188
1055885 1056110
1058399 1058868
1059701 1059812
1061127 1061643
1063839 1064626
1066637 1066916
1068082 1069887
1071670 1071779
1072200 1072457
1073008 1073314
1074961 1075095
1075783 1075937
1076415 1076503
1077519 1078024
1079122 1081033
1081668 1081731
1083557 1085229
1086109 1086231
1086982 1087187
1087822 1087906
1088991 1089437
1090112 1092025
1094388 1095019
1098486 1098563
1099113 1099180
1100222 1100438
1101437 1102214
1103548 1104381
1105651 1105997
1107155 1107935
1108488 1108629
1109337 1109954
1110662 1111154
1112623 1112880
1113392 1113491
1114849 1117238
1117882 1117943
1119217 1119580
1121340 1121558
1122457 1123329
1124942 1125272
1126704 1127612
1128421 1128624
1129169 1129866
1130762 1130817
1132136 1132958
1133821 1134353
1135858 1137879
1139306 1139829
1140275 1142240
1142339 1142957
1143438 1147776
1149197 1150141
1150724 1151015
1153306 1154525
1155660 1157555
1158487 1159232
1160765 1161123
1161988 1162986
1163530 1163703
1164135 1164502
1165591 1165720
1166097 1166943
1167806 1167911
1168515 1169391
1170425 1170794
1171950 1173408
1174542 1174626
1175372 1175594
1177629 1177959
1178937 1179042
1181500 1181614
1182593 1182811
1184009 1186181
1186996 1187246
1188668 1188748
1189818 1190403
1191571 1193561
1194236 1195484
1196352 1197810
1199368 1199442
1202216 1202732
1203337 1204308
1205551 1206150
1206683 1207859
1208622 1208834
1210599 1212342
1213018 1213916
1214143 1214343
1215974 1216133
1219128 1219390
1220874 1221492
1223204 1223500
1224390 1224799
1226736 1226880
1227701 1229687
1230658 1233311
1238264 1239825
1240359 1241076
1243326 1243390
1244039 1244191
1246509 1246662
1249036 1249485
1252298 1252906
1254926 1255295
1255713 1256654
1257158 1257772
1259692 1259756
1260734 1261052
1261601 1262968
1263390 1264560
1265488 1265543
1266177 1266345
1269880 1271830
1272154 1273248
1274370 1275574
1277495 1278521
1280004 1281107
1281764 1282324
1283239 1283476
1284748 1284873
1286932 1287024
1287918 1289158
1290321 1291772
1293522 1295299
1296393 1297297
1299224 1299640
1300149 1301874
1302667 1304166
1305067 1305393
1306318 1306534
1307433 1307776
1308798 1308994
1309290 1310403
1311959 1312072
1313066 1313258
1314279 1314451
1315117 1316362
1317046 1317385
1318239 1318292
1320080 1320377
1325571 1326632
1328509 1328594
1329186 1329373
1330573 1331274
1331925 1332408
1335298 1335697
1335787 1336478
1337391 1337904
1339877 1340134
1341189 1341241
1342526 1343768
1346246 1346344
1346945 1347261
1349847 1349906
1350769 1351065
1353015 1354927
1355440 1355557
1356296 1356690
1357255 1357370
1360837 1361599
1361933 1362288
1364421 1365747
1367445 1367793
1368217 1368363
1369114 1370706
1370993 1371445
1372859 1373762
1373858 1375788
1379242 1379293
1380210 1381357
1382227 1383235
1387156 1387442
1388657 1389047
1389641 1389794
1390744 1390898
1391655 1392084
1395092 1395207
1397182 1399011
1399501 1399719
1401830 1402140
1403749 1404026
1404586 1407359
1408349 1408538
1408668 1409558
1410454 1411851
1412428 1412563
1413267 1413660
1416724 1417200
1418530 1418822
1419348 1419946
1421076 1421917
1422673 1423085
1423645 1423913
1424327 1425533
1427566 1431224
1432012 1433392
1435804 1436730
1437255 1437793
1438306 1439365
1440060 1441605
1442412 1443319
1443926 1445081
1445974 1446555
1447261 1447519
1448193 1448642
1451563 1451735
1454388 1454536
1457045 1457310
1458373 1459819
1460544 1460876
Burkholderia_mallei_ATCC_10399_gi_254176657_ref_NZ_
1 520
1876 1963
2639 3837
4825 6251
8099 8231
9139 9254
9878 10526
12021 12241
13187 14681
15586 15792
17019 17077
18846 22591
25108 25484
27578 27813
29731 30124
31410 33004
33698 35074
35916 38291
38771 40455
42445 43629
44447 44671
45173 45929
49309 49620
50780 50996
51340 51529
55572 55650
56569 60591
63024 63788
63990 64290
64952 65231
65422 65578
66710 70211
71004 71496
74697 74976
75667 75857
76793 77032
80590 80664
81956 85459
87614 87994
89067 89407
92282 92350
95310 96277
97665 98957
99672 99924
101912 102046
102915 103072
103688 105415
106034 106721
108251 108539
110660 110842
111420 111497
112381 113714
114416 114593
116786 116950
118103 119071
119890 121487
123653 123999
126693 127733
129107 130802
132221 132280
134342 134558
136945 137704
138834 139861
140433 141186
142355 142655
143742 143945
144624 144903
146365 147406
151806 152854
154119 154468
155394 157418
160045 161262
162926 163948
164943 165189
166579 167202
169302 170542
171255 172042
173770 174349
176488 176870
177784 178102
180232 181536
182984 183057
184548 184714
185352 187202
188558 188895
191171 191360
191610 191717
192549 194786
195504 197267
197902 199544
200588 203639
206225 207465
208316 208396
208993 209132
209380 212094
213352 214805
217595 217791
220856 221538
222070 222383
223676 223901
225828 225957
226726 227070
227854 228311
229493 230021
231742 233152
234249 236102
236707 237813
243315 244379
245315 245464
246202 246330
249278 250416
252446 252512
253234 254255
255114 256348
259204 259256
261021 262612
264206 265709
267706 267854
269234 269320
270019 270898
271057 271235
272188 272534
275531 275788
276806 277227
277891 277991
278771 280651
281526 282690
283501 284308
284833 284932
285231 285404
287064 287459
289648 289705
290736 291988
292556 293262
293980 294544
296166 300438
301498 302582
303127 303178
303870 304361
306641 308115
308948 309333
311647 312150
313850 314019
315598 316721
318489 318549
319796 320120
320927 321652
325736 326273
326765 328994
332906 333746
335242 336359
339168 339428
340595 340658
343999 344713
345170 345821
346626 347946
348590 349111
351373 351508
354041 356136
357493 358012
359115 359164
360399 360486
363785 363938
364496 364945
365532 366487
368037 370309
370721 371308
372281 372356
372991 373192
374768 375114
378013 378284
379004 380761
380939 381205
384450 384621
386647 386731
388521 389004
389540 389893
390892 392035
393344 394711
397484 399222
400198 400333
401014 403337
403954 404407
406064 408224
408929 409128
409927 410302
411510 411938
412661 413094
414237 415828
416920 417057
418036 418534
421489 422035
423227 423823
428014 428506
429226 429483
430832 430931
432613 433667
437309 438731
438997 442108
443764 444975
445503 445728
448223 448651
450031 450697
451761 453375
455497 455751
456331 457463
460528 460805
461740 462089
462675 463214
464039 464096
465293 465936
466782 466904
470403 470527
472978 473093
477324 478892
481464 482107
482613 482851
482987 484487
485756 486470
490257 490415
490955 491149
494017 494247
496338 497306
498987 499762
500551 501702
502708 503320
504816 504924
505654 507498
507779 507916
509144 509229
510220 510345
511783 511919
512706 513402
516623 518065
520371 520587
522314 522756
523305 523572
525665 525766
526697 528923
530025 530744
531532 531606
533596 533656
536432 536861
537686 537995
539659 539959
540455 541207
542035 542316
543243 544202
545185 545612
547271 548785
550109 550168
551580 551896
552785 554063
554873 554974
555408 556448
561200 561456
564250 565334
569214 569737
570926 571279
Burkholderia_mallei_ATCC_10399_gi_254179242_ref_NZ_
1 217
Burkholderia_mallei_ATCC_10399_gi_254179241_ref_NZ_
1 1008
Burkholderia_mallei_ATCC_10399_gi_254179278_ref_NZ_
1 897
Burkholderia_mallei_ATCC_10399_gi_254179253_ref_NZ_
1 1026
Burkholderia_mallei_ATCC_10399_gi_254179264_ref_NZ_
1 212
Burkholderia_mallei_ATCC_10399_gi_254173942_ref_NZ_
1 714
1056 1642
2639 5173
6964 7619
8213 9153
9433 9674
11978 12206
12955 13049
13577 13737
14216 14296
16048 17092
18877 20394
20907 21105
21221 22832
24566 25420
28130 28216
29822 30247
30843 31151
31525 31734
32485 33186
34625 34705
37405 37884
38511 41806
42371 43841
43937 45168
45731 45854
46394 46741
48836 49077
49261 49322
50237 50357
57441 59111
59614 59860
60520 60626
62123 63419
63922 64091
64209 66402
67148 67249
68398 68639
69419 69625
71882 72983
73405 73706
75173 75316
75981 76070
77072 78019
80258 80644
83085 83190
84701 84975
86643 87523
88554 89307
90167 90941
91877 92480
93113 95006
95877 97542
98140 98323
99983 100149
101708 101893
103258 105208
106286 106765
107810 108378
112559 112621
113903 114167
115380 116052
117117 117214
121648 122830
126466 126992
127577 127834
133897 143567
Burkholderia_mallei_ATCC_10399_gi_254179239_ref_NZ_
1 1127
Burkholderia_mallei_ATCC_10399_gi_254174059_ref_NZ_
1 991
1513 2134
4247 7092
7622 7721
9640 10417
10669 12301
13155 14120
15007 15099
16709 18087
19127 19656
19917 21846
21929 24416
24935 25254
25989 26425
27935 28334
31526 32514
33159 33223
33751 34534
36926 37034
37656 37737
38263 38448
40266 41455
41769 42355
43869 44300
44801 45044
46602 48392
49984 50426
51435 52029
56158 57482
59193 60237
60996 61477
62130 64929
65544 65752
66645 66705
68019 68072
68579 70679
72800 73347
76445 77014
77105 77449
78192 78553
80386 81122
82561 82752
83267 83422
86610 87305
92996 94884
95250 95392
96427 97458
98532 98623
99827 101335
101554 101928
102589 103109
103928 104949
108122 108991
110767 111664
113592 114565
116201 116261
116807 118066
118574 119322
120957 121330
122353 122473
123916 124847
125268 126414
127047 129409
130684 131602
131970 135252
136177 136826
137755 137903
139459 140479
141512 142114
142730 143145
144319 144423
146245 146462
147421 148118
150391 150676
151277 151626
152291 152790
157391 157724
158595 158696
167914 168031
169543 170124
170499 170937
172493 172555
177866 178144
182481 183582
184558 184706
185280 185952
187222 187613
190242 190630
191083 191494
192532 193032
195405 195599
196803 196857
197888 198100
202840 202978
205147 205344
206538 206781
206892 207217
207833 208009
208597 209314
211489 212297
213760 213909
215017 217599
218552 218883
219961 221111
222796 222932
223972 224027
225797 226391
228597 228726
228892 229897
230600 231103
231674 233320
233880 234224
234954 235739
236131 236476
237347 237652
237919 238279
238801 239876
240524 240836
242805 243754
244551 244761
245083 246350
247653 247821
250161 250654
251161 251364
251970 253691
255358 255603
256470 257525
258049 258392
259189 259329
260089 260213
260973 261168
262048 262465
262732 262932
263918 264554
266433 268865
270327 270823
271357 271703
273419 273936
274440 274856
275459 275933
276543 276653
277416 278082
278804 280571
280746 281386
283587 283947
284490 284602
285636 285747
287285 287768
288856 288920
289706 290575
293094 294812
296125 296536
297059 297836
298516 298769
299471 301157
301738 304216
306170 306396
308796 309086
311128 312284
313463 315092
315188 317125
317716 318776
320592 321264
321859 322341
324148 326926
327951 328352
329114 329847
333159 333419
334193 334429
334963 335021
335675 335832
336488 336572
337435 339141
339864 340368
341338 341744
342540 343306
344114 344455
345350 345411
345924 347333
350699 351264
351928 352514
352787 354484
355618 355793
357751 358011
358993 359340
360223 362010
363167 363277
364651 366686
367349 369072
371478 371973
373101 373294
374584 374644
375290 375798
376400 376631
377182 377355
377727 378129
378433 379540
380365 381132
385549 385723
386252 387411
388022 388280
390025 390074
390585 392348
392450 393940
399565 399957
401606 401846
402447 402531
405019 405692
406753 407001
409186 409401
410086 411619
411928 412329
413492 414064
415566 415637
416887 417294
418121 418511
421990 422134
422878 423073
423795 423965
426293 427343
428220 428319
428983 430270
431344 431625
434428 434719
435257 435959
439388 439516
439721 440674
442311 442685
446887 447217
448033 448083
449017 449160
449722 450285
451720 453116
454032 455022
455621 456576
457596 458062
458740 458942
461788 462285
464351 464402
465867 466462
469919 470208
471063 471622
474323 474724
476549 477045
477832 478290
479159 479567
481705 481924
482938 483969
484592 484997
485718 486283
486883 487084
488101 488288
489265 489484
490073 490203
490831 491055
491179 491369
492211 492481
492990 493229
494636 494827
495676 497597
499521 499701
500280 500616
500912 501078
502378 502965
504006 504476
505125 505182
506573 506725
506995 507192
508724 508792
510484 510679
511054 511196
511822 513297
515600 516232
521364 521669
525020 525579
526314 526446
527823 528594
530729 532399
532825 534306
534863 535515
536285 536801
537449 538258
540383 540733
542553 542922
544390 544620
546068 546283
546601 546933
547604 548262
549883 550320
550743 551111
551708 552060
557583 557863
559249 561334
563191 563478
564326 565300
565870 566229
567410 568924
570578 571481
571894 572000
572765 573018
574438 575237
576197 576439
578508 578661
579466 579620
579888 580200
580556 581192
581948 582009
585188 586071
586572 586776
588290 588483
592967 593685
595182 597345
600466 600926
603133 603330
604196 605063
608072 609381
611775 613680
616520 617379
619348 620045
620701 620964
623730 623932
624895 625388
626816 627586
628286 628918
629346 629619
630340 630456
630694 631652
634097 634256
634814 634978
636551 636837
637844 639238
640501 641042
643194 644039
646916 647013
648452 648621
652055 652859
654273 655550
657525 657768
658308 658469
659445 660469
662492 663132
663685 663761
664960 665538
666145 667934
668519 670011
672762 673801
673908 674301
678611 681543
683258 683419
683970 684183
687928 687985
689318 689868
690598 691083
694583 696457
697279 697945
698652 702063
702578 705441
706404 711199
Burkholderia_mallei_ATCC_10399_gi_254179271_ref_NZ_
1 561
Burkholderia_mallei_ATCC_10399_gi_254179243_ref_NZ_
1 375
Burkholderia_mallei_ATCC_10399_gi_254179233_ref_NZ_
1 960
Burkholderia_mallei_ATCC_10399_gi_254179236_ref_NZ_
1 914
Burkholderia_mallei_ATCC_10399_gi_254179274_ref_NZ_
1 1193
Burkholderia_mallei_ATCC_10399_gi_254179250_ref_NZ_
1 931
Burkholderia_mallei_ATCC_10399_gi_254179268_ref_NZ_
1 209
Burkholderia_mallei_ATCC_10399_gi_254179276_ref_NZ_
1 1252
Burkholderia_mallei_ATCC_10399_gi_254179238_ref_NZ_
1 906
Burkholderia_mallei_ATCC_10399_gi_254179272_ref_NZ_
1 918
Burkholderia_mallei_ATCC_10399_gi_254179273_ref_NZ_
1 983
Burkholderia_mallei_ATCC_10399_gi_254178742_ref_NZ_
1 8446
9022 9250
12674 13664
14084 14442
14843 14976
16186 16467
16998 17290
18819 19495
19975 20386
21873 22093
22820 23046
24195 24614
25095 25665
27189 27826
29664 30192
32314 33334
35218 36439
40611 40719
41665 41942
45236 47190
48588 48873
51223 51467
51990 52502
53704 53857
54358 54525
55709 55875
57818 57969
59288 59712
60867 61380
66310 66449
67928 68296
68903 69055
70925 71233
71881 71951
72949 73191
74273 74373
76143 76595
77956 78056
78189 79126
80359 81651
83127 83625
84130 84290
85794 87207
88622 88766
89395 89848
90951 91377
95551 95970
96634 97033
98235 98480
102036 102384
103582 103934
107322 107839
110555 111885
112500 112707
113950 114261
115526 115688
116262 117041
118326 119510
122099 122311
122703 122841
123550 124485
125754 127188
128308 129941
131057 131359
132128 132390
134658 135149
135241 135849
136879 140302
141862 142393
144549 145082
148770 148912
150526 154110
154677 155155
157425 157791
159873 160287
162250 162444
163386 163906
164433 164510
164950 166243
167010 167726
168478 169565
170109 170574
171759 172327
172418 172755
173813 174523
175441 175699
176472 177612
178489 179043
180902 181522
182762 184564
185318 185438
185938 186651
188900 190013
190664 190828
193037 193105
193715 194749
195458 195889
196671 196957
198999 201514
202580 202770
203397 203664
205040 205420
206265 206505
208515 208613
210385 212924
217222 217618
219001 219340
221317 221625
222142 223192
224638 224749
225461 225607
226183 227875
229303 229552
229862 234365
235072 235768
236384 236442
237457 237714
238223 238658
240154 242649
242755 242808
243435 245228
246230 246298
250199 250283
252409 252788
253372 254630
255937 256016
259925 261597
261917 262775
263211 263771
264646 265467
267639 267906
268670 269042
269738 269845
271860 272272
272619 274641
275893 276303
281623 282109
286818 289073
290398 290485
292398 292880
293451 293517
294118 294337
294997 295541
296938 297683
298449 300311
300867 301222
301488 302109
302902 303137
304750 305747
306598 307382
307531 308218
309370 310412
311081 312142
312342 312423
313582 314009
Burkholderia_mallei_ATCC_10399_gi_254179232_ref_NZ_
1 939
Burkholderia_mallei_ATCC_10399_gi_254179235_ref_NZ_
1 648
