Burkholderia_mallei_ATCC_10399_gi_254175791_ref_NZ_
1 8394
9064 23909
24704 27450
28279 29905
30818 37040
37627 43335
44014 46837
47400 47476
47977 52078
52611 67792
68427 73557
74169 78309
79004 93391
Burkholderia_mallei_ATCC_10399_gi_254179252_ref_NZ_
1 984
Burkholderia_mallei_ATCC_10399_gi_254179244_ref_NZ_
1 616
Burkholderia_mallei_ATCC_10399_gi_254179229_ref_NZ_
1 1118
Burkholderia_mallei_ATCC_10399_gi_254179259_ref_NZ_
1 604
Burkholderia_mallei_ATCC_10399_gi_254175876_ref_NZ_
1 6415
6926 16096
16754 20287
20789 22680
23268 30295
30952 51772
52336 63502
64033 217843
218361 228390
229053 242774
243340 245162
245671 249569
250112 260009
260550 266209
266726 270077
270658 285075
285769 298741
299332 300192
300719 308101
308624 311615
312169 319617
320145 333457
333967 342871
343374 354275
354903 379785
380352 394303
394837 400270
400872 404914
405499 408484
409043 417804
418382 419032
419723 444011
444530 445367
445938 452294
452977 482752
483561 483902
484412 486652
487191 488256
488976 491412
491924 502948
503500 517652
518206 523195
524196 551174
551788 556226
556951 562254
563407 567018
567705 576022
576783 592409
592961 594400
594942 606056
606685 608823
609558 620590
621148 630297
630913 647042
647575 661326
662105 664441
665168 672998
673548 687111
687748 691338
692059 697816
698416 704077
704805 708260
708761 717885
718816 728594
729233 744915
745642 769255
769823 776207
776722 786475
787032 789548
790117 796700
797296 798429
799094 810299
810858 818573
819628 820992
821552 827524
828285 832863
833546 835784
836330 841877
842422 861235
861922 863843
864548 875508
Burkholderia_mallei_ATCC_10399_gi_254177163_ref_NZ_
1 7065
7651 16595
17220 21967
22525 40162
40762 217087
217652 228544
229184 255270
255900 274397
274934 314324
314850 315321
315858 316509
317121 329359
330631 330766
331269 332102
332646 334877
335463 337870
338422 341558
Burkholderia_mallei_ATCC_10399_gi_254179270_ref_NZ_
1 824
Burkholderia_mallei_ATCC_10399_gi_254179038_ref_NZ_
1 403
918 1822
2573 9138
9663 10023
10524 27335
28172 31132
31637 33952
34457 39221
39885 42475
43063 43897
44521 46807
47346 70110
70718 75046
Burkholderia_mallei_ATCC_10399_gi_254179257_ref_NZ_
1 986
Burkholderia_mallei_ATCC_10399_gi_254179248_ref_NZ_
1 990
Burkholderia_mallei_ATCC_10399_gi_254179275_ref_NZ_
1 1012
Burkholderia_mallei_ATCC_10399_gi_254179258_ref_NZ_
1 928
Burkholderia_mallei_ATCC_10399_gi_254179138_ref_NZ_
1 4458
5121 14589
15093 24385
24976 48292
48816 90659
Burkholderia_mallei_ATCC_10399_gi_254179261_ref_NZ_
1 1218
Burkholderia_mallei_ATCC_10399_gi_254179255_ref_NZ_
1 1371
Burkholderia_mallei_ATCC_10399_gi_254179256_ref_NZ_
1 536
Burkholderia_mallei_ATCC_10399_gi_254179231_ref_NZ_
1 1005
Burkholderia_mallei_ATCC_10399_gi_254179277_ref_NZ_
1 937
Burkholderia_mallei_ATCC_10399_gi_254179249_ref_NZ_
1 965
Burkholderia_mallei_ATCC_10399_gi_254179262_ref_NZ_
1 1067
Burkholderia_mallei_ATCC_10399_gi_254179254_ref_NZ_
1 524
Burkholderia_mallei_ATCC_10399_gi_254175322_ref_NZ_
1 20444
20991 39253
39819 40946
41482 55092
55676 75361
76040 105942
106579 108595
109140 148066
148573 158268
158789 165748
166479 168503
169006 186021
186559 192049
192662 195266
195822 199226
199777 207656
208372 217690
218339 234479
235051 253569
254082 255182
255714 265758
266414 269096
269724 270681
271213 275979
276550 356017
356673 363399
363987 370721
371270 376423
377595 380899
381583 390964
391703 407115
407624 410468
411029 423250
423914 431138
432159 442692
443437 445803
446826 448588
449114 462773
463431 479794
Burkholderia_mallei_ATCC_10399_gi_254179269_ref_NZ_
1 1060
Burkholderia_mallei_ATCC_10399_gi_254179247_ref_NZ_
1 1004
Burkholderia_mallei_ATCC_10399_gi_254179265_ref_NZ_
1 965
Burkholderia_mallei_ATCC_10399_gi_254179260_ref_NZ_
1 1036
Burkholderia_mallei_ATCC_10399_gi_254179237_ref_NZ_
1 993
Burkholderia_mallei_ATCC_10399_gi_254179245_ref_NZ_
1 877
Burkholderia_mallei_ATCC_10399_gi_254179279_ref_NZ_
1 6459
Burkholderia_mallei_ATCC_10399_gi_254179267_ref_NZ_
1 501
Burkholderia_mallei_ATCC_10399_gi_254179263_ref_NZ_
1 960
Burkholderia_mallei_ATCC_10399_gi_254179280_ref_NZ_
1 9457
Burkholderia_mallei_ATCC_10399_gi_254179240_ref_NZ_
1 1106
Burkholderia_mallei_ATCC_10399_gi_254179246_ref_NZ_
1 619
Burkholderia_mallei_ATCC_10399_gi_254179234_ref_NZ_
1 921
Burkholderia_mallei_ATCC_10399_gi_254174647_ref_NZ_
1 4783
5404 8387
9358 15081
15582 24288
24819 32961
33539 65662
66171 73051
73577 77225
77805 80230
81805 84998
85533 87659
88241 92360
92904 93827
94365 102759
103408 105895
106463 112193
112903 128582
129197 130858
131403 136113
136776 162204
162712 162909
163494 165206
165745 166090
166684 167442
167993 190400
190911 196991
197580 201048
201639 208409
208926 215490
216271 225713
226233 230318
230864 237193
237748 238478
239313 254839
255529 258280
258799 266325
266830 274527
275089 278501
279192 282992
283582 297528
298240 337072
337610 352481
352997 353599
354237 355441
356420 365856
366394 368026
368529 376961
377536 382377
382999 383566
384332 409122
409674 414943
415592 418898
419441 434733
435352 436043
436558 451023
451584 453111
453706 474269
475007 476223
476853 501288
501964 502767
503454 504146
504896 512535
513037 523959
524476 538623
539261 545676
546281 552227
552826 560706
561259 596480
597114 602572
603184 614038
614733 624220
624765 631789
632471 632828
633413 647071
647770 665501
666004 675156
675714 675859
676445 683781
684562 695115
695651 701406
701996 711675
712303 716250
716817 721740
Burkholderia_mallei_ATCC_10399_gi_254179251_ref_NZ_
1 923
Burkholderia_mallei_ATCC_10399_gi_254179266_ref_NZ_
1 1615
Burkholderia_mallei_ATCC_10399_gi_254177454_ref_NZ_
1 8702
9207 9960
10474 27694
28223 33877
34570 42249
43046 52716
53275 76359
76964 91373
92077 92351
92999 125615
126164 126982
127857 132621
133301 140294
140818 146048
146743 150889
151581 156199
156735 160614
161126 162561
163413 167015
167540 170293
171188 176761
177307 179675
180364 192322
192905 201399
202121 212803
213582 216600
217262 237430
238890 247002
247883 255778
256629 287433
287934 288364
288886 303410
304069 307349
307958 340319
340848 346804
347329 350799
351370 352059
352713 354213
355072 371705
372211 394357
394881 395725
396347 405087
405684 413557
414139 415382
416205 416826
417428 432511
433116 443008
443728 454594
455202 462338
462859 467853
468572 478459
479176 508291
508904 511787
512469 516854
517932 523738
524319 526185
526691 532530
533068 544871
545523 552564
553107 559025
559648 564005
564553 580841
581598 584320
584827 593957
594582 615924
616572 619984
620527 629210
629773 632610
633211 663431
663961 671542
672104 675048
675673 684158
684665 694377
694900 701682
702210 702453
703173 705765
706289 717771
718327 721067
721666 722846
723355 726313
726833 741797
742432 748060
748764 751826
752383 757661
758308 776457
777146 779088
779617 786061
786627 799963
800594 801335
801914 803960
804496 804969
805579 807080
807614 812197
812702 819642
820286 825123
825644 830297
831140 849490
850325 853285
853927 854582
855224 862473
862974 867861
868502 868679
869583 870861
871427 876221
876999 878407
879001 891659
892396 894637
895149 898480
898994 900053
900625 904693
905313 913575
914109 926283
926832 927877
928414 928895
929463 942575
943227 947447
948060 975173
975682 976278
976934 978357
979106 991094
991869 1000083
1000668 1001232
1002050 1002175
1002874 1010802
1011508 1017097
1017782 1021586
1022314 1030971
1031530 1063135
1063684 1119959
1120696 1138205
1138739 1152199
1152771 1155067
1155597 1157829
1158392 1164867
1165477 1171341
1171861 1204734
1205334 1209492
1210014 1219989
1220748 1227014
1227551 1250054
1250928 1253483
1254016 1266641
1267189 1268842
1269356 1285998
1286559 1292624
1293181 1304204
1304986 1311390
1311909 1316413
1317039 1319465
1319995 1333839
1334367 1341787
1342378 1349281
1349809 1356745
1357254 1363512
1364234 1377560
1378075 1384424
1385034 1415001
1415546 1421898
1422488 1431222
1431777 1435264
1435773 1453647
1454176 1455745
1456477 1457708
1458336 1460876
Burkholderia_mallei_ATCC_10399_gi_254176657_ref_NZ_
1 624
1153 14763
15425 15762
16347 39294
39948 46505
47089 56054
56585 88073
88856 91306
92069 93713
94538 106886
107455 109290
109957 115077
115613 121908
122423 145838
146387 153683
154313 172077
172759 184759
185323 185977
186768 190070
190687 194786
195418 201950
202563 207551
208210 223002
223551 239907
240678 247923
248536 266780
267281 267923
268446 276283
276852 285659
286212 286465
287027 304380
304992 305118
305675 307059
307743 314416
314981 323474
323986 359240
359838 361126
361649 362223
362793 367475
367977 377425
377949 381130
381656 387593
388123 390112
390641 403405
403962 405387
406063 409201
409815 410400
411159 415898
416483 418866
419444 425485
426689 427387
428007 459776
460295 465937
466532 475930
476558 485320
485878 507507
507779 507916
508274 514051
514597 539851
540372 556524
557083 571279
Burkholderia_mallei_ATCC_10399_gi_254179242_ref_NZ_
1 217
Burkholderia_mallei_ATCC_10399_gi_254179241_ref_NZ_
1 1008
Burkholderia_mallei_ATCC_10399_gi_254179278_ref_NZ_
1 897
Burkholderia_mallei_ATCC_10399_gi_254179253_ref_NZ_
1 1026
Burkholderia_mallei_ATCC_10399_gi_254179264_ref_NZ_
1 212
Burkholderia_mallei_ATCC_10399_gi_254173942_ref_NZ_
1 16227
17188 27018
27564 30244
30839 31727
32316 47355
48003 49298
50013 61207
61775 66475
67115 67344
67966 106387
106982 108211
108719 113166
113672 120503
121114 128699
129240 143567
Burkholderia_mallei_ATCC_10399_gi_254179239_ref_NZ_
1 1127
Burkholderia_mallei_ATCC_10399_gi_254174059_ref_NZ_
1 3416
3980 5150
5659 30040
30766 45079
46265 50574
51077 57913
58749 64915
65455 65919
66462 84996
85648 97494
98257 140367
140981 144340
145081 153959
154478 157891
158410 162983
163620 166045
166554 170938
171541 172556
173103 178846
179571 185777
186644 189570
190140 194428
194948 204040
204613 213050
213653 223309
223931 228841
229931 268867
269422 271976
272518 278174
278760 292086
292810 295166
295865 298779
299346 306868
307397 319490
320060 347423
349250 353159
353744 358080
358625 364906
365629 366002
366618 366710
367282 370730
371248 404135
404869 414731
415533 415640
416217 417304
417832 419785
420482 428296
428945 430577
431405 447428
448084 450645
451231 460779
461717 467015
467567 468710
469365 484966
485676 498444
499110 505774
506364 517174
517988 526691
527300 545318
545952 547100
547603 554257
554879 555201
556423 569910
570546 573445
574022 575261
576064 583719
584321 584654
585316 587380
587963 599685
600318 624196
624713 634282
634933 637870
638625 645138
645657 645795
646297 647701
648342 655805
656673 677508
678715 682190
682733 687497
687996 689977
690597 711199
Burkholderia_mallei_ATCC_10399_gi_254179271_ref_NZ_
1 561
Burkholderia_mallei_ATCC_10399_gi_254179243_ref_NZ_
1 375
Burkholderia_mallei_ATCC_10399_gi_254179233_ref_NZ_
1 960
Burkholderia_mallei_ATCC_10399_gi_254179236_ref_NZ_
1 914
Burkholderia_mallei_ATCC_10399_gi_254179274_ref_NZ_
1 1193
Burkholderia_mallei_ATCC_10399_gi_254179250_ref_NZ_
1 931
Burkholderia_mallei_ATCC_10399_gi_254179268_ref_NZ_
1 209
Burkholderia_mallei_ATCC_10399_gi_254179276_ref_NZ_
1 1252
Burkholderia_mallei_ATCC_10399_gi_254179238_ref_NZ_
1 906
Burkholderia_mallei_ATCC_10399_gi_254179272_ref_NZ_
1 918
Burkholderia_mallei_ATCC_10399_gi_254179273_ref_NZ_
1 983
Burkholderia_mallei_ATCC_10399_gi_254178742_ref_NZ_
1 26623
27188 28591
29187 34643
35158 38628
39213 39266
40119 43216
43893 44497
45226 47190
47845 50626
51162 54767
55351 57294
57815 65622
66299 73487
74173 82335
83108 92207
92754 94876
95460 100732
101269 111913
112420 120498
121397 130463
130967 143006
143577 143827
144390 146073
146803 147609
148769 172986
173588 181694
182322 184077
184586 187030
187809 188334
188896 191821
192326 195979
196583 203953
204558 215451
216043 223258
223815 236813
237350 239029
239682 240347
241050 264665
265178 274905
275443 280573
281076 312978
313518 314009
Burkholderia_mallei_ATCC_10399_gi_254179232_ref_NZ_
1 939
Burkholderia_mallei_ATCC_10399_gi_254179235_ref_NZ_
1 648
