Burkholderia_mallei_ATCC_10399_gi_254175791_ref_NZ_
1 2722
3302 3659
4278 6203
6868 9510
10267 10712
11619 12046
12756 13125
13832 17096
17692 18208
19076 21504
22874 23908
24702 25227
26167 26847
27395 27468
29097 29908
31040 31767
32495 34974
35500 36151
36686 37010
37997 41120
41699 42746
44049 44243
44983 46377
47188 51998
52608 53645
54700 57088
57682 57815
58417 59395
59965 60152
60721 64935
66286 67218
68505 70918
71507 72228
73244 73585
74396 74751
75374 76295
77130 77775
79527 82187
83162 87255
87847 88755
89488 91654
92298 93391
Burkholderia_mallei_ATCC_10399_gi_254179252_ref_NZ_
1 984
Burkholderia_mallei_ATCC_10399_gi_254179244_ref_NZ_
1 616
Burkholderia_mallei_ATCC_10399_gi_254179229_ref_NZ_
1 1118
Burkholderia_mallei_ATCC_10399_gi_254179259_ref_NZ_
1 604
Burkholderia_mallei_ATCC_10399_gi_254175876_ref_NZ_
1 656
1171 4535
5303 5578
7168 9162
9771 11084
11537 15983
16712 17767
18530 19011
19820 20146
20781 21462
23264 30282
31069 32370
32890 34524
35260 35868
36418 37874
38512 40973
41517 41735
43553 45049
45769 51771
53002 55062
55572 56695
57332 59086
60072 62402
63933 64307
64940 65622
67246 71444
71997 72207
73093 73310
74390 74765
75266 77466
78708 79473
80039 81535
82179 82734
83380 83433
84346 89789
90337 90575
91473 91715
92299 93041
93951 94385
94997 95514
96197 96339
96836 97834
98533 98732
99398 211997
213888 217639
218396 218883
219468 220108
221706 224568
225257 225837
226589 228180
229054 230252
231652 236878
237513 238077
238796 241231
241809 242680
243341 244529
245740 246607
247132 247659
248308 249568
250105 250404
250908 250964
251825 253889
254505 254555
255512 255972
256478 257751
258643 260008
260634 261667
262434 262969
263909 266208
266719 267673
268698 270490
271351 272479
273000 274348
274882 276248
276763 279129
279664 280984
282364 282684
283367 284100
284701 285075
286207 288097
288754 291439
291990 292357
292976 296001
296723 298750
301945 303005
303533 305268
306409 306807
307540 308100
309297 310493
311407 311532
312261 312639
314633 316800
317564 318207
318755 319262
320217 320498
321006 322209
322807 322928
323512 326876
327482 327906
328404 330197
331415 331898
332805 333278
333839 337385
338725 339250
340174 342812
343333 350088
350765 353966
354685 357558
358418 359583
360300 361669
363539 368620
369174 377339
377842 377925
379341 379742
380427 384802
386051 389708
390446 397267
398136 400207
401564 401804
403304 403686
404341 404505
405473 406065
406672 408086
409294 412967
413680 415560
416093 416628
418748 418936
420411 421502
422182 431770
432588 436030
436692 437183
437729 440346
441016 449339
450243 452306
453483 454538
455302 462546
463389 466839
467380 468558
469215 469627
470329 470784
471373 474174
474727 476624
477251 477900
478495 479906
481060 481138
482179 482751
483536 486592
487181 487626
489172 491009
492093 492828
493566 493778
494743 499546
500111 503094
504286 504814
505440 510255
510808 512610
513137 514975
516891 517629
519061 523008
525874 526800
527472 530656
531497 532408
533121 540529
541459 546285
546808 547982
548488 549212
550275 551204
551804 552016
553119 553780
555100 555842
556921 557213
559103 562270
563518 564701
565530 566035
566612 567037
567909 568185
568727 570556
571194 573336
574820 575414
576868 586272
587024 589044
589698 591901
592916 593838
594404 598322
599175 602245
603744 605335
605974 607383
608295 608822
610066 610192
610907 613111
613655 615838
616535 616919
618043 619016
619840 620611
621121 624229
624793 624863
625395 628444
630112 630431
631397 632687
633421 633871
634491 635086
636036 639415
640598 647050
647903 656339
658237 658860
659836 660957
662222 663611
665550 666025
666569 667273
667796 672998
673604 674273
674916 675503
676219 678472
679028 684529
685050 687137
687730 689587
690835 691274
692053 692257
692774 694006
694520 695704
696254 700210
700845 702168
702717 702806
703613 704302
705664 707853
708740 711537
712078 713996
714968 715194
715716 717249
718817 720165
721164 721248
721794 722884
723448 728284
729248 732305
733048 734377
735776 738848
739737 739857
740575 742713
743821 744914
745566 748579
749372 750575
751087 753590
754321 754429
754989 758632
759979 762195
763102 763853
764710 764855
765809 765880
766548 766811
768267 769053
769985 770576
771157 772112
772831 776821
777648 782463
783485 786478
787020 787825
788250 789905
790498 792348
793080 797941
799092 800035
800636 804439
805104 805222
805796 810094
810938 811770
812313 818599
820399 820991
821683 827395
828286 828632
829490 832692
833547 835798
836395 836711
837333 838749
839273 841583
842435 844915
845559 846884
847547 849228
850588 852371
852899 855290
855804 856511
857075 859548
860870 861156
862097 862995
863653 863846
864840 875508
Burkholderia_mallei_ATCC_10399_gi_254177163_ref_NZ_
1 188
714 7064
7739 7839
8565 8677
9188 9288
9966 10181
11013 11643
12305 13522
14088 15615
16145 16594
17213 30264
30899 31650
32934 36506
37221 40103
40992 42321
42856 43972
44745 49447
50304 179603
180282 182586
183333 183625
185997 188973
190599 191603
192161 192412
193048 194772
195780 197923
198508 204560
205153 206046
206930 212106
213005 213738
214476 216183
217680 217951
218594 219135
219692 220914
221429 222959
223472 225926
226553 227468
228185 228632
229232 230735
231296 232286
232818 233954
234665 237326
238063 241750
242586 243556
244092 246300
246811 246969
247556 249295
250115 250275
251733 252834
253689 253765
254331 254855
255655 260275
261461 261642
262192 262636
263365 263520
264173 265752
266364 269838
270388 273435
274005 274354
274877 274987
275830 281187
282142 283911
284412 286095
286774 287382
288283 289459
290139 295982
297154 298621
299609 299929
300644 302672
303728 305336
306310 306526
307119 307241
307866 310744
311414 314073
315028 315104
315859 316554
317312 319716
320474 322600
323207 324330
324849 328797
330595 330764
331266 332007
332993 334430
335141 341558
Burkholderia_mallei_ATCC_10399_gi_254179270_ref_NZ_
1 824
Burkholderia_mallei_ATCC_10399_gi_254179038_ref_NZ_
1 213
2678 3260
3826 4090
4805 5256
6217 8328
9664 9955
10851 10908
13076 13149
13879 14751
15729 22220
22662 22791
23752 23869
24648 25734
26770 26993
28156 28853
29732 29834
30350 30748
31250 32366
33320 33923
34577 35543
36265 39418
39951 40426
41095 41283
42246 43907
44472 46806
47706 48075
48593 48970
49651 49851
50739 51388
52386 55360
56205 56496
57785 58187
60711 62152
62867 63060
63594 63995
64545 65710
66255 67985
69000 69112
69780 70109
70718 73702
74205 75046
Burkholderia_mallei_ATCC_10399_gi_254179257_ref_NZ_
1 986
Burkholderia_mallei_ATCC_10399_gi_254179248_ref_NZ_
1 990
Burkholderia_mallei_ATCC_10399_gi_254179275_ref_NZ_
1 1012
Burkholderia_mallei_ATCC_10399_gi_254179258_ref_NZ_
1 928
Burkholderia_mallei_ATCC_10399_gi_254179138_ref_NZ_
1 212
977 1222
2105 4297
5206 7234
8085 14249
15091 16427
17665 20556
21120 22415
23020 23948
24898 25957
26604 27308
29041 29573
30549 31781
32285 33652
34629 34876
35885 37553
38282 40130
41223 42005
42506 45447
46085 46176
46847 47907
48774 48840
49573 51019
51847 58534
60277 77452
77957 80175
80725 85290
85870 90659
Burkholderia_mallei_ATCC_10399_gi_254179261_ref_NZ_
1 1218
Burkholderia_mallei_ATCC_10399_gi_254179255_ref_NZ_
1 1371
Burkholderia_mallei_ATCC_10399_gi_254179256_ref_NZ_
1 536
Burkholderia_mallei_ATCC_10399_gi_254179231_ref_NZ_
1 1005
Burkholderia_mallei_ATCC_10399_gi_254179277_ref_NZ_
1 937
Burkholderia_mallei_ATCC_10399_gi_254179249_ref_NZ_
1 965
Burkholderia_mallei_ATCC_10399_gi_254179262_ref_NZ_
1 1067
Burkholderia_mallei_ATCC_10399_gi_254179254_ref_NZ_
1 524
Burkholderia_mallei_ATCC_10399_gi_254175322_ref_NZ_
1 2339
3346 11028
12526 14572
15194 16570
17087 18697
19322 19654
21290 27908
28490 31836
32490 33272
33784 35797
36342 36421
37065 40905
41597 42793
43713 44320
44861 46158
47003 47777
48434 48800
49575 55107
55629 56916
57689 57888
58685 60901
61471 62285
63300 64737
65418 67345
67946 68876
70640 73390
73970 75297
76161 76906
77677 84266
85814 86162
86781 88681
89616 90347
90850 91906
92410 101553
102071 104446
105054 105842
106528 108256
109426 109634
110170 110226
110884 111000
112119 113164
115248 115942
116531 116639
117265 119274
120018 123833
124486 127079
127759 128727
129836 130317
130841 137569
138089 138207
139971 141159
141999 143967
144561 147862
148820 152949
153460 155187
155737 156773
157536 158104
158786 158859
159458 160286
161665 162947
166125 168182
169492 170959
172210 172266
172823 174107
174767 175512
176360 176784
177720 183055
183690 184111
184666 185348
186979 191278
192050 192102
193036 193459
194127 194753
195823 195999
196679 198625
199837 202698
204240 204507
205067 207302
208373 212266
213246 215419
216150 217539
218407 223273
223911 225413
226870 227456
228091 228593
229733 229977
230540 230769
231972 232254
233445 234379
235040 237761
238326 238427
238940 240530
241053 241111
241887 242251
243050 249107
249797 250287
250818 253650
255838 257165
257718 261756
262348 264995
265544 267973
268689 269095
269717 270406
270984 271803
272600 273573
274135 275516
276551 276678
277956 279747
280772 282538
283200 283384
284807 285146
286043 286278
286782 289494
290390 290440
291239 315659
316422 317016
318044 318305
319288 319356
320249 324369
325098 326091
327532 331978
332603 335962
337203 338802
339493 339983
340486 344913
345965 350220
350950 352791
353380 354487
354996 355602
356668 362751
364078 364452
365111 369599
370271 370626
371319 373596
374331 376203
377510 377654
378200 380944
381584 381735
382425 384837
385342 386898
387656 389915
391690 392065
393968 394491
395236 395760
396383 396822
397539 399027
400003 401031
401787 407328
408269 410115
411060 413601
414295 414641
415157 415643
416163 417419
417940 422869
423665 426527
427074 428404
428994 429259
429919 429974
432160 436933
437528 440729
441543 443852
444676 444804
445331 445765
446319 446838
448390 449175
449686 450341
450985 452546
453193 453321
454430 454914
456180 457065
457727 461027
462524 462975
463833 468091
469678 469764
470286 470819
471359 476603
477557 478115
478749 479794
Burkholderia_mallei_ATCC_10399_gi_254179269_ref_NZ_
1 1060
Burkholderia_mallei_ATCC_10399_gi_254179247_ref_NZ_
1 1004
Burkholderia_mallei_ATCC_10399_gi_254179265_ref_NZ_
1 965
Burkholderia_mallei_ATCC_10399_gi_254179260_ref_NZ_
1 1036
Burkholderia_mallei_ATCC_10399_gi_254179237_ref_NZ_
1 993
Burkholderia_mallei_ATCC_10399_gi_254179245_ref_NZ_
1 369
Burkholderia_mallei_ATCC_10399_gi_254179279_ref_NZ_
1 6459
Burkholderia_mallei_ATCC_10399_gi_254179267_ref_NZ_
1 501
Burkholderia_mallei_ATCC_10399_gi_254179263_ref_NZ_
1 960
Burkholderia_mallei_ATCC_10399_gi_254179280_ref_NZ_
1 9457
Burkholderia_mallei_ATCC_10399_gi_254179240_ref_NZ_
1 1106
Burkholderia_mallei_ATCC_10399_gi_254179246_ref_NZ_
1 619
Burkholderia_mallei_ATCC_10399_gi_254179234_ref_NZ_
1 921
Burkholderia_mallei_ATCC_10399_gi_254174647_ref_NZ_
1 1107
1651 2561
4207 4782
5402 8127
9844 10684
11781 12193
13020 19918
20615 20710
21336 21723
22283 24060
25030 25976
27017 29076
29835 30249
30922 32960
33633 40257
40771 40970
42397 42817
43392 46976
48494 50443
52805 52960
53743 54882
55400 55688
56364 60521
61201 67285
68032 68593
69360 70762
71381 76182
77103 77299
78441 79293
79979 82231
82799 83543
84077 84894
85811 87658
88570 89220
89882 90040
90769 90855
91490 92333
92867 93795
94496 94950
95495 97497
99197 100464
101465 102996
103756 105540
106809 107300
107842 111237
113172 114507
115362 116975
117681 117940
118814 119642
120797 122189
122767 125998
126537 127878
128589 130842
131400 132170
133301 133748
134419 134864
135448 136112
136791 140223
140946 141441
141684 145692
146316 147881
149383 149838
150494 152560
152880 154717
155268 157945
159015 161344
161984 162233
163581 164000
164690 165020
167016 167147
168091 173047
173599 179027
180599 181265
182093 183094
183865 185617
186200 189911
190906 191616
192222 192312
193273 193400
193963 196970
197659 199742
201712 203453
204018 205983
206537 208734
209367 212178
212739 213178
214514 215409
216270 216387
217004 224686
225193 226029
226871 230323
230987 231093
231991 232994
234073 237222
237747 237951
239598 242423
242950 246174
247231 253136
253825 255981
256605 258376
259137 260330
261097 261263
261847 263154
264629 265075
266210 266818
267384 268248
268740 269757
270515 273686
274250 274526
275171 276204
276982 277677
279418 279743
280307 280909
281557 288332
288731 291342
293434 293505
294464 294617
295466 297053
298932 301960
302646 303786
304467 305938
306472 307931
308457 310055
310660 311130
311989 316187
316905 318215
318802 321231
321799 322569
323221 326450
327082 329041
329561 331027
331726 332846
333830 337071
337611 338574
340097 340892
341782 349758
350502 351508
353078 353482
354474 354922
356470 360788
361315 363705
364384 365859
366412 366653
367165 367820
368845 369216
369822 370989
371681 373164
373698 376770
377593 380318
381537 383262
384333 384415
385123 385879
386413 387051
388295 388678
389219 390791
391493 392997
393503 394088
394622 394802
396080 397597
398388 399196
399845 401644
402229 406165
406703 409121
409675 410937
411881 411954
413119 417235
418443 418991
420370 420742
421468 423411
423916 426318
427093 428011
429024 433965
434523 434660
435448 436752
437921 443579
444496 445445
446303 447073
447724 449277
449826 451022
451724 452692
453701 453998
454626 457706
458228 461054
461960 463859
465165 467399
468278 468565
469603 470928
471635 474037
475044 475534
477068 479626
480135 481396
481936 484648
485171 486742
487364 490314
491074 492723
493442 494315
494940 496880
497587 498297
498821 501428
502410 502824
503830 506643
507144 507374
507927 512391
513121 515040
515625 523972
524616 525853
526625 527466
528191 528899
529698 531748
532353 532772
533498 538622
539253 540366
541271 544162
544676 545644
546368 546989
547519 548428
549269 549728
550507 550701
551188 552288
552822 553126
553874 556452
557214 559014
559756 559819
560881 561287
561805 564406
565506 596154
597391 600140
600927 602371
603338 603528
605262 606150
607693 609037
609779 609941
610482 614034
614718 615251
616166 620609
621488 622362
622969 623147
625599 631075
632754 632816
633389 637012
637596 643972
644583 644974
645722 647012
647955 654161
654796 656956
657582 658670
659684 661029
661925 662293
662836 663843
664447 664584
665229 670901
671680 674556
675798 675865
678197 678576
679798 680654
681428 682954
683446 683966
684867 685219
686029 690530
691104 691371
693693 694040
694601 696908
697752 698654
699322 701405
702040 703590
704127 704317
705062 705842
706452 710518
712304 712917
713738 715155
715838 716121
716777 718386
718991 720198
720769 721740
Burkholderia_mallei_ATCC_10399_gi_254179251_ref_NZ_
1 923
Burkholderia_mallei_ATCC_10399_gi_254179266_ref_NZ_
1 1615
Burkholderia_mallei_ATCC_10399_gi_254177454_ref_NZ_
1 929
1491 8284
9252 9928
10746 11899
12484 13607
14125 15100
15610 16037
16559 16670
17452 18392
18939 22059
22919 23031
23532 23715
26014 27611
28462 30250
30804 33274
34877 42477
43047 43097
43713 46029
46556 46690
47347 47662
48218 52119
52735 53547
54214 56469
57348 67580
68317 70954
71471 72344
73478 75576
76203 76353
77252 77418
77951 80969
81740 89687
90515 92391
92987 93344
93958 97497
98192 100636
101470 106449
107084 109788
110421 112062
112615 114281
115778 116097
116642 117133
118816 119084
119659 120131
120701 123031
123616 126950
128545 130273
131340 131926
133785 135780
136462 137531
138544 140239
140813 141148
141710 142484
143717 145460
147127 147428
148042 149363
149936 150528
151651 154089
155686 156368
156920 157176
159211 159865
161133 162478
163414 167053
168111 169564
170113 170310
171284 172290
172879 175630
176154 177531
178631 178716
179462 179635
180430 183202
183889 186686
188081 190427
191159 191240
191781 192132
192833 193272
194974 198044
198845 199444
199990 201411
202150 202203
203062 205356
206169 207681
208706 212713
213386 214790
215394 216553
217360 220048
220602 220726
221333 222077
223109 228533
229308 233962
234488 237719
238891 242408
245448 248141
248684 250654
251194 253468
254147 255280
256697 259082
259841 260821
261477 262225
262856 263129
263676 264092
264896 267600
268163 268504
269035 269801
270436 271624
272253 278345
278994 283603
284472 284743
285537 287066
287635 288868
289400 290713
291566 291802
292927 294301
296116 297330
298294 307249
307842 309640
310146 310851
311433 312420
313155 313301
314192 314655
315233 316416
317021 329605
331053 336703
337483 338922
339466 340251
340849 341483
342386 342632
343218 346803
347329 347569
348300 348850
349465 350503
352556 354212
355369 355543
356600 356801
357321 357783
358381 358861
359739 360449
360996 362108
362698 362989
364119 368406
369971 370265
370966 371704
373023 373888
374473 381439
382083 384995
385666 386555
388006 388260
388910 389277
389846 390530
391060 391207
391992 392778
393295 394588
395118 395598
396483 397479
398263 399155
399697 403550
404072 404916
405732 406916
407511 408402
409214 413779
416465 416706
417644 418199
419503 420745
421294 422967
423585 427139
427648 427863
428532 429623
430587 432463
433117 433740
434530 441746
442499 443008
443727 446447
447052 447526
448766 449529
450056 450917
451552 452542
453408 454392
454995 457444
457959 459489
460165 461987
462726 464071
464903 465621
466391 467192
468616 470515
471179 473780
474656 475283
475983 478853
479377 481620
482347 486835
487757 492978
494044 499633
501412 503708
504396 505953
507033 508316
508905 509423
510279 510962
511608 511786
514493 514573
515453 517371
517933 520070
520864 521047
522878 523754
524275 527661
528936 528994
529612 531153
531771 532288
532995 533910
534601 535301
536712 538057
538636 539967
541133 541851
542553 542767
543574 544864
545524 547057
547693 550434
550945 552325
553259 554616
555124 558300
558942 559031
559628 561397
561994 562314
563570 563847
564496 567561
569299 570542
571148 574225
574770 575192
575892 578277
579470 582665
583334 586872
587501 592371
593103 593952
595148 597083
597958 598475
599033 599775
600553 600970
601774 605053
606453 609346
610076 610309
610864 613125
613736 615935
616523 617895
619775 619983
621054 623684
624570 626995
628473 628816
629966 630237
631042 632298
633179 633315
633950 636883
638187 638246
638886 643739
645033 645122
645879 648099
648783 648871
649544 651357
651950 654905
655587 655664
656262 657134
657713 659538
660386 660454
661576 663477
664594 665400
665912 667384
667886 669707
670210 670956
672103 679522
680196 682614
684072 687001
687874 690759
691413 693133
693824 694301
694953 696509
697059 697453
698295 700331
700888 701617
702203 704787
705747 705968
706513 707284
707788 709006
710320 710393
711319 716973
717511 721066
721639 722398
723168 723897
724490 724638
725289 725835
727187 729364
730020 730182
730710 734030
735468 740284
740996 741944
742512 745318
746632 749316
749878 751710
752371 753780
754333 755471
756213 756371
757139 757661
758192 758978
759860 761354
762080 764574
765432 766405
767155 776466
777852 778913
779740 781614
782295 784259
786886 789699
790699 792584
793198 793359
793931 794039
794580 798593
799237 799983
800679 801398
803471 803555
804496 804951
806556 808070
810019 813084
813649 814078
814806 821632
822582 823907
824558 827058
827932 829423
830151 830680
831626 832937
833456 842874
844080 845339
846061 847104
847656 848819
849365 849509
850198 850356
850986 851308
852522 853284
853928 854506
855146 855902
856596 862375
862979 863432
864107 866122
866739 868625
869584 872246
872789 876074
877335 877537
879394 880513
881339 883032
884215 884281
885449 886577
887179 889061
890857 891660
892394 893377
893879 894369
895179 896573
897328 898479
898994 899159
900840 901948
902847 904739
905304 905755
906713 910811
911387 914438
915204 922913
923487 927621
928409 928873
929462 930928
932186 934549
936064 936435
937460 938645
939733 941288
942278 942574
943322 943955
944652 947444
947950 948486
949092 949162
949890 952635
953170 954260
954791 955658
956208 965586
966186 971041
972223 975028
977116 978587
979189 979990
981537 981749
982290 984793
985327 987136
987926 991070
991860 994446
994959 996045
996910 998752
999313 999630
1000690 1001537
1002431 1002521
1003038 1004194
1004812 1009118
1009906 1010445
1011575 1014082
1014821 1017097
1017775 1018335
1020677 1024387
1025400 1030990
1031531 1038357
1039177 1041029
1041843 1042848
1043510 1043651
1044292 1044482
1046075 1047460
1048257 1053754
1054306 1057036
1058075 1063137
1063732 1064745
1065330 1066840
1067432 1070034
1070887 1078006
1079104 1086304
1086923 1087351
1088351 1095034
1095719 1096158
1096712 1096774
1097663 1098059
1098765 1099225
1099750 1101980
1102951 1104583
1105136 1106020
1106777 1111644
1112520 1113105
1113778 1113902
1114659 1118404
1118990 1119958
1120697 1123376
1123923 1125792
1126682 1133251
1134889 1139718
1140262 1147460
1148039 1150194
1150755 1151423
1152772 1155066
1155758 1157466
1158074 1159977
1160585 1163587
1164148 1164653
1165470 1167094
1167713 1171224
1172016 1174646
1175291 1178982
1179592 1179927
1180823 1181529
1182425 1182613
1183616 1185601
1186435 1187236
1187952 1188226
1188729 1189280
1189825 1190661
1191689 1192553
1193511 1198015
1198594 1199582
1200194 1200399
1201597 1204572
1205335 1206857
1207600 1209241
1210595 1214350
1214930 1219483
1220836 1223347
1224335 1225105
1225959 1226653
1227664 1229921
1230604 1233913
1234573 1235387
1236472 1237749
1238736 1242185
1242949 1243357
1244029 1245339
1248368 1249530
1250857 1250930
1251562 1253496
1254014 1255103
1255659 1259856
1260694 1261065
1262018 1264631
1265142 1265543
1266059 1266457
1267393 1267706
1268344 1276660
1277491 1279154
1279772 1284277
1284968 1285117
1285731 1285806
1286541 1292561
1293490 1294372
1294943 1295495
1296393 1298260
1298764 1300158
1300959 1304424
1305044 1305467
1306318 1308129
1308767 1309805
1310364 1311290
1311959 1313550
1314260 1316251
1317253 1317427
1318189 1318296
1318882 1319097
1320189 1320480
1321310 1321386
1322460 1322931
1323830 1324801
1325525 1326814
1327338 1329490
1330261 1333842
1334468 1337949
1339555 1340408
1341168 1341255
1342166 1344570
1345169 1349047
1349830 1350216
1350742 1351102
1351839 1352325
1353023 1353517
1354274 1355142
1355658 1356744
1357255 1358654
1359226 1360184
1360780 1362271
1362915 1363511
1364140 1366245
1366760 1367538
1368202 1376414
1377152 1379238
1379865 1381600
1382363 1384181
1385034 1385463
1385994 1392145
1393075 1395552
1396472 1396982
1397717 1398875
1399552 1399654
1401052 1401385
1402067 1402235
1402763 1407390
1408179 1408883
1409499 1413658
1414311 1414375
1415676 1416997
1417619 1417713
1418265 1425825
1426387 1426559
1427611 1431221
1432029 1434438
1435213 1445234
1445876 1446570
1448168 1449410
1450393 1450847
1451548 1451735
1452900 1453103
1454313 1455035
1456478 1457707
1458333 1459330
1460320 1460876
Burkholderia_mallei_ATCC_10399_gi_254176657_ref_NZ_
1 495
2674 6282
6846 8402
9116 10536
11175 11590
12130 14681
15540 15772
16348 18230
18733 23189
23988 24111
24661 27062
27768 27818
28550 28808
29754 36136
36664 37502
38581 38743
40008 41390
42445 44169
44738 46504
47261 49649
50208 53614
54166 55764
56360 59317
59931 62164
63024 64290
64891 69123
69858 70237
70973 72868
73521 74956
75606 75897
76793 78695
80135 81065
81601 88026
88770 90074
91176 93498
95244 95320
95871 96965
97468 98881
99663 99738
101573 105415
106073 106928
107552 114637
115696 115866
116975 122602
123370 124493
125243 127758
128262 130802
131343 134529
135753 135836
136913 137963
138827 139882
140414 142051
142563 145120
146331 149094
149610 150321
150832 153665
154314 154870
155381 156530
157041 157799
159319 161689
162231 165189
166014 169592
170236 172388
172913 174761
175723 178170
178938 179225
180462 183057
183971 184758
185292 185976
186895 187384
187992 189402
190012 190082
191055 191726
192516 197512
198994 199572
200220 204351
205240 207491
208308 213793
214381 215177
215995 216075
217203 218729
219411 219573
220112 222676
223667 223994
224524 224597
225438 226026
226976 228654
229493 230872
231715 233152
234503 235362
235872 235945
236688 237942
238539 239352
240963 241649
242276 244397
245013 247271
247785 247922
248616 248769
249278 250551
252334 252512
253194 255373
255936 257020
257618 259271
259839 260411
261021 261179
261794 262433
263825 264885
265556 265857
267276 267892
269185 271287
272006 273999
275214 276138
276853 277223
277794 277970
278569 280735
281478 282239
283149 285427
287028 288896
289638 290842
291449 293983
294516 294695
295317 303188
303800 304379
304973 306594
307615 310027
310531 312249
313793 314121
314626 314992
315514 315775
316501 322341
322906 323498
324338 324404
325469 327962
328935 329074
329608 329684
330295 335906
336488 337206
338611 340769
341723 342036
342753 343320
343999 349548
351084 351629
353536 359249
359880 361860
362986 366705
367274 369594
370101 371295
371957 372303
372836 375167
375679 375819
376411 377329
377930 379607
380896 384553
386651 387592
388521 393673
394296 398384
398975 399222
400103 401729
402652 405153
406064 408224
408934 410399
411315 413144
413837 415898
416857 417104
417965 418402
420308 420973
421546 422092
422631 424819
426701 427451
428005 428400
429260 433774
434763 435702
436338 436453
437013 442287
443195 454065
454720 457801
459529 459756
460528 464096
465214 465936
466533 467167
467850 468674
469280 474740
475466 475808
476493 478918
479840 479962
481542 484494
485911 488736
489975 491771
492436 493347
494161 494517
495038 504002
504629 504994
505630 510425
511728 514074
514598 515240
515763 515996
516557 519567
520382 520796
521414 521839
523379 523589
524234 524803
525623 528996
530001 531957
533409 533682
534291 534976
536163 536861
537683 538433
539106 539858
540455 544291
545179 548870
549830 550694
551471 554974
555342 556515
558127 561160
562239 562627
563384 566218
566851 567555
568608 571279
Burkholderia_mallei_ATCC_10399_gi_254179242_ref_NZ_
1 217
Burkholderia_mallei_ATCC_10399_gi_254179241_ref_NZ_
1 1008
Burkholderia_mallei_ATCC_10399_gi_254179278_ref_NZ_
1 897
Burkholderia_mallei_ATCC_10399_gi_254179253_ref_NZ_
1 1026
Burkholderia_mallei_ATCC_10399_gi_254179264_ref_NZ_
1 212
Burkholderia_mallei_ATCC_10399_gi_254173942_ref_NZ_
1 1659
2319 10179
10748 10856
12193 15389
15981 22863
23923 25875
26536 27664
28190 28492
29117 29379
30077 30255
31043 31584
32092 35493
36050 37979
38524 41268
41806 47662
48263 49661
50300 50555
51236 51679
53112 53558
54756 55310
56531 63165
64129 69879
70538 74060
75168 80702
82068 82306
82932 85007
85598 87249
88573 93155
93694 95238
95819 96109
96776 98322
98948 101947
102552 102657
103365 105618
106234 106386
107735 107989
108707 108909
109518 111202
112313 113098
114195 114404
114994 115249
115829 117847
118518 118577
119741 120339
121648 124774
125344 127888
128438 130493
131328 132204
132800 133176
135173 135583
136598 143567
Burkholderia_mallei_ATCC_10399_gi_254179239_ref_NZ_
1 1127
Burkholderia_mallei_ATCC_10399_gi_254174059_ref_NZ_
1 3339
3998 5150
5759 7092
7611 7764
9420 10428
10570 12424
13386 14369
14975 15348
16128 16808
17427 26743
27935 29081
29584 29973
31023 32547
33064 36279
36933 38466
38997 39397
39914 42976
43500 49387
50366 50849
51416 53336
55995 57552
58888 60303
60850 61505
62210 64934
65487 65918
66532 69777
70657 71338
72250 72637
73240 73400
76405 79220
80374 82021
82561 83516
84963 85891
86707 88566
90222 91872
92396 94642
95209 97493
98295 98914
100031 109996
111017 112107
113017 116999
117514 119514
120116 121648
122288 122518
123387 124468
124998 125606
126395 129960
130700 133301
135000 135343
135894 137903
138448 138897
139418 140366
141164 142163
142718 143416
144216 144806
145403 146520
147065 148180
149937 152285
153557 153622
154659 154776
155318 155643
156364 156814
157363 157890
158528 158851
159813 160658
161585 161812
162453 164676
165180 165990
167359 168939
169669 170937
171628 171961
173255 173453
174345 175093
175737 178708
180337 181425
181974 185812
186688 187626
188205 188516
190066 191557
192493 193586
194172 196219
196817 197090
197875 198647
201577 202182
202776 203004
204292 207118
207797 210888
211860 217674
218507 218947
219521 221095
222106 223113
223931 224455
225526 227094
228509 235810
236385 239835
240639 241324
241848 246314
247238 247924
250052 255617
256428 258392
259139 268910
269637 270878
271453 274879
275543 276713
277686 278982
279223 280732
280973 281386
281985 282116
282999 283098
283607 284527
285703 292030
293068 294812
295885 298079
299413 302156
302701 304239
305256 305419
306156 306892
307398 307840
308757 309136
310081 310482
311032 312188
313440 317126
317716 319493
320061 322345
323317 326393
328048 328368
329036 329859
330481 331553
332486 335695
336636 337334
338287 338721
339260 340404
340950 341786
342397 347426
348220 348309
350069 351307
351843 352792
353720 356366
357229 358153
359152 360657
361263 364982
366389 369977
371462 372125
372858 373893
375266 378972
379529 381802
382657 388966
389500 393854
395395 396411
396956 401544
402106 403875
404451 407404
408369 411977
412511 414746
415532 415639
416856 420993
421882 422029
422636 424069
424732 427409
428211 430384
431551 431891
432668 433812
434447 434719
435308 436179
436739 436933
438360 438759
439466 440734
441534 441632
442383 442611
443546 444555
445689 447427
448081 449194
449736 450302
451328 453196
453956 456432
456936 459789
461362 464468
465607 467039
467557 467964
469502 469585
470203 470370
470980 472319
473974 475076
475644 478494
479170 479567
480985 483614
484117 484866
485702 487190
487694 488410
489199 489413
490020 491872
492499 493729
494582 495063
495691 498443
499672 501456
502288 502798
503978 504465
505065 505716
506551 507740
508532 508743
509395 513309
514306 517176
517952 520219
520724 521772
523458 526690
527241 528744
530012 535541
536280 536959
537474 538756
539759 544722
546096 547012
547976 548140
548938 549643
550175 552979
554996 555232
555840 556167
557458 559520
561769 563601
564489 566657
567179 568964
569513 573092
573985 575237
576074 576655
577219 577679
578522 578683
579489 581217
581969 582799
585317 585507
586010 586454
587786 588488
589042 589144
590701 594183
594820 597404
598401 599116
600460 601053
601634 603608
604159 606369
608006 610870
611445 615035
615712 615806
616423 620971
621737 621821
622334 623256
623560 629634
630277 632552
634052 634970
636409 637869
639996 640347
640984 642559
643170 644412
645645 645806
646931 647120
648546 650176
650740 651280
651802 655981
657511 658314
659076 660958
661786 663083
663681 665379
666300 670321
671271 671490
672226 675047
675940 676026
676692 677432
678708 681559
682720 685060
686603 686902
687997 689553
690196 691434
693845 702721
703263 711199
Burkholderia_mallei_ATCC_10399_gi_254179271_ref_NZ_
1 561
Burkholderia_mallei_ATCC_10399_gi_254179243_ref_NZ_
1 375
Burkholderia_mallei_ATCC_10399_gi_254179233_ref_NZ_
1 960
Burkholderia_mallei_ATCC_10399_gi_254179236_ref_NZ_
1 914
Burkholderia_mallei_ATCC_10399_gi_254179274_ref_NZ_
1 1193
Burkholderia_mallei_ATCC_10399_gi_254179250_ref_NZ_
1 931
Burkholderia_mallei_ATCC_10399_gi_254179268_ref_NZ_
1 209
Burkholderia_mallei_ATCC_10399_gi_254179276_ref_NZ_
1 1252
Burkholderia_mallei_ATCC_10399_gi_254179238_ref_NZ_
1 906
Burkholderia_mallei_ATCC_10399_gi_254179272_ref_NZ_
1 918
Burkholderia_mallei_ATCC_10399_gi_254179273_ref_NZ_
1 983
Burkholderia_mallei_ATCC_10399_gi_254178742_ref_NZ_
1 9281
10914 11177
11940 14144
14727 14997
15582 21133
21870 22314
23629 25832
27721 28935
29565 33760
34293 34642
35215 37933
39213 39265
40697 40765
41326 42153
42833 44510
45227 47190
47846 51290
51948 52833
53655 53798
55343 56223
57308 57855
59052 59636
60849 61676
62183 63276
63896 71305
71904 72459
72993 73486
74889 75377
75892 79152
79865 81746
82248 82333
83192 84292
85154 87953
88548 88859
89395 89991
90278 91679
92705 97103
98072 100340
101347 103942
105761 106485
107217 107907
108689 109704
110236 111912
112590 113209
113950 117433
117955 120498
121397 123057
123577 127365
128186 130482
130985 131428
132081 132380
133073 133984
134621 134798
135380 140854
141604 142129
143584 146073
148770 149122
150331 152826
153429 155470
156620 157679
158402 160660
161452 163929
165694 166420
166972 172830
173809 178535
179455 179572
180899 181555
182310 184101
185211 186199
187810 190106
191583 191761
192486 192843
193567 194616
195249 196012
196895 197051
197576 197938
198466 201871
202577 202749
203373 203785
204633 207183
208573 208652
209617 212982
213971 215363
215898 216168
217405 217629
218141 223259
223813 226537
227782 229115
229826 235752
236259 236578
237457 238550
239973 240144
242301 242831
243339 244075
244603 245499
246141 246508
247634 248724
249529 251374
251997 252788
253372 255027
255798 256560
258433 258522
259259 263307
264644 265493
266227 267910
268984 270528
271069 271159
271862 273562
274513 274899
275535 276379
277094 278293
279085 279946
281790 282109
282921 283237
284213 286208
286724 289078
290149 295546
296056 297743
298275 299922
300862 303205
303724 306424
306936 312989
313582 314009
Burkholderia_mallei_ATCC_10399_gi_254179232_ref_NZ_
1 939
Burkholderia_mallei_ATCC_10399_gi_254179235_ref_NZ_
1 648
