Burkholderia_mallei_ATCC_10399_gi_254175791_ref_NZ_
1 1107
1789 6175
8083 8277
13704 14449
14956 16272
19135 19230
20248 20385
22963 23089
24770 25232
26171 26229
29146 29844
31084 31395
33362 33423
34067 34843
38037 38363
39081 39222
41960 42053
45005 45153
48353 49985
50609 50672
51398 51974
54714 55204
55872 56031
58417 58917
61539 62959
63518 64029
66323 66626
68589 70372
74441 74714
77631 78195
80943 81021
81527 81576
82199 82277
83183 83259
83408 83514
84524 86141
89524 91123
92738 93391
Burkholderia_mallei_ATCC_10399_gi_254179252_ref_NZ_
1 984
Burkholderia_mallei_ATCC_10399_gi_254179244_ref_NZ_
1 616
Burkholderia_mallei_ATCC_10399_gi_254179229_ref_NZ_
1 1118
Burkholderia_mallei_ATCC_10399_gi_254179259_ref_NZ_
1 604
Burkholderia_mallei_ATCC_10399_gi_254175876_ref_NZ_
1 86
1223 1640
2257 2328
3456 4042
5333 5564
8560 8783
11569 11714
12999 15307
19847 20036
21105 21440
23295 24763
25267 25415
27401 27837
29339 29490
32344 33869
36625 37852
39427 40177
41613 41733
45970 49207
50154 50900
54347 54671
56075 56616
57573 57992
60080 60527
61130 61904
69913 71437
73195 73301
79007 79101
80537 80698
84379 85180
86081 88431
88900 89467
91419 91491
92300 92856
94002 94382
99581 211997
213965 215207
215833 216465
217321 217637
219500 220032
221826 222183
223068 223528
226678 226903
227644 228014
229850 230220
231930 234640
237515 238070
238963 239446
240840 241211
241810 242628
243374 244131
247165 247362
249519 250177
255531 255916
256502 256709
258731 259816
260637 261545
263911 263972
265106 265654
268718 270121
271363 271463
272374 272465
273762 274303
274903 276166
276818 277382
279773 280126
287792 288019
289541 289606
290618 290747
297807 298706
303552 304018
304573 305868
307568 307627
309649 310104
311584 312441
314569 315929
317568 318046
318788 319597
320316 321382
321911 322021
325480 326508
328132 328822
329391 330175
333198 333276
334357 335453
336720 337186
340562 340874
342233 342446
344348 346101
346663 347522
348098 348455
349610 350053
350847 351524
352015 352461
352985 353087
355891 356680
359596 359665
363629 365306
365718 366383
367416 370029
370493 373482
374671 377328
379366 379682
381896 383194
386397 387524
388642 388707
389226 390539
392386 393370
395541 397245
398147 398298
401614 401686
405500 407706
409343 411688
415193 415460
418775 418849
425821 426022
429080 430194
433959 434230
435147 436007
436985 437124
439846 440306
440859 440943
441037 442577
443208 443808
444932 447909
450558 452072
457643 457767
459086 459156
459692 459942
461799 461959
464243 465879
467402 468532
469272 469510
471425 471912
472473 473102
473868 473946
475331 475441
483562 485004
485760 486054
487205 487592
489209 489390
489949 490113
490927 491007
492115 492649
494753 494834
495704 495937
496676 498023
499038 499496
500852 501671
504239 504645
505466 506164
506308 506944
507782 509857
511027 511499
512007 512435
513668 513808
517544 517624
519074 519222
519723 519895
520560 520728
521422 521830
526650 526706
527512 528105
528787 529521
531973 532034
533087 534581
534808 535139
535969 536080
536726 538234
541459 541652
542982 543855
545472 546236
546954 547823
548576 549101
550280 550675
551865 551994
555314 555822
559706 561502
563738 564173
565624 565681
566749 566904
570332 570465
571201 571498
573020 573326
574820 575414
577123 578254
579063 580022
581188 582727
583605 584490
587447 588635
589650 590323
590894 591230
593828 593997
595172 596305
597753 598297
599186 599999
601236 601334
602131 602215
604534 604640
606075 606199
606740 607023
608351 608781
612500 612571
613691 614115
615039 616890
617834 618722
619990 620311
621163 621767
621965 623227
623778 624147
625628 626018
627021 627283
627792 628442
630128 630309
631946 632675
636341 636567
637466 638108
638687 638861
642954 643993
645025 645773
646192 646242
646782 647028
648247 649509
650148 650855
652178 652924
653720 654191
655179 655336
655917 656330
658709 658830
659903 660699
662226 666025
666753 666971
668392 668478
669274 670748
671313 671668
672994 673618
676363 676989
678025 678278
679110 681967
682964 683887
685064 685568
688086 689559
693413 693469
695274 695467
696528 696776
697245 697706
700049 700403
700945 702118
705724 706137
707271 707532
708762 708980
710590 711508
712079 713468
715957 716734
718842 720138
721432 721780
723484 723934
724564 725773
727325 727405
727896 728268
729301 730958
732868 734068
736934 737219
738046 738708
740734 741269
741860 741971
744386 744865
746201 748482
749822 749903
751104 753220
754233 754429
755144 755233
756485 756557
757108 757556
758620 760947
764611 764819
766552 766684
770034 770211
772873 773008
773890 775979
777702 779055
779856 780733
783069 783479
784054 784400
785751 785863
787423 787809
789296 789626
790577 790796
791702 792202
793612 793929
795778 796111
799074 799981
800663 801456
805848 809296
811591 811647
812555 813358
813978 814686
817636 818109
820685 820945
821740 822324
824429 825755
826270 826493
829965 830908
831584 832652
835121 835783
836540 838229
839338 839680
840200 842984
843667 844881
846734 846863
849028 849116
850696 850803
852200 852328
853471 853966
854467 854530
855821 856199
857814 858572
861156 861215
862130 862480
863657 863842
864852 875508
Burkholderia_mallei_ATCC_10399_gi_254177163_ref_NZ_
1 152
2727 2787
4163 4803
6676 7059
10090 10154
12962 13326
15319 15433
17262 17831
18434 18897
19569 20476
21289 21709
23993 24244
24755 25351
25869 27688
28818 28887
30200 30254
31112 31643
32949 33116
33668 34430
35623 35783
41254 42019
43488 43604
44946 45442
45983 48863
50326 179245
180305 180579
181256 182038
183394 185760
186539 186904
188859 188944
189520 189619
193290 193624
194303 194644
198557 201147
202003 202432
204057 204232
205645 205967
207869 208208
209288 210564
211565 212027
213079 215042
216155 216986
219698 220018
220910 221815
222805 222872
223496 223619
226571 227378
228208 228543
229783 230670
231945 232221
232883 233083
233335 233539
234667 236867
238192 239477
239965 240887
242463 244941
248126 248273
254749 257156
259164 259597
263430 263504
264175 264857
265573 265743
266408 266921
267965 269565
270388 270655
271493 271764
272756 273078
273355 273405
274646 274978
276248 277860
278465 280874
282437 283905
285589 285782
288313 289569
290204 292697
293344 293936
295611 295825
298278 298605
300687 300990
303767 307182
310136 310811
311455 311709
312458 313752
317423 317502
318171 318412
320937 323164
324106 324838
325595 328770
331911 331981
333020 333123
333370 334366
335713 336998
339585 341558
Burkholderia_mallei_ATCC_10399_gi_254179270_ref_NZ_
1 824
Burkholderia_mallei_ATCC_10399_gi_254179038_ref_NZ_
1 163
3826 4072
6251 7854
12015 13112
13681 14655
15880 16087
16896 17071
17455 18152
18704 19231
19873 20314
21800 21874
22662 22791
24788 25211
31735 32162
34664 35427
36833 37283
37995 38406
44521 44641
47933 48030
49233 49664
52916 53127
53856 53925
61092 61521
62082 62144
62893 63035
67750 67818
71214 71967
73465 73680
74232 75046
Burkholderia_mallei_ATCC_10399_gi_254179257_ref_NZ_
1 986
Burkholderia_mallei_ATCC_10399_gi_254179248_ref_NZ_
1 990
Burkholderia_mallei_ATCC_10399_gi_254179275_ref_NZ_
1 1012
Burkholderia_mallei_ATCC_10399_gi_254179258_ref_NZ_
1 928
Burkholderia_mallei_ATCC_10399_gi_254179138_ref_NZ_
1 73
834 1596
2259 2716
3170 3916
8548 8705
10240 13288
15115 15631
19613 20555
23067 23150
23672 23898
25021 25358
26770 27287
30818 31144
34645 34869
35969 37512
38328 38594
38843 39347
39954 40104
41637 41876
43491 43744
44442 45392
46885 47781
49607 49995
52861 53059
54489 57610
60285 75397
76438 77203
78039 79209
79814 80087
80957 81461
82728 83089
84819 85249
85932 86476
87927 88174
88887 89398
90085 90659
Burkholderia_mallei_ATCC_10399_gi_254179261_ref_NZ_
1 1218
Burkholderia_mallei_ATCC_10399_gi_254179255_ref_NZ_
1 1371
Burkholderia_mallei_ATCC_10399_gi_254179256_ref_NZ_
1 536
Burkholderia_mallei_ATCC_10399_gi_254179231_ref_NZ_
1 1005
Burkholderia_mallei_ATCC_10399_gi_254179277_ref_NZ_
1 937
Burkholderia_mallei_ATCC_10399_gi_254179249_ref_NZ_
1 965
Burkholderia_mallei_ATCC_10399_gi_254179262_ref_NZ_
1 1067
Burkholderia_mallei_ATCC_10399_gi_254179254_ref_NZ_
1 524
Burkholderia_mallei_ATCC_10399_gi_254175322_ref_NZ_
1 2294
4526 5927
6602 9565
14265 14437
15858 16513
21007 21470
22853 23767
25033 25134
25636 27156
28918 30415
30931 31835
32646 33269
34298 34974
42191 42686
44002 44192
47055 47175
49813 55078
57745 57794
60151 60237
61339 61873
63749 64731
66964 67332
70672 71283
71530 73085
74200 75188
76466 76648
78480 78585
80122 82179
83583 84220
87319 88014
91673 91746
93425 94130
94651 95389
95924 96098
97359 98595
100255 101551
102101 102196
105161 105822
106614 106751
107617 107993
110800 110957
111819 112165
115288 115490
115968 116535
117602 117987
121142 122978
125628 126043
127794 128367
129865 130304
130961 131315
133636 134280
135763 136430
137277 137517
140353 140882
142775 143132
143831 144571
145798 146756
148946 149217
149842 150095
151237 152103
152320 152401
154584 155579
157563 157661
159509 160236
167446 167958
169571 170855
172861 172931
173507 173993
174655 175488
176645 178514
179709 179844
180289 183032
183717 184080
186751 187016
188149 188652
189157 189206
189715 189833
193337 193447
194426 194655
197349 198549
199900 200309
201099 201355
201901 202186
204281 204418
205222 208894
209568 209937
210542 211084
211716 211921
212288 213331
215332 215391
216153 216305
217280 217521
219486 220323
221207 221657
223150 224791
228448 230498
232036 232223
235640 235720
236474 237462
239355 239409
239914 241067
244443 245249
245827 245919
246528 247558
248070 248453
249800 250286
250830 251234
251750 252061
255979 256029
256985 257165
258867 259004
259538 260659
262560 264938
267038 267306
269750 270396
271478 271527
272900 273211
274885 275466
277976 278967
281014 281237
282008 282308
284856 284977
286797 286945
287180 288419
288624 288985
291646 312250
314608 315144
316669 316988
321508 321919
322572 323239
328560 328734
329737 331622
332903 333393
335062 335280
335829 335920
337677 338778
339505 339820
340492 341194
343274 343362
344008 344870
346101 346305
347433 347872
349196 350166
351537 352587
357150 357469
359400 361023
361554 361650
365401 365822
366789 367545
369263 369488
371551 372087
374069 374430
375087 375639
378251 378357
378708 378892
383242 383388
384483 384735
385400 385467
386162 386701
387681 388281
388882 389830
395332 395734
396406 396672
397576 397967
400033 400116
400911 400983
404255 404421
405836 406263
406550 406630
409543 410078
411266 413578
414329 414629
416811 417419
419405 419473
420096 420304
420845 424146
424690 426451
427086 427362
432206 435182
435683 436113
437716 437978
439103 440706
441792 442186
443280 443701
444712 444784
445348 445400
449717 450330
450996 451072
452476 452539
453216 453265
454560 454909
456499 456916
458083 458610
462567 462806
463921 464170
465172 465329
466275 468053
471375 471788
473949 474347
475855 477043
477839 478055
478763 479043
479611 479794
Burkholderia_mallei_ATCC_10399_gi_254179269_ref_NZ_
1 1060
Burkholderia_mallei_ATCC_10399_gi_254179247_ref_NZ_
1 1004
Burkholderia_mallei_ATCC_10399_gi_254179265_ref_NZ_
1 965
Burkholderia_mallei_ATCC_10399_gi_254179260_ref_NZ_
1 1036
Burkholderia_mallei_ATCC_10399_gi_254179237_ref_NZ_
1 993
Burkholderia_mallei_ATCC_10399_gi_254179245_ref_NZ_
1 877
Burkholderia_mallei_ATCC_10399_gi_254179279_ref_NZ_
1 6459
Burkholderia_mallei_ATCC_10399_gi_254179267_ref_NZ_
1 501
Burkholderia_mallei_ATCC_10399_gi_254179263_ref_NZ_
1 960
Burkholderia_mallei_ATCC_10399_gi_254179280_ref_NZ_
1 9457
Burkholderia_mallei_ATCC_10399_gi_254179240_ref_NZ_
1 1106
Burkholderia_mallei_ATCC_10399_gi_254179246_ref_NZ_
1 619
Burkholderia_mallei_ATCC_10399_gi_254179234_ref_NZ_
1 921
Burkholderia_mallei_ATCC_10399_gi_254174647_ref_NZ_
1 1094
1963 2865
6512 7643
11781 11968
14225 14944
15541 16270
17309 18745
22760 23231
27040 29056
30979 31487
33647 34169
34793 34950
36100 37216
39432 39859
43366 43572
44522 44713
45449 45867
46882 46957
49953 50403
52806 54904
55429 55803
56589 58099
58702 60395
61582 63604
63926 64328
65055 65477
68032 68496
69379 70253
74411 76122
77106 77266
79230 80264
81805 82989
84129 84856
85787 86353
88463 88647
91995 92225
92973 93073
99884 100446
104034 105220
107205 107270
107795 108045
108574 110725
113196 113465
116458 116940
117778 117921
118845 119603
121506 123134
124217 124512
126813 130840
131517 131822
136800 137546
138067 140203
141075 142857
143978 144122
145062 145142
146716 147161
152334 152405
153214 153759
156480 157234
159843 160023
166959 167145
168100 168765
170546 171466
173603 174050
174618 176406
177269 177732
178277 178742
182341 182830
183811 183971
184885 185037
186511 187859
189649 189910
190990 191567
192222 192722
193364 194829
195345 196953
198979 199156
201930 203428
204043 205849
206653 206920
207640 208116
209745 212156
212747 213165
214523 215393
219025 220020
221345 223053
223693 225609
229335 229401
229955 230235
232197 232379
234094 235129
235869 236164
239678 240020
240958 241904
243427 243992
244510 245656
247412 247469
248866 250149
253865 255965
257311 257740
261865 261939
262721 263115
267485 267916
269091 269429
270517 272364
275197 275937
277017 277621
280416 280900
281561 282161
286495 286563
287376 288209
289629 291320
295481 295771
298985 300590
300756 301560
302661 303752
305117 305233
305787 305893
307085 307859
308416 308990
312321 312461
313610 315356
315828 316138
316937 318186
319636 320403
320982 321191
321887 322526
325298 325445
327350 328145
328669 328841
329792 329904
332775 333858
334646 334780
338115 338524
340784 340859
341919 343904
346169 346499
347800 347953
348641 349169
350517 351411
354505 354606
357383 358955
359472 359681
362815 362908
364826 364975
366435 366613
367253 369196
369858 369956
371764 372436
374173 374291
374954 375073
375645 376738
379127 379472
379973 380277
386415 387030
388456 388647
389313 389773
390265 390376
391614 392495
393988 394063
398453 398612
400738 401285
402047 402822
403874 404291
406777 408227
411926 412128
414454 414601
415741 416154
417044 417194
421653 423368
425291 425458
429391 430824
432790 433954
437943 438456
438959 439041
440993 441322
442229 442960
444496 445371
446303 446698
448852 448953
454940 455374
456661 458385
458554 459000
460302 460682
462641 463041
465290 467364
468278 468532
470188 471624
472840 473730
477099 477163
477315 477695
478730 479109
480413 480932
482597 484071
485612 485849
487346 487558
488755 488904
495721 495948
496400 498146
498872 499249
504932 505063
508292 508933
514072 514381
515787 517086
518200 518586
519142 519972
520890 520956
521910 522169
522762 523936
525464 525570
526726 527008
527984 528714
530107 530567
531678 532122
533661 536558
537718 538608
539269 541078
542229 542644
546368 546805
547332 547633
549301 549649
551942 552057
554334 554456
555161 555819
558837 559256
562117 563079
565578 596110
598670 599318
600984 601074
603385 603501
606688 608930
610559 611544
612663 613385
616979 617211
618541 618970
619640 620162
625631 626671
628228 629010
629275 629541
630037 630852
634279 635174
635771 635978
637610 637926
639511 640770
641959 642197
643129 643467
646015 646536
648120 648854
649387 649473
649765 653150
654033 654139
654989 655113
655620 656369
657886 658167
658509 658648
660683 660993
661939 662781
664593 665389
668594 669309
672494 673547
678200 680030
681783 682816
689469 690521
694968 695114
697760 698619
699341 699799
701116 701401
702090 702801
705131 705329
706385 707636
708244 708398
713760 715111
718991 720211
721094 721740
Burkholderia_mallei_ATCC_10399_gi_254179251_ref_NZ_
1 923
Burkholderia_mallei_ATCC_10399_gi_254179266_ref_NZ_
1 1615
Burkholderia_mallei_ATCC_10399_gi_254177454_ref_NZ_
1 604
1582 2002
3583 4285
5209 5267
5887 7183
7746 8244
11764 11886
12569 13082
14165 15083
19019 19240
22605 23431
26512 26618
27103 27170
28473 29012
29614 29768
32315 32584
33246 33311
36574 36710
39705 40176
44503 45119
45491 46001
46556 46690
47402 47601
48993 49554
50218 50343
50935 51027
57454 59141
59298 59499
60125 61880
63700 66890
70674 70742
74056 75519
78000 80192
81743 82121
82606 82665
83425 84653
85209 85398
85810 87142
89271 90552
95185 95982
97020 97470
98293 98742
99419 100398
101539 101836
102214 103202
105014 106040
107513 108771
110431 110859
113557 114204
115909 116017
116645 118955
120696 120932
122312 123013
123683 123951
128683 128743
131581 131681
133987 134043
134693 135773
136666 137332
138120 139370
142044 142451
143772 144447
148154 149363
150441 150519
151685 151911
152697 153476
154005 154089
155586 156135
159178 159297
163454 166417
168148 169197
171181 171785
173605 173954
174867 175005
179485 179595
181368 184279
185084 186615
189492 189688
197399 197464
198856 199070
200013 200378
201002 201667
203101 203402
206199 206392
207161 207681
208713 210184
211336 211688
212050 212172
214045 214257
216061 216498
218559 220025
220614 220706
221496 221578
223147 223986
225190 225631
227273 227327
228256 228505
229317 229818
230863 230942
232454 233796
234502 234712
235596 235753
237281 237688
238929 238981
239764 240419
240979 241734
245906 246203
246365 248806
251196 253411
254209 254472
256720 258123
258940 259057
260122 260542
261768 262089
262884 263977
264954 266691
269544 269671
270529 271346
273967 274411
275370 275440
276197 276568
279237 279983
282720 282903
284654 284748
286556 286985
290365 290703
291589 291681
292949 293494
294051 294261
296991 297279
298723 299567
300196 300275
300814 301434
302859 304473
316185 316320
317414 317856
320361 320519
321317 323081
323837 325675
327403 328528
329163 331555
332113 332694
335445 335748
340095 340284
341052 341234
342948 343915
345700 346720
348333 348563
349518 349771
352739 354036
357370 357499
358491 358609
364509 366689
371588 371694
373201 373863
378479 379700
380456 381092
384868 388225
392074 392292
395165 395303
396529 396624
398679 399138
401273 401959
403210 403548
404102 404175
404739 404894
406161 406693
410658 410825
413023 413472
416477 416695
419470 420053
421344 421806
422463 422840
425527 425668
429191 429540
430737 431796
433169 433713
435775 435831
436561 436652
437179 439972
440685 441713
443961 444808
449213 449488
450662 450886
451591 451935
455003 455292
458014 458987
460675 461082
462823 463069
463604 463922
465198 465415
472056 473372
474726 474882
477076 478411
479403 479568
480154 481320
482712 482912
484312 484798
485302 485410
486567 486775
489111 489287
490017 491709
492238 492422
494041 494940
496503 496745
497571 497714
498303 498753
502132 503406
505423 505794
507302 509340
517951 520295
520753 520870
522951 523689
525231 525770
526726 527470
530020 530531
531798 531889
535106 535197
537486 537918
538623 539901
543683 543756
544422 544818
546654 546966
547675 549026
553651 554166
555620 556379
557361 558234
559661 560085
564920 565158
569713 570521
571230 572540
573376 573527
574801 574930
575915 577725
581742 581791
582418 582581
584840 586853
587558 587733
588500 591604
593152 593912
599426 599497
602098 602668
608440 608803
609327 609388
611175 613125
614389 615555
624908 625051
628538 628596
630160 630210
631770 631834
633006 633294
635927 635982
636480 636866
639562 643709
647188 647358
650327 651286
653183 653694
654349 654605
656455 656854
657713 659007
661560 661756
662874 663120
665313 665381
665986 666749
667904 668660
669279 669676
670683 670935
673899 674397
675867 679019
679528 679681
682404 682613
684687 686343
687907 690827
692412 692540
697100 697335
698562 700140
702478 703786
704469 704727
711383 711496
712042 712137
712864 713039
713651 716077
718820 719480
720695 721010
724521 724617
727231 729323
730952 731247
732245 734123
735498 735754
736756 736829
737143 738596
739330 740278
741073 741593
742966 743269
744143 744503
747001 747093
747929 748734
749992 750792
751334 751696
752394 752762
753072 754909
758432 759219
759900 760218
762103 762393
763697 764525
767101 776037
777857 778381
780069 781598
782299 782510
783622 784136
787090 787517
789173 789690
790221 790729
792090 792459
795681 796041
797559 799712
804523 804888
806559 807090
810188 812298
812851 813061
813727 813985
814808 815144
817087 818160
819500 822875
824766 825118
825635 826306
828014 828592
828809 829068
830167 830223
831707 832105
833882 834928
835589 835850
839446 839896
840614 841863
842273 842848
844119 845303
847707 848176
848748 853270
855668 855865
860573 861098
865559 866067
867316 867538
868539 868595
869588 871866
872827 873885
875117 876035
879006 879107
880228 880480
881859 882584
885526 885940
887215 889039
892501 893173
893886 894060
897355 897641
903430 903664
905549 905721
907317 907903
908418 908840
911780 911897
912409 912537
914135 914321
915301 915412
916245 916966
918112 919400
920560 922631
924053 926199
930537 930903
932463 933095
933193 933545
937469 937646
938213 938652
939834 939903
943339 943926
947827 948365
949904 951310
952190 952442
953648 954327
954860 955650
956310 957110
959549 959837
961530 961615
962231 963891
966617 969029
970298 970386
972411 974347
977141 977228
978128 979342
981682 983515
984173 984393
985363 985756
993644 993758
995500 996165
996947 997010
997537 997594
998698 998750
999344 999575
1001144 1001517
1003628 1003697
1006937 1007966
1008721 1008941
1009933 1010417
1012131 1012228
1013854 1014084
1016544 1016955
1017807 1018147
1023012 1023288
1025887 1026431
1027938 1030408
1031477 1031796
1032845 1033034
1033540 1033861
1034398 1036028
1036665 1037194
1040070 1040468
1041841 1042134
1046084 1047418
1048650 1050574
1053008 1053251
1054317 1055323
1058425 1058818
1061389 1061643
1066205 1066630
1067547 1069878
1072300 1072457
1074372 1074945
1075789 1075862
1079122 1079176
1080241 1081033
1081616 1081731
1083454 1083837
1084342 1084470
1084996 1085186
1085864 1086125
1086982 1087187
1089064 1089142
1089891 1091438
1091845 1091908
1094415 1095011
1095750 1096136
1100179 1100616
1101379 1102262
1103548 1104472
1107155 1108485
1109363 1109907
1110662 1111154
1114773 1116589
1116768 1117560
1119567 1119956
1125204 1126711
1129309 1130057
1130727 1131015
1133923 1134029
1135845 1138091
1139407 1139537
1140119 1142957
1143438 1147421
1149197 1149354
1149960 1150141
1150848 1150962
1153233 1154595
1157354 1157427
1158397 1159698
1160765 1160957
1161937 1162101
1162638 1162989
1163526 1163575
1165936 1167089
1168322 1169391
1170425 1170794
1174540 1174626
1175560 1175852
1177740 1177959
1181074 1181493
1184062 1184147
1184889 1185618
1186837 1186983
1189935 1190403
1195078 1195482
1197210 1198645
1199368 1199450
1202216 1202780
1203800 1204308
1205363 1205566
1206120 1206774
1208714 1208917
1211070 1212207
1213018 1214343
1215920 1216451
1216745 1217136
1218678 1219265
1220874 1221093
1223209 1223347
1228900 1229687
1230323 1230775
1231881 1233370
1235217 1235570
1237758 1238108
1238755 1239820
1240333 1241126
1244069 1244392
1248966 1249485
1250862 1250923
1252734 1252822
1253580 1254007
1255822 1256425
1257158 1257772
1258308 1258715
1259235 1259808
1260734 1261052
1262005 1262101
1262457 1262870
1263390 1264610
1265163 1265498
1266082 1266430
1267458 1267654
1268485 1273405
1273943 1274446
1274968 1275130
1278095 1278660
1280060 1280395
1281115 1281178
1281935 1282324
1283382 1284094
1286938 1289620
1290307 1291539
1294984 1295313
1296405 1297130
1298793 1299640
1302488 1304169
1305051 1305459
1306355 1308031
1309290 1309770
1310311 1310403
1312020 1312072
1312670 1313261
1314279 1314337
1314907 1315439
1317072 1317337
1318901 1319085
1320365 1320470
1326289 1326498
1327641 1328594
1329186 1329476
1331124 1331179
1331790 1332077
1335386 1335688
1337391 1337505
1339598 1339969
1342526 1342819
1343384 1343925
1346246 1348176
1348795 1349064
1349847 1351071
1351708 1351814
1352200 1352260
1354277 1354725
1356305 1356690
1357291 1357796
1359257 1359370
1359685 1359936
1361581 1362261
1363209 1365747
1367445 1367744
1369070 1371445
1372329 1372515
1372895 1375327
1379880 1381550
1385094 1386454
1387156 1387442
1388657 1389014
1389557 1389636
1390390 1390621
1391687 1392084
1395035 1395524
1397735 1398336
1399579 1399631
1401082 1401328
1402083 1402140
1403751 1403895
1404545 1406020
1407226 1407330
1408301 1408786
1412451 1412639
1413186 1413632
1416724 1416813
1418398 1418862
1419348 1420416
1421600 1421856
1422746 1422916
1423667 1423900
1427767 1431099
1432733 1433934
1435221 1435776
1436480 1437793
1438418 1440936
1442089 1443116
1443931 1444350
1444695 1445050
1446096 1446455
1448264 1448642
1449294 1449403
1451563 1451735
1453606 1454353
1457258 1457673
1458361 1459330
1460544 1460876
Burkholderia_mallei_ATCC_10399_gi_254176657_ref_NZ_
1 481
597 3837
4781 6251
6908 7248
9139 9254
9976 10504
13176 14681
15314 15755
17381 17540
18752 22591
26767 27053
27753 27813
28575 29142
29808 30118
31363 32997
33698 35790
36670 36955
37436 37485
42461 43534
45310 45742
47312 47361
48572 48769
49309 49689
50830 51614
51897 52865
55435 55650
56599 56714
58588 58643
63097 63520
64190 64319
64952 66175
66710 69115
69980 70211
71004 71452
72514 72860
75741 75857
76804 77038
78687 79431
80167 80565
82485 85459
87519 87994
89148 89407
92282 92350
93029 93379
95876 96299
98066 98839
102915 103142
106103 106509
107971 108483
110153 110711
112436 114612
116709 116920
117506 117845
119048 119342
119890 121851
123741 124181
125369 125778
126693 127733
128662 131356
131866 132815
134360 134437
137107 137712
140453 141110
142565 142655
143742 143945
144660 144899
146496 147589
148955 149005
150837 151290
151886 152917
153299 153651
155394 156441
157080 157770
159975 160614
161352 161689
162931 163470
164912 165141
166043 167571
169874 172006
173640 174455
176402 176826
177834 178102
180795 181451
182984 183042
183999 184714
185322 185962
187034 189121
191140 191668
193114 194786
195515 199537
200896 203639
206223 206303
206808 207126
208316 208723
209530 210509
211077 212155
217595 217782
221555 221817
222079 222558
225826 225957
228349 228552
229510 230059
230655 230947
231742 233152
234538 235939
236464 236708
237196 237809
240984 241316
243804 244352
249278 250901
252364 252446
253234 254588
255338 255595
256118 256327
258528 258704
263891 265709
269683 271235
272138 272412
273967 274052
275603 275752
276866 277177
279052 279391
279880 279953
281526 282239
283569 284034
284833 285257
287054 287459
290736 290806
291469 293960
296821 297406
298010 298065
299001 300349
300997 301067
301568 301642
302180 303119
304280 304361
307615 308116
308579 309333
311740 312223
313850 314107
318236 318553
320086 320502
321098 321675
323062 323441
327202 327575
328797 328994
332501 334207
335242 335902
339168 340089
340595 340745
341694 342608
344007 344151
344811 345171
345704 348109
354028 355493
357376 358349
359115 359236
360019 360791
364442 364945
365914 366274
367409 367474
368037 370179
370737 371212
372991 373154
378912 379494
380931 381026
386663 386903
388521 388936
389426 389816
390866 391414
392136 392595
393380 393631
394316 394578
396874 398352
398983 399183
400155 401400
402684 403273
404351 404483
406064 408214
411469 411671
414176 415876
421578 422035
423120 423495
430657 430929
432768 433667
437309 439035
439605 440659
440919 441932
443686 443769
444262 444930
445837 446103
446890 447246
448040 448281
448405 449037
449688 450782
451761 452970
455497 456749
457063 457747
458855 459738
460483 460850
461693 463249
465836 465885
466966 467102
468173 468559
470332 470501
473619 474406
477758 478878
481034 481632
482741 484487
485914 486080
490107 490415
492470 492614
499610 499759
500737 502037
502608 503290
504637 505148
505794 505953
506474 506942
507212 507484
507779 507916
509144 509228
510277 510335
510875 511069
511783 511919
513068 513434
515974 518065
523422 523574
525706 525875
526729 526787
527348 528322
528808 528871
530025 530721
531582 531828
533537 533659
536516 538064
540568 541207
543466 543854
545185 546155
548087 548147
548570 550153
552786 554021
555365 556492
562980 563542
564168 564654
569160 569728
570926 571279
Burkholderia_mallei_ATCC_10399_gi_254179242_ref_NZ_
1 217
Burkholderia_mallei_ATCC_10399_gi_254179241_ref_NZ_
1 1008
Burkholderia_mallei_ATCC_10399_gi_254179278_ref_NZ_
1 897
Burkholderia_mallei_ATCC_10399_gi_254179253_ref_NZ_
1 1026
Burkholderia_mallei_ATCC_10399_gi_254179264_ref_NZ_
1 212
Burkholderia_mallei_ATCC_10399_gi_254173942_ref_NZ_
1 1642
2733 5058
7064 8274
8733 8816
9422 9769
10769 10852
12240 15263
17188 17562
19608 20394
20946 22832
24168 24562
25418 25618
30080 30245
32487 33134
34625 34705
35988 36051
37448 37618
38986 39679
40343 40425
42375 42671
43897 45168
45731 46558
48836 49047
57615 60699
62087 63117
64130 65289
67147 67249
68411 68629
69617 69693
72516 72797
73419 74036
77015 77792
80258 80676
84649 84994
85679 86110
90585 90952
92064 92430
93113 94117
95751 97542
98140 98290
101678 101743
103420 104910
106237 106383
108726 108789
115032 116221
119844 120215
122157 122616
126234 127236
127552 127834
128470 128649
129950 130452
134166 138182
139032 139277
139940 140407
140966 141164
141815 143567
Burkholderia_mallei_ATCC_10399_gi_254179239_ref_NZ_
1 1127
Burkholderia_mallei_ATCC_10399_gi_254174059_ref_NZ_
1 1737
2822 3076
4179 4977
5759 7092
7629 7721
9693 10417
10626 12301
13978 14320
16383 16764
19505 25249
25949 26442
28000 28334
31549 32519
37656 37731
38298 38454
40266 41199
41770 42051
44797 44849
45355 45632
46630 47123
48068 48341
49990 50426
51973 52334
56013 57513
59132 61477
63684 64571
66617 66705
67809 68072
68584 69461
69670 69770
70711 71305
73328 78183
78937 78987
80403 80537
81785 82624
85875 86143
86808 87836
93148 94374
96484 97874
98532 98880
100226 100347
101236 101316
102627 102956
103826 104394
107804 108378
109004 109283
113023 113415
114450 114759
117521 119197
120070 120411
120957 121246
122353 122445
123587 124000
125020 125504
126172 129448
130702 131541
132047 132127
136138 137152
140226 140340
141604 142113
142765 143173
144264 144331
146337 146663
147528 148148
150391 150891
157391 157594
161535 161743
162310 162610
165668 165724
167412 167997
169781 170031
170709 170893
176866 177341
180262 180313
182257 184702
186721 187347
190760 191238
192538 192867
197888 198007
201577 201964
206262 207070
209241 209314
209993 210277
212171 212297
213752 213909
215017 216421
216673 216904
218572 218882
220954 221021
222648 222932
223956 224027
225739 225855
228791 230204
230822 231078
231674 232014
232789 233320
233979 234224
234938 235006
237347 237441
237919 238089
239351 240092
241873 241948
242561 243312
245369 250060
250575 251364
251980 252127
253006 253834
254371 254553
255493 255609
256449 257525
258058 258379
260336 261223
262048 262938
263975 264700
266403 266845
267111 267908
268500 268879
270316 270793
271657 271812
273313 273630
273765 273936
275630 276043
277797 278112
279570 280215
281235 281648
282025 282954
283982 284359
286636 286953
288627 289567
290234 290619
291634 294295
295886 296536
297059 297526
299438 300826
302903 304498
306410 306748
308982 309086
311128 312166
313868 317125
317739 318762
320089 320972
321859 322282
323362 326310
329204 329671
334193 334374
334963 335670
337106 337351
338455 338698
339487 341744
342629 343382
343456 343572
344121 344649
345350 345411
345936 346230
346922 347049
350926 352488
353973 354418
355852 356331
357695 358127
359201 360673
361410 362039
362872 364973
367518 367679
369133 371827
373241 373343
376063 376437
378714 378796
379556 381131
383157 383563
386143 386692
388022 388083
389240 392809
393156 393801
397491 397820
399544 401505
402188 402426
405022 405692
406957 407055
410402 411430
413649 414060
416887 417334
419282 419649
421662 422005
422746 423073
423702 423965
426011 428274
428992 429347
431565 431639
434733 434825
435777 435908
439772 440564
442401 442948
448632 449160
449926 450285
451471 451745
452256 452939
454017 454858
455021 455289
455897 456357
457226 457613
457862 458519
458761 459098
462139 462250
463130 463215
465784 466423
467344 467884
471906 472088
474323 474583
476585 476751
477832 478497
479353 479561
481700 482406
483629 484016
484554 484706
485718 486364
487064 487169
489265 491098
492743 493527
494723 495031
495723 495799
496739 499701
500797 501285
502386 502756
503944 504465
505005 505171
508566 508910
510236 510747
511559 512788
513351 513609
515720 516994
518394 518694
524217 524416
524952 525579
526556 526665
527786 528574
530729 532035
533968 535227
536285 536801
541521 541717
542626 543012
544411 544708
546123 546283
546789 546933
547976 548128
549170 549471
550912 551144
551657 552060
555032 555083
557683 558009
559487 559944
562011 562152
563206 563394
564968 565361
567581 568080
568586 568924
574556 575227
576096 576439
579888 581192
585402 585460
586028 586375
591669 592471
593340 593677
594846 597322
604196 605265
605780 605928
608014 609409
610750 610804
611775 612172
612922 613633
616423 617364
618614 620045
620701 620964
624880 625413
625801 626370
631555 631747
632274 632357
634057 634256
643289 644408
647008 647651
648460 648622
648946 650050
652178 652809
653324 655549
657553 658311
659078 660469
662254 662950
666056 666456
667072 667934
668519 669047
672230 674301
678730 679372
680712 680907
683421 683905
687955 688423
689345 689524
690633 691061
695405 696227
697460 711199
Burkholderia_mallei_ATCC_10399_gi_254179271_ref_NZ_
1 561
Burkholderia_mallei_ATCC_10399_gi_254179243_ref_NZ_
1 375
Burkholderia_mallei_ATCC_10399_gi_254179233_ref_NZ_
1 960
Burkholderia_mallei_ATCC_10399_gi_254179236_ref_NZ_
1 914
Burkholderia_mallei_ATCC_10399_gi_254179274_ref_NZ_
1 1193
Burkholderia_mallei_ATCC_10399_gi_254179250_ref_NZ_
1 931
Burkholderia_mallei_ATCC_10399_gi_254179268_ref_NZ_
1 209
Burkholderia_mallei_ATCC_10399_gi_254179276_ref_NZ_
1 1252
Burkholderia_mallei_ATCC_10399_gi_254179238_ref_NZ_
1 906
Burkholderia_mallei_ATCC_10399_gi_254179272_ref_NZ_
1 918
Burkholderia_mallei_ATCC_10399_gi_254179273_ref_NZ_
1 983
Burkholderia_mallei_ATCC_10399_gi_254178742_ref_NZ_
1 9027
12944 14126
17064 17261
18452 18801
20061 21026
21893 22188
22962 23034
24195 24545
27189 27744
28399 28485
30168 30876
32238 33328
35215 35462
45758 47190
50471 51256
52214 52832
55920 56167
59378 59586
60845 68177
68906 69504
70374 70464
71170 71273
77584 79126
80313 80503
81429 81740
83240 83625
84130 84276
85165 85392
85995 86993
90288 91648
94576 94689
95679 95868
97018 97097
101578 102361
102615 102766
103945 104283
107226 107839
110497 111106
111755 111865
112513 113163
114930 115686
116552 116892
122099 122535
124079 124836
126846 127188
127888 129174
129676 130123
132126 132292
133899 134284
136379 140025
141882 142112
144669 145089
150438 153108
153446 154198
154804 155591
157425 157658
159873 159954
162265 162611
163407 163906
165780 166996
168400 169612
171813 172042
173813 174523
176472 176800
177544 177718
178431 178508
180919 181013
182316 184547
185318 185382
187874 187928
188900 189596
195458 195949
198999 199111
199650 199746
200642 201422
203436 203668
206264 206505
210734 212324
212686 212924
217421 217526
219033 219919
221165 221584
222689 223814
226183 226508
228571 229098
230839 231148
231823 234126
234398 235142
238265 238369
243473 243607
245093 245228
250199 250279
252458 252778
253375 254850
255857 258505
259845 260811
263208 263275
265212 265467
269035 269845
271883 272167
274539 274719
275744 276393
278204 278263
284337 284627
286473 289073
292398 292869
293451 294337
294997 295464
296359 297683
298470 300851
301099 301222
304890 305028
307389 308169
309326 310456
311613 312479
313623 314009
Burkholderia_mallei_ATCC_10399_gi_254179232_ref_NZ_
1 939
Burkholderia_mallei_ATCC_10399_gi_254179235_ref_NZ_
1 648
