Patulibacter_americanus_DSM_16676_gi_551309379_ref_NZ_
1 100
13117 13190
39411 39537
57089 57168
64324 64379
65574 65997
69380 69465
70792 70892
77096 77235
80389 80476
89817 89894
90602 90679
92065 92145
116985 117300
125647 125710
145494 146078
146736 146795
147412 147620
165796 165849
174724 174805
175512 175755
177837 177942
181854 181962
182838 182938
207512 207780
208430 208520
210923 211059
216569 216624
222346 222431
226580 226632
248350 248463
262209 262265
264803 264924
Patulibacter_americanus_DSM_16676_gi_551307592_ref_NZ_
1 72
2642 2740
48741 48840
59885 59996
63538 63647
83983 84093
94970 95078
119048 119105
127092 127157
163889 164228
170786 170958
183708 183774
184437 184487
185320 185527
191473 191811
192615 192713
205327 205429
221600 221761
227190 227350
232123 232238
238467 238660
250904 250955
256261 256539
261282 261355
264015 264426
267028 267141
275167 275234
277151 277210
285479 285659
288663 288736
302515 303128
309266 309361
317465 317561
326015 326151
335374 335447
337441 337577
341435 341503
368652 368970
375699 375796
387091 387173
388846 388923
390411 390510
392505 392734
408678 408920
412546 412640
414559 414660
416819 416881
431731 431925
435393 435514
445047 445147
449746 449864
467865 468009
469550 469800
470950 471057
479381 479439
498680 498745
514640 514992
519250 519347
522754 523037
531335 531458
557180 557235
559614 560137
572419 572490
576316 576381
581416 581587
601257 601389
601907 602009
607968 608026
618274 618360
631431 631484
677194 677325
680181 680278
681194 681278
707121 707204
716421 716498
720486 720579
723720 723780
726757 726812
751642 751693
758308 758400
781250 781697
799076 799248
799884 800221
818209 818266
818962 819037
822166 822223
825426 825478
835141 835302
838490 838558
848584 848741
857742 857794
859874 860194
866327 866402
869115 869232
885564 885634
888142 888876
Patulibacter_americanus_DSM_16676_gi_551310812_ref_NZ_
1 132
12758 12896
14586 14925
Patulibacter_americanus_DSM_16676_gi_551310604_ref_NZ_
1 96
1822 1905
4509 4657
6948 7704
10729 10819
16595 16848
40571 40800
42777 42885
52669 52940
Patulibacter_americanus_DSM_16676_gi_551310761_ref_NZ_
1 687
18641 19018
37254 37522
Patulibacter_americanus_DSM_16676_gi_551310842_ref_NZ_
1 1159
Patulibacter_americanus_DSM_16676_gi_551310794_ref_NZ_
1 283
2913 2964
11677 11756
27318 27448
35764 35985
Patulibacter_americanus_DSM_16676_gi_551310823_ref_NZ_
1 255
5849 5925
7478 7559
10836 10900
13838 14109
Patulibacter_americanus_DSM_16676_gi_551310726_ref_NZ_
1 329
6025 6089
11256 11376
13682 13746
14303 14364
31602 31720
Patulibacter_americanus_DSM_16676_gi_551310498_ref_NZ_
1 584
25996 26456
28981 29063
46681 46793
48149 48209
50937 51146
63652 63705
76306 76376
80166 80276
81679 81763
Patulibacter_americanus_DSM_16676_gi_551308645_ref_NZ_
1 346
1827 1900
2445 2643
3329 3392
7499 7552
21205 21332
22066 22161
30054 30167
56283 56425
70690 70748
80622 80732
82616 82707
108664 108881
111440 111558
116774 116827
117443 117553
125421 125593
131568 131705
138112 138173
146060 146149
174978 175068
183458 183562
191603 191710
195906 195981
201084 201172
203714 203799
206063 206141
218865 219334
224587 224681
228701 228798
283197 283251
288716 288791
294064 294135
Patulibacter_americanus_DSM_16676_gi_551308898_ref_NZ_
1 196
13233 13315
19409 19579
25438 25490
31077 31131
35622 35702
77096 77175
83700 83784
86329 86394
93579 93692
95489 95631
96882 96973
104179 104625
123032 123090
144665 144743
159511 159569
163582 163771
169703 169758
171041 171135
182119 182616
183760 184000
194364 194863
196883 197026
203721 203801
205326 205491
215128 215182
219806 219893
230696 230770
246744 246860
248275 248333
279268 279502
Patulibacter_americanus_DSM_16676_gi_551310131_ref_NZ_
1 319
10187 10264
17232 17297
20532 20620
30248 30318
36881 36985
43808 43889
45845 45919
69559 69646
70873 70963
73441 73553
74137 74211
75341 75454
76599 77179
112175 112283
116395 116596
124190 124257
125219 125766
129621 129952
131505 131851
140811 141181
Patulibacter_americanus_DSM_16676_gi_551310421_ref_NZ_
1 155
26578 26707
34266 34354
36406 36472
40032 40095
68783 68911
73777 73841
87997 88209
Patulibacter_americanus_DSM_16676_gi_551310329_ref_NZ_
1 254
11859 11922
18994 19090
21516 21576
42479 42841
45196 45745
47813 47879
58662 58767
61046 61148
65789 65861
73628 73685
Patulibacter_americanus_DSM_16676_gi_551309729_ref_NZ_
20102 20195
28665 28723
37048 37111
39792 39903
44516 44571
45984 46210
48936 49120
59277 59608
69533 69619
93442 93506
95978 96081
98753 98814
116316 116555
123657 123729
159470 159603
172760 173191
178816 180078
Patulibacter_americanus_DSM_16676_gi_551310645_ref_NZ_
1 1997
9739 9829
20088 20147
32679 33203
37635 37745
41905 42117
Patulibacter_americanus_DSM_16676_gi_551310830_ref_NZ_
1 86
Patulibacter_americanus_DSM_16676_gi_551308003_ref_NZ_
1 342
10498 10554
19973 20058
20603 20667
37050 37123
55598 55895
62746 62838
67930 68776
69537 69615
75728 75798
76876 76960
85087 85149
112016 112071
134830 134884
176954 177060
178182 178283
182508 182620
185359 185438
198278 198347
201458 201535
210277 210453
212127 212412
231139 231229
237597 237737
242527 242598
249002 249087
278205 278323
283264 283362
301776 302367
304515 304614
310126 310216
311431 311790
349223 349348
351734 351847
360600 360713
370208 370541
383603 383714
399103 399161
401454 401578
415322 415387
420047 420111
432456 432547
443893 444032
444973 445064
459366 459499
460746 461092
464667 464974
Patulibacter_americanus_DSM_16676_gi_551310245_ref_NZ_
1 311
16691 16766
22791 22849
31363 31445
33357 33422
38897 38960
52905 52976
75092 75160
78175 78306
85467 85569
89092 89270
104653 104720
105727 105785
127637 127686
128586 129269
Patulibacter_americanus_DSM_16676_gi_551310007_ref_NZ_
1 155
2847 2956
5915 6990
25891 25952
38441 38491
41080 41226
59648 59775
94883 95056
105186 105310
115223 115313
120471 120593
121383 122043
122868 123535
129967 130153
135838 136061
136756 136869
145753 146137
Patulibacter_americanus_DSM_16676_gi_551309565_ref_NZ_
1 176
20070 20159
25062 25139
63018 63076
103809 103868
121964 122044
128719 128882
138961 139024
148327 148389
155964 156067
159516 159720
162027 162097
169209 169290
178046 178146
181943 182055
191051 191304
Patulibacter_americanus_DSM_16676_gi_551310838_ref_NZ_
1 1559
Patulibacter_americanus_DSM_16676_gi_551309139_ref_NZ_
1 583
3331 3412
9585 9636
37601 37690
38232 38287
39236 39567
42216 42322
42909 43129
64393 64858
73969 74133
90399 90449
95506 95560
101516 101741
110021 110151
125827 125894
129144 129286
137372 137460
149570 149652
152390 152567
193900 193966
198980 199108
224932 225103
231871 232000
247892 247990
255586 255658
258473 258553
259707 259783
Patulibacter_americanus_DSM_16676_gi_551310837_ref_NZ_
1 1711
Patulibacter_americanus_DSM_16676_gi_551308389_ref_NZ_
1 891
13692 13964
14966 15333
30829 31249
38307 38819
44256 44327
53841 53979
59009 59128
79451 79520
94079 94162
95034 95259
95958 96086
98009 98238
105815 106435
152169 152233
157599 158031
168807 168905
173758 173882
182210 182747
198823 198965
199905 199998
207265 207329
211520 211777
215065 215141
223914 224432
226135 226319
228889 229016
231716 232060
237512 237576
248907 249067
267175 267302
274349 274421
293169 293239
304995 305090
307211 307289
309916 310233
310757 312414
313055 314438
315676 316188
320473 320745
323198 323558
324247 324457
327924 328111
338320 338417
339200 339293
360675 360805
364332 364437
369272 369348
372076 372174
377840 377925
382914 383000
400650 400993
Patulibacter_americanus_DSM_16676_gi_551310561_ref_NZ_
3711 3769
18495 18632
19920 19973
22749 22834
30339 30431
30994 31801
36208 36269
64570 64657
66446 66537
69564 69655
Patulibacter_americanus_DSM_16676_gi_551309874_ref_NZ_
1 1997
4630 4694
11136 11193
15578 15710
17820 18344
23416 23465
37613 37702
45974 46080
64856 64972
88171 88305
108900 108950
120577 120639
125282 125361
143006 143316
148218 148304
149949 150030
160393 160458
163986 164045
167312 167807
Patulibacter_americanus_DSM_16676_gi_551310834_ref_NZ_
1 62
3599 4068
Patulibacter_americanus_DSM_16676_gi_551310840_ref_NZ_
1 1283
Patulibacter_americanus_DSM_16676_gi_551310836_ref_NZ_
1 757
2070 2131
Patulibacter_americanus_DSM_16676_gi_551310687_ref_NZ_
1 226
12674 12755
14210 14310
24851 24996
25774 25936
27729 27821
34418 34528
41742 41805
