Bacteroides_thetaiotaomicron_VPI-5482_gi_29345410_ref_NC_0
1 28413
29133 111011
114502 114619
119608 132542
139671 140903
141686 144729
145303 146911
147433 147890
150734 150855
154805 155781
158036 158626
169200 174344
175619 177127
178793 182421
183085 183337
184276 184376
185730 185939
190507 191002
210836 211119
216337 227967
229259 233909
234482 238041
239982 240284
241231 255898
256282 258053
259716 260059
263303 263482
264919 265882
268655 275621
278741 280561
281562 283284
290581 293955
296971 298986
299696 299786
300412 304002
310357 330184
333108 333295
343958 344583
346793 355818
358686 360348
366183 371768
373965 374220
380682 380898
382326 382510
383751 384751
385738 386059
386804 387080
389403 389697
396871 397807
403826 411212
412715 415101
416364 416800
418597 418890
423013 423735
424250 426032
427567 427790
429344 432078
433247 433402
439309 439382
448461 448618
458459 459350
460554 462775
463353 491320
492191 492374
495195 496275
500425 501878
502676 504022
514676 515248
517105 517768
518349 520297
521566 521921
525651 532519
533240 533573
535053 537383
539216 540181
541133 541787
542463 547100
548557 558268
561986 594128
597446 597503
600267 601872
602414 615094
618660 621487
623627 628832
631870 631950
632789 632911
635383 638107
640369 641436
642054 642167
646295 646949
647778 650974
656990 657968
661180 661750
664024 665814
668737 669893
670617 672030
672909 674219
674745 675514
679147 679750
680368 680909
683399 683819
684928 689589
690634 690884
692163 694623
697266 697566
698662 698973
700360 701724
704992 705253
705996 707388
710672 716490
738892 759825
762653 763335
769629 771130
771982 782036
785116 793663
794069 794193
799562 801400
806261 806431
808976 824293
826568 827643
829307 830571
834706 841334
843259 845223
852490 853640
854922 855535
856577 856677
857363 858016
864315 866285
872802 872966
875508 880155
884944 886702
887709 887985
888843 890783
893400 900401
905235 906967
907863 908858
910986 911067
913552 913616
914965 915284
916941 919253
924306 926983
930294 930760
932070 936676
936857 936967
940432 942433
944587 946852
947812 950011
961239 961448
963728 973180
974595 975131
977560 978078
978755 983786
986036 988925
989535 990616
992964 995293
996218 998338
1003637 1007066
1008888 1008989
1014577 1014699
1018829 1019252
1028027 1028642
1029694 1029975
1035158 1039041
1041428 1041487
1042543 1042632
1043272 1043671
1044999 1047028
1047932 1048646
1052723 1052927
1054866 1055074
1055590 1068880
1072050 1073669
1076579 1076652
1091993 1093683
1094494 1094580
1098204 1111825
1112961 1115724
1127108 1138972
1144180 1163985
1164807 1164924
1169208 1175280
1179239 1179380
1181314 1182095
1183768 1183939
1188632 1192263
1195917 1196226
1199745 1207784
1209012 1209290
1211921 1215787
1217002 1219286
1222167 1231754
1232566 1233630
1237014 1242815
1245576 1246573
1247918 1248331
1249175 1250679
1253986 1254275
1258423 1261769
1266117 1281496
1282978 1283746
1284375 1311613
1312175 1316262
1317246 1324056
1335930 1336103
1338224 1339542
1340304 1345271
1355254 1355531
1356230 1356905
1366626 1367079
1368383 1368653
1372547 1375467
1376977 1382065
1389354 1389537
1393919 1398338
1400500 1400875
1401732 1410767
1412340 1425852
1427062 1428096
1429739 1432766
1437809 1441290
1442597 1444791
1446646 1447767
1450953 1451084
1451961 1453133
1454325 1458394
1460512 1461068
1461649 1464390
1467226 1467352
1467858 1468342
1468941 1471223
1473059 1474689
1475969 1476859
1477856 1478978
1479727 1480021
1482101 1483360
1486368 1486550
1488933 1489202
1491022 1491519
1492721 1499207
1501985 1512094
1516594 1522349
1524489 1526402
1527893 1531472
1533683 1534700
1536194 1540258
1541362 1542201
1547065 1549446
1552564 1552714
1557993 1558143
1562903 1563088
1568917 1576420
1579661 1581569
1583232 1586191
1598601 1599095
1600559 1602500
1606563 1608075
1610259 1610490
1611423 1662295
1664215 1685400
1687018 1688366
1690865 1696840
1700000 1700490
1702735 1706539
1711496 1711762
1712718 1712768
1713740 1714271
1718607 1722113
1723045 1725505
1728421 1729948
1730549 1735322
1737326 1738398
1739290 1745253
1747033 1756609
1761005 1765969
1775278 1779702
1782458 1782735
1783879 1784119
1785771 1787519
1791953 1792238
1800555 1800618
1801044 1801166
1808618 1817058
1822566 1823306
1826530 1826606
1827257 1827451
1831938 1832099
1833094 1833308
1840850 1846242
1847096 1866097
1866756 1868385
1869143 1871748
1872368 1872750
1873404 1873600
1874592 1881276
1896390 1899950
1902222 1904265
1911070 1911407
1915697 1919168
1923315 1925763
1928954 1944551
1950169 1950440
1951343 1958871
1959807 1964339
1970749 1975544
1978976 1979152
1981950 1982753
1984254 1986449
1987959 1990209
1991922 2003056
2008132 2027472
2028132 2047437
2055101 2055289
2058961 2087297
2098568 2099770
2104392 2104730
2105338 2109759
2109861 2111090
2111624 2116611
2118742 2119070
2120415 2122695
2123221 2126121
2132419 2132567
2133155 2133331
2140461 2145135
2148507 2148689
2151605 2152371
2152768 2156951
2157706 2159274
2169140 2170781
2173557 2176768
2179035 2180086
2182179 2182524
2184078 2187937
2188547 2189027
2193966 2194777
2197965 2198366
2205418 2206218
2209567 2210077
2213881 2214507
2219199 2224113
2227079 2228117
2231845 2232034
2236995 2242984
2243491 2262684
2263519 2267526
2271045 2276780
2281928 2282273
2282891 2291917
2293166 2295531
2302912 2303390
2304142 2304338
2306959 2308580
2310385 2312297
2322982 2323032
2324308 2324773
2337553 2338208
2338922 2349712
2352094 2352994
2362573 2368701
2379247 2382252
2382354 2382542
2383649 2383855
2384626 2384895
2396253 2405021
2409488 2409985
2411669 2419681
2436637 2442684
2444839 2445010
2464585 2464692
2466891 2470605
2473591 2474840
2478035 2482741
2483808 2484404
2485286 2496160
2496738 2497227
2499733 2502204
2502857 2505110
2505729 2506910
2508134 2512060
2513317 2516962
2518320 2521373
2522026 2523087
2525297 2525687
2526745 2526982
2530860 2534600
2535248 2536409
2540760 2546816
2548415 2550301
2550844 2552021
2552524 2557058
2557813 2559363
2562771 2562900
2567524 2581907
2582414 2584709
2585213 2587389
2588459 2598035
2601551 2601927
2603185 2603586
2604945 2608176
2615032 2616657
2617388 2617555
2619075 2619317
2620628 2622007
2622642 2626231
2627078 2631034
2631655 2635965
2637411 2638792
2644489 2644638
2645773 2645930
2646676 2655581
2664030 2671246
2671955 2672096
2674150 2675008
2682266 2685967
2688911 2689168
2690770 2692359
2693341 2693397
2695235 2695572
2697046 2702306
2704733 2705147
2715589 2717785
2718790 2721210
2727111 2729257
2744531 2748592
2755137 2760925
2770944 2771476
2776148 2785470
2786028 2788858
2789450 2799305
2818465 2824207
2827280 2830128
2832917 2833175
2836888 2837142
2844836 2844946
2846310 2846764
2857178 2926948
2927674 2928668
2931214 2941250
2942999 2950980
2962313 2962525
2966892 2968205
2969579 2976549
2980862 2984381
2991894 2995651
2995837 2998023
2999196 2999627
3002466 3010729
3015671 3018998
3020732 3023779
3028603 3029347
3031055 3042541
3043121 3044671
3055414 3105842
3106383 3111631
3113223 3115040
3117276 3121407
3128320 3137701
3139548 3139921
3140874 3159702
3164660 3167456
3169736 3170803
3173551 3176442
3182178 3182473
3184116 3189016
3190789 3211312
3212391 3212540
3214464 3305031
3309789 3309902
3316342 3316651
3325276 3337324
3340423 3343421
3344865 3345137
3349038 3349129
3357616 3363148
3367569 3370731
3375846 3382299
3390584 3391133
3394847 3415333
3418584 3418845
3419593 3428689
3429650 3430209
3431961 3432059
3432490 3433165
3433673 3434748
3435537 3435805
3436345 3438610
3446950 3447054
3461562 3471820
3474701 3492726
3498403 3498722
3504634 3504863
3509887 3515947
3526988 3527554
3530444 3530669
3535824 3540141
3541541 3542215
3553860 3553938
3556949 3559364
3560058 3561931
3562641 3572567
3574118 3574941
3575685 3576863
3577638 3580931
3582356 3584605
3585252 3586308
3588749 3589155
3589769 3596908
3597472 3598577
3599380 3612662
3613917 3617630
3618346 3619580
3620197 3624146
3625539 3626105
3626873 3627011
3627831 3631799
3633113 3633896
3634709 3635007
3635848 3639606
3641807 3643279
3644142 3648735
3649447 3649729
3650930 3655906
3657328 3659014
3659862 3663082
3663761 3666347
3667010 3668165
3669126 3681444
3682436 3686111
3686657 3687961
3689991 3695459
3697888 3698461
3699154 3700134
3701829 3706637
3707318 3707881
3708644 3708788
3710574 3725863
3729778 3737266
3742532 3746327
3749625 3749739
3751870 3791024
3801078 3801352
3803224 3803408
3808294 3812980
3814452 3817934
3818724 3824199
3832539 3836408
3840241 3841941
3845688 3849226
3850161 3853945
3854598 3854731
3855386 3855656
3859322 3862186
3862821 3863467
3864121 3864776
3865736 3867311
3868074 3868240
3869185 3870755
3871559 3874998
3877114 3877575
3878382 3884607
3885294 3892888
3893294 3894059
3896988 3897775
3901313 3901730
3902599 3903550
3904311 3923442
3938768 3958989
3959496 3971916
3972311 3972529
3982421 3982549
3983060 3983648
3985303 3985730
3987956 4001893
4004993 4005594
4006940 4017553
4017684 4018118
4018764 4028791
4029370 4071259
4073784 4080299
4081464 4085963
4092355 4093192
4097989 4098189
4100948 4101968
4112101 4112440
4113272 4114160
4116191 4119432
4123879 4124426
4133311 4134073
4137065 4137331
4144659 4144962
4147161 4147723
4148478 4149508
4150999 4151342
4152414 4152836
4155252 4155699
4159668 4167426
4175840 4176002
4177760 4178444
4178564 4179301
4180047 4184198
4202067 4202259
4204381 4212586
4214337 4214391
4221134 4234039
4240002 4240189
4241908 4276945
4284990 4285198
4288888 4289693
4292388 4292448
4298299 4331150
4333524 4334316
4335042 4335290
4336590 4336834
4341613 4341795
4344632 4344797
4346524 4346880
4347496 4347594
4347980 4348251
4348906 4360373
4368601 4368821
4384923 4386164
4389518 4392680
4393891 4397404
4398367 4399340
4401079 4401622
4403211 4403346
4405320 4422698
4423214 4426653
4426877 4427079
4427748 4433197
4433352 4439160
4440548 4443171
4444033 4444372
4445814 4446244
4447333 4447415
4449063 4451533
4453206 4453629
4456602 4458926
4466875 4471077
4472073 4476222
4476907 4480576
4483748 4487339
4488168 4495166
4502238 4502877
4517400 4517513
4523781 4524034
4542005 4553626
4561941 4571022
4572523 4573567
4575401 4580760
4581362 4581801
4582320 4583083
4594541 4600016
4601357 4602073
4605901 4612279
4614741 4619545
4620760 4621391
4624471 4628487
4632223 4632470
4633307 4679816
4681254 4685809
4700141 4700496
4703374 4703640
4705148 4706485
4709616 4711222
4711567 4711880
4714818 4715541
4718671 4736729
4741026 4743591
4746269 4746389
4754636 4758071
4759449 4761031
4762074 4764862
4769720 4778886
4779639 4781112
4783459 4784143
4785826 4802796
4810751 4811390
4813962 4820108
4824087 4841382
4847487 4847745
4858068 4858800
4859788 4859893
4860202 4860295
4860910 4864629
4876150 4876210
4880407 4885363
4895695 4895866
4900504 4900741
4902327 4906494
4907376 4912613
4920336 4920754
4923986 4924275
4927074 4938587
4947585 4947852
4953694 4955174
4956231 4958770
4960427 4960929
4970339 4988533
4990085 4990767
4994088 4996167
5005097 5005495
5011870 5017963
5037443 5037544
5043046 5045376
5048874 5059437
5061375 5061510
5066020 5087360
5089645 5091906
5095119 5096051
5098090 5098762
5099901 5109498
5110060 5116711
5119651 5121560
5146337 5146419
5165194 5165541
5166094 5166687
5167683 5168474
5170687 5170752
5170890 5174043
5179387 5183935
5185840 5207331
5213887 5214385
5216255 5218759
5220933 5255784
5260242 5260490
5261636 5262091
5265121 5265333
5269197 5291962
5292613 5293427
5296758 5300848
5301854 5302058
5302850 5302912
5313008 5313413
5321283 5325287
5327388 5330685
5332531 5334022
5335167 5336350
5341749 5341969
5346148 5346418
5351261 5351458
5354134 5354827
5357405 5365586
5367143 5369092
5369882 5371416
5377479 5381860
5384077 5384991
5385586 5387235
5394833 5414955
5416644 5419409
5419994 5421542
5423000 5423267
5424128 5424450
5426039 5431699
5432578 5445974
5447098 5447338
5450611 5450932
5457571 5475590
5481013 5483120
5483689 5484057
5484749 5488972
5489495 5492616
5496012 5496170
5520338 5520399
5527514 5531030
5536412 5536694
5537678 5538094
5538754 5540783
5543969 5544219
5553007 5563214
5563801 5565501
5566669 5567593
5580856 5584124
5585541 5585961
5588829 5599747
5605355 5611225
5614039 5616767
5617470 5617830
5619565 5620546
5621383 5622230
5623491 5624753
5627458 5632671
5633175 5639079
5640391 5640590
5642148 5646556
5651026 5652615
5667515 5669611
5675590 5675861
5678694 5679667
5684291 5684710
5692267 5731627
5738136 5739852
5748472 5753965
5756860 5757159
5758720 5768946
5777292 5781404
5782916 5784511
5786085 5788843
5793258 5799624
5802812 5808426
5809513 5814035
5817967 5827063
5831137 5831300
5832104 5832344
5835399 5835707
5838093 5843699
5843799 5844989
5845088 5857437
5860627 5861012
5863980 5866575
5867567 5867638
5868566 5877793
5883288 5883660
5886410 5886463
5889158 5890560
5891842 5892429
5899648 5900880
5903242 5917847
5928736 5930275
5930425 5961156
5961706 5963983
5964680 5967534
5971725 5977319
5978577 5979782
5980811 5981333
5983953 5987271
5988338 6002134
6002831 6006141
6014057 6016870
6018811 6038266
6041141 6067104
6067927 6069322
6070484 6073011
6075983 6076391
6090633 6092270
6096862 6097121
6099577 6099897
6101519 6101976
6102202 6107448
6113172 6117198
6133654 6134310
6135990 6139163
6141246 6141602
6142404 6143808
6146615 6146880
6155425 6155743
6179616 6191910
6192617 6192671
6193632 6197720
6198342 6199184
6199716 6205293
6207140 6209624
6215910 6217345
6218249 6260361
