Bacteroides_thetaiotaomicron_VPI-5482_gi_29345410_ref_NC_0
1 123382
123912 255898
256282 267388
268098 600267
601644 1062557
1063206 1306165
1306705 1347128
1347695 1350755
1351356 1382060
1383138 1383419
1384911 1390164
1392324 1404809
1405336 1569910
1570556 1592775
1593337 1794478
1794991 2131837
2131929 2136730
2137332 2137793
2138314 2350370
2350943 2365280
2365854 2385041
2385766 2391371
2392054 2437516
2440863 2448314
2462517 2659122
2659764 2676387
2676993 2738958
2739553 2747952
2748492 2839277
2840159 2841423
2842179 3037552
3039167 3189016
3190699 3311559
3312069 3313607
3314183 3463476
3464116 3550263
3551678 3764235
3765343 3794259
3794794 3926830
3928130 3932368
3932915 3933266
3933869 3937543
3938143 3948335
3949038 3949219
3949751 3950085
3950665 3951285
3951786 4001893
4004993 4005594
4006940 4017553
4017684 4094007
4095003 4095200
4095911 4127580
4128531 4130374
4130926 4132002
4132673 4135912
4137213 4140338
4140846 4184686
4185187 4188671
4189245 4199108
4199867 4238012
4238639 4260509
4261238 4268219
4268777 4342674
4343238 4351261
4351864 4462904
4463436 4481832
4482336 4503634
4504321 4514174
4514766 4520725
4521244 4529751
4530548 4552718
4553285 4599796
4601481 4732006
4732513 4812947
4813486 4841867
4842445 4857006
4857541 4870568
4871188 4872795
4873455 4917621
4918405 4922262
4923276 5027918
5028445 5147408
5148094 5149258
5149789 5176790
5177291 5180709
5181312 5188976
5189494 5192759
5193274 5226315
5227344 5282411
5283061 5314643
5315357 5352243
5352744 5541574
5542231 5568991
5569560 5593611
5594203 5665933
5666696 5784596
5786099 5843699
5843905 5895951
5896452 5959231
5960223 5961156
5961706 5963983
5964550 6095666
6096462 6168195
6168764 6260361
