Bacteroides_thetaiotaomicron_VPI-5482_gi_29345410_ref_NC_0
1 120841
121386 129147
129655 130451
131078 132917
133542 137596
138123 147890
148475 154420
154747 154989
155085 155350
155416 155550
155660 155916
156024 156224
156452 156644
156844 159539
160463 164432
165419 173636
174351 177419
178793 183667
184691 192725
193234 194361
194723 194962
195092 206860
208292 212774
213671 255898
256282 263482
264437 266354
268397 286764
287303 287713
288229 294160
294687 298230
298855 307333
308202 318436
320243 324984
325822 338345
339569 344683
345369 347796
348423 349627
350295 356649
357201 381358
381564 381734
381922 387080
387490 387561
388327 389135
389240 389473
389640 389835
389905 390104
390221 390396
390636 400735
401451 411303
411858 430234
432202 432342
432515 436975
437189 437361
437497 437651
437938 443454
443626 443777
444007 444128
444259 444387
444535 447424
448181 457080
457806 462889
463014 463159
463266 489323
489572 489700
489810 497310
497422 498293
498415 498663
499071 501703
501846 502059
502182 502307
502468 504102
504633 507262
507778 524938
526063 526288
526437 556622
556871 557020
557128 557346
557523 559998
561361 562381
563828 565238
568066 568641
569187 600055
600265 611246
611869 612603
613210 620277
621012 621487
622073 629079
629385 629536
629831 633689
634533 634617
634903 654706
655251 659080
659274 659604
660141 660267
660410 661854
662004 662173
662674 662856
663117 686266
686800 695301
695979 703304
703648 703781
704054 705783
705869 706088
706262 706491
706595 709566
709922 710159
710267 710459
710585 712459
713445 721664
721850 721983
722066 722273
722664 732039
732938 740367
740476 762915
763058 763189
763418 763642
763925 764607
764712 768343
768768 768915
769401 775794
776548 778549
778877 779106
779446 779650
779824 780000
780470 780690
780782 780955
781872 790112
790412 790623
790825 791179
791703 792492
793000 795634
795771 796015
796319 796594
796826 804262
805065 805412
805878 806095
806236 808838
809057 809625
809763 828354
829119 839283
839936 841497
842015 855560
855736 855915
856248 856392
856550 856710
856819 857006
857209 857410
857601 868309
868440 868622
868738 868889
869705 869916
870067 870201
870322 870587
870656 870874
870979 871437
871543 871683
872227 872424
872780 873979
874112 874263
874380 874525
874792 874917
875162 876396
876679 876834
876921 877138
877213 877423
877508 877647
877804 893819
894473 902402
903003 907002
907258 907417
907540 908080
908216 908266
908456 908958
909104 931792
931966 932431
932618 932837
932961 933931
934100 934239
934806 934994
935184 935453
936070 937377
937879 942437
942898 943067
944014 954959
955143 955343
955499 990358
990510 990703
990819 990951
991106 991277
991412 997725
997805 997968
998056 998239
998364 1002622
1002951 1003144
1003291 1003601
1004228 1005015
1005903 1008989
1009261 1009442
1009799 1010109
1010575 1010819
1011679 1012946
1013290 1013448
1013625 1013747
1013872 1014921
1015094 1015269
1015541 1015759
1015953 1016104
1016278 1017519
1017647 1017881
1018148 1018347
1018474 1018702
1018964 1021431
1021809 1022036
1022179 1023569
1023808 1023962
1024548 1024761
1025115 1030104
1030384 1030608
1030714 1030890
1031059 1034169
1034779 1039045
1039301 1039511
1039762 1040245
1040514 1040653
1040970 1045010
1045176 1045377
1045652 1045771
1047425 1048682
1049254 1049426
1049571 1050724
1050861 1051104
1051877 1057143
1057615 1057764
1057972 1058102
1058312 1058520
1058602 1058772
1058903 1059106
1059383 1060036
1060314 1060464
1060604 1063605
1064145 1113351
1113426 1113642
1114037 1116258
1116795 1117895
1118585 1124500
1125310 1128054
1128253 1128456
1128628 1130234
1130343 1131212
1132454 1132813
1133424 1134116
1135286 1136568
1137637 1137828
1138031 1138256
1138397 1140563
1141099 1142007
1142334 1142514
1142724 1142861
1143070 1173267
1173358 1173536
1173932 1180136
1180809 1184153
1186153 1193190
1194587 1198064
1198590 1219951
1220637 1223388
1224073 1227500
1228086 1235598
1235804 1255977
1256196 1256365
1256693 1256880
1257169 1258150
1258380 1258603
1258799 1258960
1259119 1259746
1259843 1260072
1260205 1260480
1260584 1261220
1261318 1261547
1261656 1268620
1269186 1273370
1274562 1316383
1316946 1325541
1326825 1330332
1331451 1331675
1332201 1332441
1333103 1336555
1337125 1347127
1348248 1354131
1355251 1361084
1362007 1365395
1366205 1366388
1366715 1366885
1366978 1367127
1367264 1367417
1367581 1367728
1367944 1368146
1368299 1369425
1369650 1369854
1370045 1370168
1370363 1382134
1383138 1383419
1384891 1385490
1387036 1389575
1390114 1399388
1400090 1405728
1406413 1406716
1407475 1449877
1450680 1459309
1459555 1460011
1460232 1483610
1484137 1499420
1499614 1499802
1499876 1500047
1500271 1500356
1501066 1513788
1514365 1527598
1527835 1528069
1528200 1528396
1528466 1528660
1528854 1536032
1536108 1536307
1536853 1537094
1537418 1537658
1537912 1538181
1538425 1538641
1538987 1539165
1539553 1545991
1546565 1549785
1551668 1554417
1555021 1558891
1561265 1566670
1567478 1574387
1574902 1588771
1589067 1589260
1589446 1589647
1589757 1590504
1591137 1592183
1593482 1597783
1598528 1603738
1604668 1610317
1610556 1682683
1683344 1683583
1683758 1687305
1687527 1687652
1687754 1691295
1691506 1691675
1691858 1693172
1693280 1693441
1693577 1693835
1693966 1694102
1694365 1707726
1708328 1708524
1708748 1708993
1709222 1731001
1731822 1732266
1732403 1732527
1732702 1732891
1733058 1733214
1733449 1754790
1754970 1755187
1755372 1755501
1755748 1757158
1757370 1757589
1758255 1761409
1762933 1764381
1765546 1765735
1765879 1770185
1770426 1770641
1770733 1770943
1771064 1774368
1774499 1774723
1774880 1775346
1775465 1775692
1775911 1777745
1778094 1778251
1778449 1778614
1778772 1780467
1780712 1780914
1781213 1788667
1789312 1793280
1793812 1793972
1795081 1795255
1795367 1796020
1796728 1799915
1800427 1801101
1801314 1802978
1803271 1803782
1803858 1804105
1806410 1811432
1812492 1812667
1812893 1813138
1813296 1813449
1813567 1813737
1813819 1814032
1814128 1814312
1814378 1814739
1815015 1815202
1815412 1815622
1815724 1815852
1816092 1821304
1822382 1830313
1831736 1832298
1832439 1832708
1832883 1833114
1833265 1843555
1843662 1843879
1844067 1844265
1844351 1844876
1844971 1858179
1860568 1860823
1861409 1873730
1874092 1874321
1874520 1875013
1875428 1875608
1876093 1888197
1889878 1895547
1896204 1905331
1906130 1916524
1917232 1919397
1920072 1920948
1921612 1927384
1927555 1927735
1927806 1928297
1928387 1928611
1928737 1929520
1929778 1929935
1930834 1931073
1931175 1937110
1937230 1937441
1938236 1956399
1956944 1965063
1966318 1968154
1968913 1971758
1973221 1979529
1980156 1991750
1991944 1992187
1992265 1992515
1992655 1992907
1993016 2003665
2003793 2003940
2004544 2006936
2007039 2007235
2007593 2008394
2008567 2009221
2009422 2009630
2009771 2010512
2011037 2012413
2013818 2015461
2016094 2017266
2018122 2030382
2030517 2046762
2047008 2051042
2051515 2052274
2052921 2053432
2053928 2054094
2054299 2060010
2060739 2068459
2068627 2068809
2068981 2069201
2069394 2089716
2090364 2091328
2091864 2099770
2100800 2101151
2101301 2101466
2101732 2101973
2102190 2134480
2135139 2135374
2135965 2136160
2137367 2137683
2138958 2143383
2144337 2159408
2161291 2162979
2163980 2165017
2165599 2182936
2183181 2183660
2183763 2183956
2184951 2199626
2200311 2219481
2219628 2219796
2220148 2220361
2220490 2224411
2224947 2233972
2234523 2235128
2235278 2235535
2235779 2235919
2236230 2236410
2236519 2243473
2243744 2265481
2266086 2270103
2270674 2275425
2275573 2275698
2275919 2276123
2276266 2277175
2277687 2280634
2280874 2280997
2281490 2281735
2281889 2283742
2284410 2284562
2284763 2284908
2285422 2285982
2286664 2291138
2291479 2291598
2291826 2291986
2292056 2292254
2292572 2295977
2296390 2299969
2300089 2300312
2300706 2300865
2301132 2301281
2301391 2301605
2302192 2302342
2302745 2327608
2328747 2329483
2330056 2333895
2334501 2348042
2348908 2353705
2354457 2357433
2358080 2361590
2362144 2365261
2366237 2367814
2368234 2368455
2368522 2368766
2369569 2369768
2370185 2370940
2371917 2375538
2376829 2377404
2378551 2378754
2379247 2382878
2383210 2383436
2383611 2383793
2383991 2384190
2384383 2384614
2384752 2384927
2386364 2386431
2386845 2387086
2388296 2388433
2388712 2389125
2389710 2390495
2390734 2390876
2392295 2392879
2393926 2394466
2394577 2394739
2395077 2395522
2395621 2397086
2397906 2410908
2411440 2413359
2414508 2418988
2419231 2419538
2419658 2423231
2426813 2428365
2430794 2431721
2433017 2433449
2436658 2437639
2438213 2439490
2440391 2445249
2455726 2455828
2462517 2462740
2463067 2463197
2463382 2463573
2463824 2464029
2464167 2483756
2484265 2484867
2484987 2485203
2485370 2498811
2499017 2499266
2499403 2499619
2499692 2499906
2500017 2519765
2520010 2520436
2520595 2523704
2524096 2524234
2524345 2527000
2527067 2527284
2527420 2527642
2527750 2527811
2527897 2527953
2528345 2536802
2537321 2563066
2563321 2563459
2563736 2563933
2564191 2565358
2565495 2565679
2565805 2566002
2566639 2566833
2567001 2588536
2588634 2589462
2589711 2589875
2590217 2591595
2591819 2592043
2592155 2600947
2601521 2616596
2616981 2617118
2617232 2617406
2617545 2649563
2650445 2652369
2652921 2656148
2656866 2658204
2660741 2661434
2662202 2675550
2677068 2677526
2677939 2678164
2678307 2678361
2678992 2679130
2679240 2679485
2679598 2679858
2680423 2680927
2681050 2681254
2681830 2682029
2682194 2684381
2684628 2685787
2685958 2686108
2686254 2686462
2687090 2687271
2688434 2688630
2688749 2688911
2689003 2689216
2689334 2706218
2707125 2710598
2711213 2716380
2716931 2732839
2733570 2734980
2735893 2745406
2745909 2747945
2748624 2750738
2751455 2769757
2770953 2772589
2773262 2774886
2775752 2780267
2780434 2797216
2797361 2797870
2797998 2799515
2799657 2799810
2800117 2800285
2800639 2803792
2805947 2815434
2816443 2833867
2834869 2837718
2838056 2838192
2838343 2838482
2843114 2843681
2844013 2844192
2844619 2845706
2846526 2846730
2847163 2847281
2847731 2848618
2850715 2851626
2852155 2852397
2852513 2852662
2853187 2856002
2856193 2856336
2856634 2857106
2857290 2929802
2930811 2941620
2942088 2942217
2942344 2955216
2956170 2959729
2960653 2960776
2960902 2961063
2961800 2962537
2962681 2967789
2967914 2968090
2968343 2968481
2968600 2968748
2968847 2969003
2969242 2978112
2979227 2980056
2980735 2984390
2985826 2986225
2986376 2986584
2986737 2986855
2987079 2987267
2987395 2990022
2990282 2990476
2990673 2990853
2991215 2991502
2991750 2992198
2992318 2992515
2992619 3009940
3010526 3010761
3011435 3011655
3011759 3011926
3012229 3015342
3015541 3015738
3015847 3015985
3016179 3016388
3016504 3019008
3020023 3025004
3025136 3025257
3025668 3040287
3040670 3041168
3041290 3043132
3043869 3045030
3046253 3048171
3048953 3116446
3116982 3125387
3126191 3138705
3138929 3139062
3139206 3139377
3139466 3140791
3140915 3145022
3145165 3146116
3146283 3150968
3151252 3151433
3151702 3154457
3155131 3168977
3169196 3169362
3169604 3177777
3178585 3178966
3179476 3180266
3180691 3180926
3181160 3181349
3181538 3181769
3182044 3193997
3194555 3194933
3196005 3198020
3198577 3198657
3199396 3205966
3206105 3206267
3206456 3206615
3206759 3207164
3207500 3210432
3210707 3210851
3211056 3211268
3211363 3213212
3213583 3213737
3213905 3214081
3214263 3241155
3243144 3286963
3287154 3287327
3287841 3288035
3288150 3307363
3307497 3307674
3307778 3307992
3308267 3308943
3309448 3309867
3310069 3310506
3310934 3311558
3312035 3312281
3312505 3313325
3314585 3314843
3316221 3318528
3320490 3331358
3331515 3333351
3334467 3347599
3347758 3348309
3348461 3348703
3348863 3348949
3349505 3354118
3354427 3355429
3356023 3360982
3361641 3382196
3382872 3397311
3398342 3404850
3405392 3409212
3409724 3417394
3417462 3417690
3417772 3417949
3418647 3420537
3420839 3420960
3421461 3432971
3433160 3433410
3433652 3438611
3438731 3438939
3439066 3445513
3446792 3447303
3448445 3448500
3448658 3448953
3450542 3450830
3450992 3452688
3453843 3454033
3454563 3455329
3456139 3458727
3459700 3465438
3466240 3468471
3469112 3469821
3469957 3470192
3470607 3470806
3471082 3473516
3473699 3473902
3474108 3474325
3474495 3489846
3490386 3491566
3492082 3493455
3493552 3493735
3493954 3494157
3494225 3494741
3495025 3496014
3496163 3496358
3496462 3496618
3497703 3497865
3498060 3502584
3502902 3503070
3503378 3504028
3504350 3504399
3504520 3504722
3504836 3504973
3505260 3505409
3505590 3505644
3506474 3506985
3507146 3507319
3507506 3508336
3508771 3511074
3512114 3519363
3520971 3521158
3521550 3524522
3525629 3530975
3531776 3540430
3541475 3548002
3549177 3553995
3554514 3554946
3555493 3555992
3556138 3556329
3556666 3691996
3692532 3708024
3708163 3728184
3728751 3730458
3731150 3740159
3740881 3763127
3763775 3765642
3765747 3791997
3792416 3797641
3797762 3797966
3798548 3798678
3798865 3815903
3816078 3816681
3816814 3823324
3823834 3827028
3827683 3846439
3846580 3846838
3846936 3847131
3847271 3853132
3853249 3853891
3853961 3887828
3888202 3892993
3893108 3894069
3894424 3897926
3898487 3898973
3899075 3899251
3899388 3899560
3900023 3900184
3900396 3903550
3903659 3903858
3904015 3904504
3904624 3909062
3910004 3923757
3924203 3924358
3924488 3925396
3928130 3929251
3929767 3935242
3938768 3942469
3943562 3944085
3946240 3946965
3947501 3952137
3953370 3954697
3955302 3960331
3960983 3974509
3975872 3976031
3976183 3988463
3989031 3989836
3990819 3996043
3996604 3996891
3997637 4001893
4004993 4005594
4006940 4017553
4017684 4035003
4035137 4036266
4036885 4037752
4038746 4041235
4041874 4068878
4069246 4069425
4069596 4072469
4073150 4073355
4073490 4089834
4090686 4095201
4097083 4102231
4102780 4114652
4115163 4124252
4125728 4131917
4132597 4137677
4140355 4144835
4145440 4145650
4145797 4145908
4146022 4146072
4146173 4146224
4146453 4150250
4150511 4150703
4150886 4151043
4151161 4168659
4169076 4169266
4169505 4184579
4185226 4185470
4186295 4186495
4187328 4187588
4189422 4190628
4192875 4195100
4198349 4199107
4199929 4203301
4204096 4204751
4205342 4207173
4207460 4207660
4207772 4215359
4216612 4235478
4237093 4239085
4239746 4239899
4240012 4240151
4240389 4245432
4246192 4248935
4249526 4252936
4254491 4258754
4259069 4259252
4259435 4268206
4268993 4271641
4272495 4275240
4275419 4276945
4277309 4281664
4282208 4282366
4282636 4282887
4283208 4284350
4284927 4292427
4292565 4292782
4293198 4306418
4307418 4307906
4309804 4310854
4311511 4311787
4312678 4316926
4317585 4319076
4319666 4325034
4325588 4326039
4326281 4326495
4327168 4338293
4339083 4339249
4339888 4340061
4340243 4340594
4341249 4342669
4343453 4343649
4343903 4344030
4344325 4344558
4344661 4344826
4345014 4345146
4345382 4345585
4346327 4348619
4348935 4349123
4349285 4349428
4349532 4356443
4356657 4356890
4357141 4357393
4357573 4357795
4357975 4358101
4358184 4358341
4358654 4363347
4363888 4369852
4371874 4377793
4378711 4421738
4421890 4422115
4422798 4422989
4423207 4423536
4424508 4432576
4432784 4433295
4433439 4433591
4433685 4437788
4437955 4438112
4438410 4442884
4442993 4443234
4443579 4443801
4444020 4444442
4445098 4451831
4452977 4454266
4455069 4456724
4456802 4457006
4457110 4457263
4457414 4457578
4457898 4471271
4472052 4502649
4502764 4502985
4503088 4503311
4504865 4505077
4505231 4505380
4505727 4506092
4507027 4507084
4508559 4512556
4513326 4519815
4521582 4521791
4523883 4524887
4525428 4527333
4530783 4539850
4540965 4541772
4541891 4542129
4542247 4542429
4542545 4542701
4542884 4548724
4550195 4556242
4556938 4557717
4558091 4558331
4558642 4558887
4558964 4559208
4559373 4566995
4567180 4567318
4567757 4567989
4568214 4568818
4569332 4575820
4576613 4587325
4588383 4589776
4590366 4596007
4596727 4603858
4604713 4604860
4605871 4616898
4617095 4617234
4617386 4617515
4617711 4618578
4619151 4620065
4620220 4620490
4620590 4620795
4620919 4621105
4621295 4621512
4621620 4621878
4622395 4623785
4624433 4686391
4687152 4696640
4697153 4697333
4699407 4702181
4702858 4708595
4708970 4709226
4709386 4713251
4714456 4716412
4716594 4716742
4716866 4717042
4717904 4718028
4718193 4718425
4718532 4721899
4722634 4723944
4724663 4725252
4725859 4729805
4730437 4730672
4731432 4731748
4732529 4738275
4738792 4744919
4745957 4747178
4747693 4748933
4749219 4749370
4752835 4761335
4761862 4771245
4771885 4774623
4775415 4792301
4793001 4793367
4794076 4826834
4826993 4827140
4827419 4841783
4842624 4847855
4848959 4852440
4853341 4853872
4854590 4854980
4855532 4856791
4857919 4870311
4871164 4872544
4873755 4875270
4875438 4875675
4875794 4878903
4879424 4880467
4880720 4881253
4881320 4881925
4882309 4882438
4882567 4883569
4884159 4887043
4888361 4889859
4890469 4893119
4894460 4894986
4895117 4895261
4895682 4896631
4897516 4900787
4901338 4904699
4905303 4909074
4909911 4910173
4910873 4916434
4917278 4917465
4918685 4918866
4919187 4919752
4919877 4920130
4920302 4920517
4920583 4921598
4923756 4924277
4924364 4924547
4924626 4924797
4924970 4925134
4925355 4925705
4926337 4926411
4927062 4929677
4929799 4937808
4937967 4938168
4938451 4938638
4938763 4939595
4940554 4940682
4940872 4941735
4942293 4989183
4989350 4989522
4989673 4989797
4989972 4990418
4990724 4991200
4991688 4991884
4992226 4992848
4993042 4998527
4999041 5003880
5004859 5020134
5021124 5023181
5023734 5025018
5026285 5026544
5027146 5027917
5028459 5033501
5034451 5055886
5056477 5070088
5070256 5070468
5070638 5070766
5070989 5074192
5074270 5074480
5074743 5075001
5075143 5076224
5076441 5087665
5088344 5089063
5089153 5104872
5104978 5105233
5105367 5105545
5105951 5112128
5112908 5115158
5115797 5122733
5123646 5144058
5145121 5148816
5150739 5151048
5152125 5153525
5154615 5159018
5159691 5161499
5162051 5176194
5176744 5177806
5178654 5179881
5180589 5180995
5181529 5182437
5183661 5184492
5185035 5185781
5185896 5186102
5188535 5191211
5192140 5192351
5193275 5196331
5196981 5217344
5218004 5219274
5219863 5221903
5222601 5248622
5249268 5249599
5250214 5250740
5251472 5265909
5267591 5269670
5270253 5276196
5276747 5277696
5278353 5280906
5282367 5285156
5285992 5288214
5288725 5299522
5299750 5299874
5300064 5300187
5300516 5309772
5310272 5317120
5318098 5326279
5327098 5332768
5333466 5343797
5344550 5344821
5345858 5350189
5350703 5352242
5352881 5354543
5354667 5354886
5354998 5364892
5365131 5365294
5365385 5365589
5365826 5366045
5366158 5366380
5366888 5371020
5372137 5373431
5374243 5378842
5379721 5395057
5396352 5396619
5397522 5401794
5402813 5403703
5404409 5404644
5404813 5405015
5405206 5406928
5407791 5408159
5409395 5409594
5409789 5409958
5410079 5413697
5413855 5414004
5414302 5414546
5414700 5415199
5415367 5415564
5415693 5417692
5417849 5417991
5418601 5419764
5419964 5420434
5420578 5433647
5433923 5447673
5448002 5448173
5448366 5450939
5451051 5451274
5451714 5451840
5451943 5455329
5455922 5457562
5458283 5459176
5460109 5490680
5491720 5500372
5501139 5502545
5503070 5504435
5504557 5504763
5505485 5505627
5505900 5506178
5506491 5506982
5508138 5509123
5509253 5509487
5509594 5509931
5510051 5510611
5511065 5525945
5526539 5526952
5527455 5550079
5551725 5558892
5559568 5568709
5569818 5572253
5573092 5577524
5578029 5581369
5582181 5590324
5592580 5593330
5594588 5598502
5599170 5601012
5601559 5601829
5602717 5619079
5619201 5619344
5619505 5619640
5619887 5620520
5620728 5621127
5621331 5622287
5622711 5622883
5623048 5623098
5623189 5623377
5623490 5624229
5624358 5624551
5624652 5624897
5625280 5625562
5625891 5626081
5626519 5647739
5648412 5655824
5656616 5657064
5657659 5658222
5660349 5668312
5668869 5671067
5671912 5672575
5674046 5681362
5682126 5684969
5686277 5686693
5687637 5687719
5688679 5689602
5690229 5690311
5691019 5694877
5695425 5700162
5700988 5703446
5704018 5730148
5730259 5730423
5730678 5730939
5731141 5731662
5732069 5733099
5733624 5735238
5735407 5735602
5735905 5736493
5736950 5737144
5737376 5737562
5737753 5741368
5741914 5742112
5742305 5742488
5743646 5746565
5747917 5748622
5749171 5767169
5767751 5788889
5789068 5789231
5789375 5789551
5790099 5790310
5790498 5795386
5796476 5804174
5804761 5807398
5807863 5810800
5810871 5811446
5811602 5815445
5817222 5819110
5819619 5836554
5837670 5843902
5845088 5857541
5858068 5869041
5870318 5886658
5887254 5892733
5893006 5893245
5893322 5893488
5893593 5893755
5893871 5894356
5895060 5895599
5896567 5901189
5901476 5901621
5901875 5919343
5919786 5920020
5920481 5921408
5921502 5922300
5923449 5958977
5959324 5961171
5961706 5963983
5964540 5968189
5968443 5968612
5968946 5969117
5969272 5970087
5970456 5970595
5971364 5977609
5978198 5995446
5996441 5996881
5997404 6008093
6009043 6010819
6011733 6036957
6037824 6061103
6061416 6073189
6074357 6079641
6080146 6104063
6104799 6108667
6108790 6109239
6109516 6109688
6110811 6110944
6111053 6111281
6111493 6113726
6114448 6114670
6114902 6119892
6120040 6120218
6120466 6120644
6120786 6126917
6127067 6127243
6127423 6127609
6129097 6131012
6131962 6132523
6133490 6135988
6136161 6136304
6136449 6136678
6136818 6139834
6140125 6140278
6140402 6140620
6140871 6144413
6144684 6144933
6145120 6145595
6145806 6147387
6147540 6147749
6147850 6148055
6148172 6149233
6149931 6151425
6151958 6153409
6155037 6156768
6157896 6159309
6159512 6159763
6159857 6160083
6160196 6160375
6162055 6166568
6167447 6175709
6176591 6178618
6179184 6182048
6182283 6182524
6182731 6182940
6183111 6184666
6185328 6187093
6187744 6196082
6196651 6210465
6210967 6211929
6212794 6217420
6218009 6230722
6230857 6231315
6231526 6260361
