Bacteroides_thetaiotaomicron_VPI-5482_gi_29345410_ref_NC_0
1 111011
114384 116798
119464 119632
124142 124493
125999 132572
134101 134214
140020 140359
141535 152806
154837 155056
155833 161997
163590 169899
171403 172660
176855 180857
181769 183617
186264 192717
195651 196814
199704 208490
223040 226714
227196 228648
229259 230375
231460 233889
234524 236032
237845 240321
241231 255898
256282 258053
260136 260215
263306 263440
264812 266097
268641 270991
275447 275621
279521 291096
291867 304002
307123 337192
340877 341120
344149 353313
356699 365106
366205 369713
373506 374220
375645 380802
381922 382866
383751 384751
386826 387080
389961 398029
404360 404817
409294 409519
410932 411212
412661 413357
413899 416506
418539 430231
439296 443196
444847 456691
457969 462526
463393 493950
494879 495828
499964 502135
502887 503509
509067 511249
514363 520234
521877 530334
531503 533573
535053 536602
538479 540142
541161 543085
543684 547213
548710 552348
552921 554962
555594 557403
561642 595780
597291 598605
600267 604655
612165 615163
619571 625638
631653 631965
633244 650974
654289 655715
657665 657726
658568 659327
661211 661303
668531 674209
675044 675514
676231 676321
678579 679320
680644 681422
683727 686088
687966 692294
692970 693373
694938 702193
704419 704685
705491 715862
719920 720025
724503 731491
736132 761144
762683 764536
766098 766889
768824 776273
785814 787382
788171 791717
792257 792415
793060 793224
795076 795203
795729 797455
798717 799286
800065 805169
806040 806801
809469 811390
814217 838063
839165 839282
842829 854490
857938 858438
860454 866187
867124 868858
875485 875928
876922 880336
883492 883745
884944 885319
885870 886387
887988 891072
893406 897751
899173 900426
901889 908954
910767 911029
911747 911845
914051 915330
916264 917631
918665 923310
924409 927596
929674 930750
932102 933977
936682 938749
940514 942167
945345 949926
950712 951865
962989 973180
973856 977768
978765 981706
983743 983873
986036 988035
988583 990222
991118 1002991
1005922 1006047
1014468 1016101
1017647 1019874
1020848 1025986
1029553 1039352
1041368 1041552
1045770 1049251
1054871 1057653
1066392 1068880
1071605 1072158
1073396 1073982
1079564 1094580
1098212 1102901
1103569 1110530
1111757 1120931
1121520 1123382
1125518 1125610
1126566 1138996
1139854 1142930
1144100 1165843
1169208 1182095
1183768 1185639
1188739 1192263
1194977 1196288
1201151 1209883
1211909 1212016
1213133 1222893
1223792 1231754
1232504 1239198
1239894 1242773
1245576 1254015
1258849 1264981
1266117 1272635
1275004 1276913
1279976 1280769
1283067 1283746
1284368 1287095
1287614 1293711
1294572 1294970
1295549 1307297
1308021 1312526
1313255 1316262
1317108 1319009
1335939 1336099
1338655 1356492
1364893 1382060
1383145 1385483
1392324 1392450
1393686 1398413
1399007 1399386
1400719 1402658
1403484 1425582
1429884 1430799
1431485 1444750
1447500 1450828
1452900 1453422
1454325 1460624
1461649 1464536
1467858 1468304
1469005 1471199
1473355 1473592
1474554 1474687
1476596 1476859
1479727 1480009
1482150 1483364
1488888 1491756
1493327 1495527
1497271 1498809
1502472 1506475
1507498 1512110
1512785 1513484
1515156 1516837
1517846 1518944
1520800 1521868
1523238 1523648
1524484 1529050
1530147 1534356
1541304 1542178
1543250 1544075
1546970 1549235
1550000 1552733
1562897 1568976
1579753 1581482
1582433 1588116
1598940 1599139
1600422 1606891
1610686 1662293
1664259 1681757
1684485 1684651
1687956 1688524
1690916 1691088
1692111 1695955
1696211 1696603
1696814 1697098
1699004 1708461
1709277 1709963
1713918 1728474
1729065 1734569
1735334 1735454
1738077 1739632
1742836 1743003
1743611 1751176
1753708 1753972
1755753 1756609
1758185 1758292
1763398 1766407
1769137 1771593
1775374 1777710
1778641 1778771
1782471 1784129
1785522 1786290
1788664 1789365
1791440 1791583
1801053 1803887
1808879 1811117
1812690 1820724
1822792 1823489
1826085 1826452
1831938 1832274
1836305 1844091
1844807 1845002
1847143 1848414
1849118 1853908
1854532 1867442
1867971 1871748
1872588 1881456
1882242 1887136
1896456 1896552
1897217 1900238
1901977 1902823
1923287 1925449
1931948 1932050
1935931 1939554
1940431 1944550
1945066 1946766
1947406 1948298
1950169 1950439
1951343 1955591
1959815 1962900
1964111 1966758
1970208 1975209
1979154 1986269
1988463 1988907
1995545 2009917
2017250 2032171
2032452 2032520
2032826 2049553
2054359 2054647
2057908 2065632
2083566 2088036
2090750 2091115
2095087 2098054
2098568 2101131
2104072 2104403
2105787 2111089
2111624 2115355
2117702 2117834
2119037 2119163
2120415 2128303
2129632 2129792
2131326 2131717
2132497 2133622
2142370 2142847
2152234 2154749
2156070 2180105
2181300 2189125
2189946 2197006
2197944 2198394
2203440 2207078
2209567 2210997
2213678 2219392
2220453 2220633
2221162 2222308
2223952 2231246
2235067 2243166
2244194 2260508
2261245 2261922
2262274 2265073
2266295 2269123
2270916 2273361
2274729 2276860
2280203 2283459
2286830 2303285
2304301 2319970
2323063 2326809
2337563 2346784
2347534 2366247
2367543 2368738
2370211 2370467
2374621 2375020
2379247 2382252
2382354 2382814
2396253 2396564
2398240 2402974
2403525 2405321
2407086 2407402
2409758 2410877
2412432 2413320
2415596 2470221
2470933 2473733
2474947 2475200
2476080 2476517
2478227 2478611
2481501 2484309
2485039 2485167
2485554 2497198
2498658 2498810
2499749 2502085
2503121 2506951
2508139 2522224
2525322 2525669
2532489 2534682
2535281 2549356
2549912 2550356
2550870 2552136
2553146 2559225
2564231 2564374
2564863 2565679
2569136 2570674
2574832 2575537
2576642 2579023
2581208 2581907
2582784 2582947
2583514 2584806
2585512 2586792
2588817 2603726
2605237 2608261
2610368 2625207
2627078 2628730
2629231 2629914
2630443 2631105
2631659 2667399
2668140 2668902
2669455 2671968
2672643 2680614
2682615 2684934
2685585 2686035
2686906 2687214
2690503 2690585
2690770 2693091
2693341 2693397
2694015 2696042
2697012 2700219
2700814 2709509
2711847 2714266
2715589 2718595
2721157 2722240
2725383 2728411
2730877 2731540
2734717 2740645
2742513 2752808
2761056 2764045
2776148 2777324
2780149 2788858
2789369 2799673
2807735 2817308
2818201 2823532
2824036 2827382
2828720 2830387
2831575 2838314
2846695 2847054
2855285 2855555
2856961 2857779
2858385 2928668
2931214 2941250
2943010 2961039
2962272 2962525
2963492 2963584
2966833 2968090
2969438 2971443
2971696 2980882
2982216 2982403
2984204 2984381
2991902 2998000
2998856 2999721
3005644 3012572
3015058 3017822
3020055 3027187
3027798 3042516
3043127 3056106
3058177 3111805
3112661 3139707
3141192 3142359
3143176 3155395
3157786 3159766
3162873 3163332
3164385 3164738
3166673 3175621
3180263 3190603
3190742 3192444
3196838 3203194
3206475 3209937
3211266 3212551
3214405 3282620
3285050 3287989
3288150 3305029
3316294 3321077
3323407 3324640
3325266 3337288
3341331 3341493
3341718 3343422
3348981 3351134
3358324 3360561
3364257 3364438
3365038 3369976
3370882 3374708
3375641 3377031
3377750 3379390
3380563 3381663
3382972 3383259
3384044 3385500
3388834 3389344
3390749 3395886
3396944 3397203
3398853 3406209
3413921 3414151
3418770 3418880
3420201 3427773
3428016 3428149
3429772 3430300
3431961 3432061
3432705 3432881
3433943 3434107
3434627 3434748
3435469 3436926
3437903 3438786
3444719 3444803
3446950 3447054
3448658 3448946
3457886 3469416
3474701 3475284
3476941 3492922
3493481 3498739
3512686 3515338
3522212 3523511
3527563 3528444
3530485 3530661
3532855 3533376
3534427 3536256
3536765 3538711
3541896 3543405
3544401 3557339
3557885 3564187
3564937 3570484
3571456 3572722
3573447 3575057
3576332 3576536
3578334 3581741
3582356 3582663
3583178 3584605
3585260 3587835
3588629 3590904
3591428 3596592
3597472 3597997
3599240 3601083
3601795 3607891
3608487 3612060
3614163 3616891
3617425 3623836
3625411 3627011
3627943 3628030
3629285 3629769
3630337 3631573
3633113 3633880
3634881 3634985
3635858 3639606
3640111 3640874
3642363 3647777
3649447 3649888
3650930 3655675
3657175 3662789
3664188 3666447
3667010 3668146
3668776 3681409
3682220 3687366
3687659 3694675
3695356 3697317
3698694 3701309
3702818 3710424
3710574 3725863
3730072 3743403
3752032 3752101
3754656 3797890
3812771 3816789
3818174 3832688
3840686 3842447
3844475 3849288
3850161 3861433
3864431 3864758
3865648 3870339
3870610 3870716
3873182 3875437
3877582 3884802
3885331 3886545
3888202 3888387
3888936 3894069
3897062 3906185
3910397 3919457
3921564 3923522
3937440 3937616
3938768 3941873
3953665 3958996
3959565 3972182
3972311 3972529
3977164 3978040
3983060 3983644
3984201 3988391
3989064 4001893
4004993 4005594
4006940 4017553
4017684 4018118
4018781 4027750
4028322 4029361
4029949 4034455
4035258 4068746
4071344 4080354
4081712 4096474
4097645 4098306
4101261 4103088
4105865 4108261
4109061 4110051
4112123 4112440
4113702 4114160
4117089 4118035
4121996 4134853
4143558 4144421
4144929 4151574
4152299 4154361
4155149 4159832
4162569 4167377
4168135 4168393
4171169 4171402
4173482 4179510
4180047 4180732
4180882 4183931
4185520 4202049
4202123 4204364
4206122 4209925
4210563 4210945
4211729 4212584
4214337 4214391
4221185 4234243
4241062 4241203
4248524 4265068
4272556 4272747
4272925 4273047
4276709 4276945
4287018 4287239
4288637 4291044
4294400 4316000
4316757 4316925
4318489 4324887
4327882 4329405
4330546 4330679
4332120 4335600
4346384 4346687
4347496 4347580
4349041 4363191
4373919 4375969
4381035 4381288
4386922 4392818
4394570 4397109
4398104 4403402
4405096 4406761
4407470 4409515
4411000 4417439
4418835 4419788
4420711 4420796
4421943 4425510
4426518 4426653
4426877 4427079
4427748 4431605
4433442 4436863
4437411 4439555
4440787 4441405
4443764 4451603
4453396 4472963
4473465 4475992
4476911 4478391
4479014 4480576
4484157 4487339
4493855 4494042
4494702 4495993
4502333 4517513
4526084 4538099
4542266 4553626
4559185 4561933
4562964 4563725
4568220 4570736
4572529 4572884
4573966 4580861
4581369 4581754
4582320 4583083
4594761 4599796
4601481 4612543
4615914 4616529
4617480 4619535
4620775 4620960
4623173 4681953
4682797 4685640
4687390 4691621
4703374 4703451
4709612 4711218
4711922 4715130
4718671 4718929
4720324 4720421
4723228 4734556
4735877 4735994
4737150 4743482
4752562 4756086
4756689 4763592
4764544 4764659
4766638 4784195
4785500 4803389
4806519 4816021
4818471 4833191
4834511 4835615
4843782 4844232
4847490 4847704
4850383 4858763
4859788 4859893
4860202 4860294
4860795 4861620
4864160 4864918
4877536 4880795
4885307 4885711
4888680 4892804
4895238 4895861
4902342 4902453
4907424 4910888
4911441 4912202
4920277 4920343
4924055 4924418
4928332 4929799
4929916 4933086
4934014 4934240
4945169 4945532
4947469 4948768
4953181 4958655
4960108 4960704
4961766 4962193
4962757 4963509
4964268 4968846
4972175 4988584
4989247 4991831
4993760 4996146
5005097 5005230
5012093 5012296
5017699 5021733
5024514 5038185
5041284 5042422
5043001 5046181
5048874 5060677
5061387 5061609
5062770 5063112
5064720 5070968
5071874 5089455
5089645 5091683
5093514 5097410
5098106 5099982
5102655 5103038
5103912 5111324
5115124 5116140
5116698 5116856
5118642 5131921
5146410 5165288
5166462 5166733
5168470 5168578
5169098 5169230
5170455 5174521
5183687 5206343
5207197 5208030
5213409 5221476
5222698 5248601
5255436 5260529
5261215 5261365
5265121 5265895
5269402 5290005
5293253 5294660
5295306 5301033
5301866 5302119
5302850 5303013
5303679 5304800
5320052 5320111
5321961 5329586
5330429 5330685
5332706 5332845
5335888 5344378
5354461 5354865
5357597 5359824
5366939 5367134
5368078 5368208
5368919 5369052
5373684 5381860
5384100 5387235
5391382 5413697
5416609 5416972
5418748 5419384
5420004 5421985
5422847 5423019
5424369 5424449
5426493 5431927
5433095 5436621
5437594 5445629
5448114 5450928
5454139 5460872
5463802 5465244
5471208 5473851
5474353 5481156
5482466 5484027
5484780 5489696
5490041 5500363
5503339 5504591
5510911 5514833
5520198 5520399
5524868 5528428
5530139 5536694
5537612 5538094
5539815 5549054
5550090 5567450
5578756 5581149
5583878 5584084
5585610 5603814
5604595 5615920
5617445 5617830
5619286 5620307
5621645 5623874
5624397 5625878
5627602 5632078
5633175 5642331
5643425 5646526
5651025 5652614
5667515 5675941
5678504 5678708
5679280 5679600
5683584 5705937
5706602 5716756
5717313 5731616
5738426 5739845
5748400 5758070
5758704 5759270
5762988 5763445
5764645 5771723
5773394 5773602
5777292 5784214
5784440 5784599
5793258 5798551
5802825 5802943
5807970 5815297
5821085 5827593
5831048 5843699
5845088 5860024
5860796 5860910
5863705 5866523
5867194 5868575
5871780 5877859
5882605 5882710
5887897 5891725
5892304 5894085
5898050 5900979
5903518 5916589
5923040 5961156
5961706 5963983
5964574 5966101
5971846 5976400
5980326 5983214
5984227 5988662
5989166 5989496
5990590 6003812
6004465 6012545
6016478 6025060
6025357 6039970
6042460 6066022
6066674 6069317
6070497 6072736
6081095 6082285
6090482 6090801
6091346 6092231
6092910 6095930
6097624 6106202
6106881 6113254
6113860 6114585
6116149 6120180
6120791 6120886
6126315 6126647
6132646 6134939
6138293 6138993
6142404 6142500
6145810 6147375
6155425 6155556
6164620 6169294
6170818 6172111
6175565 6178951
6181363 6194053
6195137 6197720
6198370 6203736
6204452 6209897
6212864 6212921
6215463 6217345
6218249 6259425
6260098 6260361
