gamma_proteobacterium_SCGC_AAA076-D02_gi_486428200_ref_NZ_
1 1398
2557 2796
7262 24128
24641 32688
35658 41341
43653 43916
50837 52390
54269 60336
61012 115776
gamma_proteobacterium_SCGC_AAA076-D02_gi_486428413_ref_NZ_
1 8063
14676 14964
16652 16836
18497 18565
21393 22049
24069 24271
26178 26537
35913 36353
42313 42713
45511 45796
48043 48272
48981 49852
51119 52381
gamma_proteobacterium_SCGC_AAA076-D02_gi_486428437_ref_NZ_
1 29199
gamma_proteobacterium_SCGC_AAA076-D02_gi_486428502_ref_NZ_
4685 5089
6488 6740
13743 14508
15112 15171
gamma_proteobacterium_SCGC_AAA076-D02_gi_486428426_ref_NZ_
1 1877
15336 36738
38282 38684
44771 48659
gamma_proteobacterium_SCGC_AAA076-D02_gi_486429104_ref_NZ_
1 1093
gamma_proteobacterium_SCGC_AAA076-D02_gi_486428317_ref_NZ_
11724 11837
29426 29641
37467 39037
41882 45500
46374 73140
gamma_proteobacterium_SCGC_AAA076-D02_gi_486428182_ref_NZ_
1 3917
4596 7706
14339 30946
31740 31799
32762 47947
59977 60409
62856 63252
64206 64530
70593 71203
78346 79594
86262 86314
89690 107314
109569 109809
112612 122743
124988 125108
125661 125971
131684 131739
gamma_proteobacterium_SCGC_AAA076-D02_gi_486428585_ref_NZ_
1994 2812
3508 8047
gamma_proteobacterium_SCGC_AAA076-D02_gi_486429283_ref_NZ_
gamma_proteobacterium_SCGC_AAA076-D02_gi_486428256_ref_NZ_
1 17950
18883 29050
36868 44657
46768 48289
51785 52939
54837 55651
58830 61666
72214 81850
82385 83432
88250 89434
90484 90736
102474 102636
106086 106249
gamma_proteobacterium_SCGC_AAA076-D02_gi_486429120_ref_NZ_
1 976
gamma_proteobacterium_SCGC_AAA076-D02_gi_486428961_ref_NZ_
1 836
1340 1531
gamma_proteobacterium_SCGC_AAA076-D02_gi_486428674_ref_NZ_
1 2595
gamma_proteobacterium_SCGC_AAA076-D02_gi_486428608_ref_NZ_
1 6142
gamma_proteobacterium_SCGC_AAA076-D02_gi_486428539_ref_NZ_
3727 7560
8758 9166
gamma_proteobacterium_SCGC_AAA076-D02_gi_486428631_ref_NZ_
1 453
3300 4301
gamma_proteobacterium_SCGC_AAA076-D02_gi_486429191_ref_NZ_
1 606
gamma_proteobacterium_SCGC_AAA076-D02_gi_486429028_ref_NZ_
gamma_proteobacterium_SCGC_AAA076-D02_gi_486428528_ref_NZ_
1 10714
gamma_proteobacterium_SCGC_AAA076-D02_gi_486429171_ref_NZ_
1 634
gamma_proteobacterium_SCGC_AAA076-D02_gi_486428177_ref_NZ_
1 1393
16033 17397
18136 38123
56098 56562
57477 57596
64047 64570
68925 69377
73764 74181
79872 80197
85894 86086
94721 94854
98512 98643
100593 114741
115552 116890
120573 123621
124871 132664
133638 136166
139918 142418
143796 144209
146013 147129
149407 149509
154009 154294
155115 155343
162677 162731
gamma_proteobacterium_SCGC_AAA076-D02_gi_486429236_ref_NZ_
gamma_proteobacterium_SCGC_AAA076-D02_gi_486428462_ref_NZ_
1 17435
gamma_proteobacterium_SCGC_AAA076-D02_gi_486428401_ref_NZ_
1 8124
8748 9151
10860 11245
12739 12935
14703 18728
19914 21038
23071 33309
41158 42094
43637 47276
52859 53499
gamma_proteobacterium_SCGC_AAA076-D02_gi_486428156_ref_NZ_
1 595
12041 12212
20491 20911
22527 28450
30519 30771
33523 33609
34390 51975
57362 58596
66952 67088
71802 78120
78751 78924
79577 80648
81540 81896
84071 86645
87182 87294
88211 94505
95195 95384
96573 96627
100796 135191
138353 138863
139596 140074
140791 141426
149220 149352
152749 153803
172923 173810
176615 176670
197767 198451
199345 199525
200172 201164
201755 205011
208939 209174
209862 211227
218654 219526
221006 221119
228912 229234
233153 233203
237033 237401
241441 243562
gamma_proteobacterium_SCGC_AAA076-D02_gi_486429143_ref_NZ_
626 688
gamma_proteobacterium_SCGC_AAA076-D02_gi_486428701_ref_NZ_
1 2426
gamma_proteobacterium_SCGC_AAA076-D02_gi_486428371_ref_NZ_
1 1264
7405 7544
8105 8257
11400 12204
29157 29406
31710 31817
33642 42456
48005 48904
57616 58860
61485 65551
gamma_proteobacterium_SCGC_AAA076-D02_gi_486428338_ref_NZ_
9670 9837
15888 17063
19067 20759
36497 56126
56423 59298
62397 67124
gamma_proteobacterium_SCGC_AAA076-D02_gi_486429326_ref_NZ_
gamma_proteobacterium_SCGC_AAA076-D02_gi_486429004_ref_NZ_
1 1274
gamma_proteobacterium_SCGC_AAA076-D02_gi_486428901_ref_NZ_
1 1705
gamma_proteobacterium_SCGC_AAA076-D02_gi_486429162_ref_NZ_
1 808
gamma_proteobacterium_SCGC_AAA076-D02_gi_486428818_ref_NZ_
1 2402
gamma_proteobacterium_SCGC_AAA076-D02_gi_486428941_ref_NZ_
gamma_proteobacterium_SCGC_AAA076-D02_gi_486428647_ref_NZ_
gamma_proteobacterium_SCGC_AAA076-D02_gi_486428218_ref_NZ_
490 10089
11252 11856
15248 16105
25209 25814
28576 30626
36056 39188
43138 47568
50942 59669
60507 61236
65063 66339
72221 72894
74428 74699
74995 75318
80136 80635
83875 85902
87704 88210
97153 98696
gamma_proteobacterium_SCGC_AAA076-D02_gi_486428663_ref_NZ_
gamma_proteobacterium_SCGC_AAA076-D02_gi_486428556_ref_NZ_
1 10017
gamma_proteobacterium_SCGC_AAA076-D02_gi_486429215_ref_NZ_
1 599
gamma_proteobacterium_SCGC_AAA076-D02_gi_486428742_ref_NZ_
gamma_proteobacterium_SCGC_AAA076-D02_gi_486428279_ref_NZ_
1 71
3586 10453
11512 12287
15038 18373
25659 26316
28506 29880
32634 32887
35229 52328
59973 60608
74950 75429
80422 80625
89909 90217
gamma_proteobacterium_SCGC_AAA076-D02_gi_486428480_ref_NZ_
1 88
16087 16180
gamma_proteobacterium_SCGC_AAA076-D02_gi_486429293_ref_NZ_
1 555
gamma_proteobacterium_SCGC_AAA076-D02_gi_486428846_ref_NZ_
1 160
1691 2103
gamma_proteobacterium_SCGC_AAA076-D02_gi_486428167_ref_NZ_
1368 1592
3932 4101
11126 11389
13189 13240
14169 19468
39631 42062
42998 44624
54028 54389
56962 57361
58359 58660
59495 61349
65985 66088
79252 79502
84162 84698
95663 95836
102331 102844
105314 105629
107740 110635
119053 120458
134825 147804
148341 149968
151767 154583
160292 160814
165008 170791
gamma_proteobacterium_SCGC_AAA076-D02_gi_486429179_ref_NZ_
1 624
gamma_proteobacterium_SCGC_AAA076-D02_gi_486429260_ref_NZ_
gamma_proteobacterium_SCGC_AAA076-D02_gi_486428298_ref_NZ_
499 1152
3427 3623
4704 4755
12208 26003
32013 32799
48298 49883
58810 59250
61038 61222
64027 64249
64847 65153
69831 74413
75486 75913
83075 84391
gamma_proteobacterium_SCGC_AAA076-D02_gi_486429097_ref_NZ_
963 1116
gamma_proteobacterium_SCGC_AAA076-D02_gi_486429306_ref_NZ_
gamma_proteobacterium_SCGC_AAA076-D02_gi_486429057_ref_NZ_
gamma_proteobacterium_SCGC_AAA076-D02_gi_486428650_ref_NZ_
1 664
1744 3941
gamma_proteobacterium_SCGC_AAA076-D02_gi_486428973_ref_NZ_
1 55
