Bacteroides_fragilis_NCTC_9343_gi_60679597_ref_NC_0
1 30230
31115 72651
73681 77090
77596 83288
83942 114168
115278 125716
126323 130219
131154 132898
133267 145099
145802 169849
170513 187010
187139 199166
199755 214326
215102 231626
232402 233894
234482 241735
242335 249676
250196 256238
256978 266707
267322 276449
277179 295264
295782 303543
304547 311054
311695 319251
319762 344776
345159 345655
346248 347096
348017 356686
358091 358286
359232 396575
397231 446447
447056 455551
456175 466325
467247 478327
478876 492612
493286 512590
512869 519307
519838 537221
537900 558358
559164 573908
574410 577320
577845 579995
581066 582162
582874 599652
600410 628116
629445 638956
639676 640673
641278 644855
645526 684610
685198 687278
687811 688036
688629 692390
693091 695313
695407 718693
718933 753212
753828 767775
768250 807750
808421 819274
820027 825319
825855 830221
830768 877649
878295 886251
886890 920602
921174 923538
923606 929997
930590 935423
936103 940849
941746 990886
991437 1002555
1002654 1028949
1029645 1039660
1040152 1051176
1052324 1061714
1062875 1063733
1063954 1070486
1070599 1099643
1100341 1106729
1107287 1124651
1125369 1176561
1177490 1193286
1193928 1202514
1203132 1255187
1255255 1258095
1258915 1299198
1299687 1414524
1415301 1434560
1434918 1445019
1445750 1471182
1471730 1519552
1520497 1521554
1522205 1522316
1522688 1523463
1524058 1532337
1533229 1614450
1614951 1670435
1670972 1830729
1831253 1926043
1926693 1937994
1938800 1957737
1957905 1962755
1963263 1976859
1977479 2013326
2013975 2021170
2021732 2024221
2025079 2030993
2031909 2049801
2050857 2056691
2057198 2065120
2065427 2070917
2072002 2073619
2074215 2077591
2078160 2078532
2078783 2079830
2079913 2092421
2092912 2108890
2109056 2176410
2176947 2232940
2233451 2296774
2297606 2333730
2333821 2384783
2385146 2488768
2489429 2524714
2525375 2633523
2634151 2668472
2669185 2672851
2673591 2794670
2795502 2883667
2884337 2920380
2920926 2921308
2921923 2925674
2926208 2928870
2929386 2959166
2959754 2989916
2990505 3059540
3059935 3060025
3060534 3088021
3088538 3116874
3117036 3124929
3125182 3131054
3131607 3135277
3135986 3209665
3209848 3346825
3347420 3399588
3399830 3477184
3477317 3493038
3493737 3498683
3499320 3516450
3517081 3668494
3669103 3755737
3756338 3756580
3757147 3785151
3785805 3791751
3792393 3803544
3804247 3807013
3807584 3811196
3811967 3842379
3843090 3862604
3863243 3893831
3894336 3918882
3919491 3951631
3952169 3960588
3961091 3983419
3984038 4005095
4005623 4027059
4027713 4076106
4076749 4098466
4099082 4110337
4110955 4144821
4145404 4153630
4153823 4189824
4190876 4195051
4195669 4216559
4217096 4230646
4231130 4254171
4254384 4255246
4256310 4258399
4258787 4264117
4264754 4269087
4269754 4294441
4295106 4334151
4334674 4375695
4376438 4396789
4396958 4407229
4407833 4420926
4421467 4422554
4423289 4435322
4436363 4450727
4451430 4455255
4455955 4505255
4505988 4609900
4610537 4622449
4623163 4626700
4627310 4649760
4650366 4660289
4660500 4660616
4661079 4670711
4671295 4713475
4714020 4728730
4729270 4837816
4838381 4860184
4860352 4863090
4863196 4863394
4863551 4865949
4866031 4880479
4881147 4926145
4926673 4932451
4933288 4938533
4939067 4940294
4940837 4949450
4950338 4956988
4957519 4965884
4966703 4977323
4977914 4983505
4984041 4993839
4994463 5006412
5007409 5008249
5008854 5025624
5026219 5047960
5048584 5066053
5066814 5074657
5075194 5088042
5088701 5089438
5090027 5091994
5092533 5106097
5106614 5121874
5122095 5146156
5146552 5170735
5171260 5181514
5182160 5185072
5186210 5187460
5188084 5188923
5189425 5196957
5197054 5205140
