Bacteroides_fragilis_NCTC_9343_gi_60679597_ref_NC_0
1 69828
69994 105810
105947 106136
106206 106418
106598 106787
106918 114231
114364 114531
114710 114935
115050 1144207
1144311 1144534
1144679 1144821
1144937 1145081
1145198 1176567
1176749 1176956
1177105 1177221
1177400 1485076
1485806 1490380
1490584 1499853
1499955 1500443
1500650 1501084
1501237 1501481
1501591 1502735
1503247 1511032
1511391 2047572
2047760 2047926
2048031 2229691
2229794 2229999
2230264 2230396
2230559 3870857
3871466 3871963
3872848 4062695
4062856 4063027
4063210 4063375
4063520 4255026
4255136 4255369
4255492 4255728
4255835 4607691
4607798 4608046
4608154 4608354
4608441 4608642
4608725 4663179
4663481 4663614
4663813 4977415
4977518 4977752
4977860 5072903
5073086 5073302
5073372 5073598
5073830 5137547
5137765 5137932
5138059 5205140
