Bacteroides_fragilis_NCTC_9343_gi_60679597_ref_NC_0
1 14874
15606 21293
21512 21595
21802 24030
25017 27539
27772 29812
30079 30208
31330 34812
35772 43930
44585 65276
65781 72647
73600 77224
77892 83281
83943 93699
94267 94864
95091 105343
107409 114231
114794 118213
118387 125690
126302 130219
130806 133426
134019 142845
143102 143258
143492 150058
150594 154977
155778 158117
158361 158549
158769 198918
200025 201480
201796 201900
202202 203398
203928 207338
207577 208333
208857 210073
210642 211203
211283 214326
215223 221553
221767 221861
222147 232092
232402 241724
242350 248006
248830 250745
251326 256337
256979 266707
267220 268704
269673 270353
270582 270671
270901 276625
277179 286524
287133 296964
297537 303561
304554 309470
310070 311035
311695 319251
319809 352736
352922 353116
353348 356686
359147 380058
380158 383685
384381 391473
392039 396547
396836 396964
397549 414714
415296 418796
419344 423414
423557 426690
426854 448381
448652 455528
456175 457565
457866 457957
458480 484041
484608 492667
493296 499559
500069 501653
502357 505158
505921 512171
512903 518532
518768 518895
519114 519295
519849 522632
522869 522978
523185 529531
529815 529919
530154 553695
554233 556574
557139 573908
574555 580277
581095 582322
582874 605525
605803 609800
610350 628187
629445 631662
631815 637201
637365 640673
641297 644844
645526 646392
646651 646736
647019 682002
682512 684609
685483 687274
688662 690143
690771 693316
693420 701876
702171 702270
702758 702860
703086 716834
717458 718693
720112 753212
753879 761534
762058 767775
768273 772801
773364 779417
780031 783223
783728 800378
800986 801557
802076 807720
808436 819274
819977 821003
821260 821365
821602 830286
830788 837625
838391 851312
851510 873222
873944 875400
875915 877634
878409 883495
884032 934739
934819 935414
936390 937567
938229 940849
941597 948772
949084 949252
949778 959585
959879 963203
963749 976308
976644 976778
977067 989402
989644 989770
990423 997719
998302 1007054
1007589 1023404
1024020 1050971
1052275 1061690
1062879 1070170
1070854 1099599
1100353 1103211
1103507 1103622
1103845 1111257
1111555 1111662
1111954 1112101
1112282 1124651
1125605 1143973
1144721 1144809
1145449 1147144
1147450 1154890
1155401 1176510
1177497 1192622
1192843 1193788
1194074 1198870
1199648 1202187
1203132 1208139
1208412 1208561
1208774 1214596
1214830 1214956
1215770 1229058
1229658 1253433
1254089 1257940
1258915 1259474
1260016 1273212
1273862 1279279
1279781 1301393
1301608 1301693
1301937 1311788
1312023 1312139
1312352 1317343
1317926 1318283
1318832 1319412
1319927 1406018
1406260 1410784
1411003 1411110
1411260 1414515
1415156 1430056
1430636 1437943
1438666 1443473
1443607 1472908
1473066 1479891
1480013 1519668
1520505 1532337
1533116 1541367
1541592 1541695
1541908 1542658
1543658 1545690
1546291 1555466
1556134 1561221
1561892 1561983
1562245 1565693
1565918 1574794
1575413 1646392
1646949 1671773
1672549 1716873
1717371 1803946
1804053 1830729
1831572 1919441
1919818 1925821
1926693 1933037
1933173 1933302
1933556 1976859
1977518 1983236
1983312 1989262
1989356 2013286
2013983 2018680
2019263 2019706
2020235 2021170
2021807 2022925
2023504 2027335
2027890 2030993
2031880 2046558
2047314 2047477
2048159 2049801
2051213 2057741
2058397 2065270
2065427 2067478
2067679 2067773
2068575 2070628
2072041 2074499
2075091 2077479
2078783 2079825
2079913 2090056
2090590 2092411
2092912 2105172
2105744 2108757
2109075 2109200
2109795 2113507
2114028 2159437
2159699 2160994
2161513 2168361
2168578 2168659
2168973 2178351
2178879 2181434
2181661 2181728
2181994 2197148
2197674 2198107
2198323 2230350
2230828 2236363
2236509 2241580
2241815 2241905
2242146 2275130
2275727 2283252
2283816 2285556
2285696 2331961
2332667 2336613
2336795 2336948
2337230 2338686
2339783 2341602
2342154 2360520
2360785 2360878
2361091 2384783
2385146 2392724
2393356 2424654
2424764 2473436
2473937 2511965
2512531 2519791
2520129 2520256
2520476 2524846
2525403 2527916
2528130 2528233
2528459 2528615
2528889 2529041
2529492 2553631
2553841 2591282
2591856 2592009
2592322 2630105
2630390 2630541
2630766 2630868
2631134 2633523
2634176 2639441
2639918 2649357
2649892 2672793
2673554 2794670
2795512 2855632
2855858 2855970
2856513 2874589
2874808 2874876
2875084 2875309
2875816 2920208
2920926 2921294
2921873 2925674
2926292 2932709
2933293 3017535
3018090 3060021
3060535 3068947
3069440 3087999
3088312 3088400
3088688 3124648
3125608 3131054
3131310 3134973
3136469 3145187
3145703 3148533
3148765 3184102
3184365 3184458
3184687 3193002
3193096 3212933
3213452 3240036
3240246 3240420
3240659 3277664
3278227 3287398
3287688 3287793
3288465 3288788
3289306 3296116
3296408 3296504
3296774 3297584
3298068 3301754
3302086 3302254
3302509 3305005
3305502 3309577
3310139 3341815
3342093 3346825
3347420 3363902
3364523 3368468
3369020 3399537
3400194 3441313
3441562 3441673
3441900 3455853
3456429 3462056
3462271 3462401
3462621 3475077
3475653 3493038
3493644 3511359
3511632 3511720
3511971 3514995
3515213 3515429
3515526 3516448
3517025 3519560
3519836 3519923
3520146 3520990
3521215 3521308
3521750 3524292
3524821 3525271
3525954 3550929
3551369 3551459
3551758 3577550
3578210 3596179
3596472 3600482
3601245 3616810
3618237 3638825
3639032 3649790
3650047 3657231
3657371 3678761
3679009 3679082
3679293 3693314
3693415 3705811
3706042 3706154
3706424 3732358
3732802 3744725
3744968 3745054
3745549 3753894
3754105 3783097
3783671 3785104
3785744 3790975
3792333 3795871
3796146 3796240
3796542 3798061
3798358 3802156
3802671 3803535
3804056 3811642
3812005 3812093
3812351 3839018
3839178 3840200
3840422 3859111
3859613 3893831
3894510 3894674
3895276 3897173
3897838 3900248
3900588 3900703
3900944 3908257
3908496 3908592
3909095 3918882
3919491 3931014
3931240 3931325
3931635 3936389
3936665 3951595
3952223 3955100
3955469 3960472
3961091 3968991
3969261 3969355
3969566 3978483
3979199 3982804
3983026 3983191
3983417 3988006
3988684 4022604
4023383 4027059
4027713 4063310
4063576 4098466
4099246 4109066
4109648 4111192
4111436 4111565
4111718 4112308
4113489 4144821
4145342 4189949
4190788 4195051
4195703 4200692
4200957 4201063
4201340 4203751
4204464 4216559
4217085 4219437
4220078 4229778
4231188 4255009
4256148 4261346
4261971 4269302
4269999 4285890
4286160 4286276
4286487 4294441
4295142 4309808
4310552 4319921
4320427 4334148
4334651 4336567
4337160 4375351
4376720 4378123
4378343 4378482
4378690 4381917
4382026 4384228
4384462 4384601
4384877 4399207
4399751 4405324
4405451 4419244
4419797 4422554
4423289 4435322
4435851 4436207
4436508 4436633
4436893 4441073
4441799 4450727
4451335 4505254
4505988 4566373
4566850 4578292
4578812 4591719
4592263 4592529
4593079 4609900
4610537 4617593
4617869 4621995
4623687 4626700
4627621 4628980
4629198 4629329
4629870 4634409
4634652 4634741
4635417 4647542
4647617 4654320
4654896 4667806
4668043 4668161
4668397 4670659
4671492 4679900
4680472 4680901
4681121 4681227
4681451 4728775
4729295 4729730
4730368 4730636
4731191 4741438
4742048 4794780
4795314 4807945
4808244 4808395
4808621 4837816
4838395 4838971
4839475 4855977
4856500 4859792
4860409 4865051
4865671 4877955
4878462 4883837
4884080 4884202
4884508 4885566
4886153 4917462
4918152 4926139
4926822 4928107
4928383 4931500
4933044 4938435
4938881 4939058
4939542 4940269
4940837 4941306
4941973 4944196
4944849 4951038
4951619 4956669
4957722 4966077
4966969 4988342
4988596 4992878
4993141 4993248
4993518 4999886
5000119 5000223
5000489 5003019
5003312 5003424
5004018 5004101
5004314 5008375
5008884 5025622
5026219 5051688
5052003 5052146
5052418 5066141
5066814 5068436
5069156 5072865
5073123 5073296
5073841 5074693
5075206 5080452
5081033 5084752
5085458 5089425
5089833 5091601
5091813 5091912
5092183 5093436
5094038 5104397
5104698 5104823
5105067 5106097
5106885 5113437
5114221 5114324
5114542 5132928
5133173 5133260
5133468 5140376
5140941 5142501
5143128 5144132
5144702 5146098
5146700 5152262
5152559 5170716
5171260 5174096
5174334 5181659
5182160 5184459
5185819 5185920
5186242 5187355
5188119 5188909
5189427 5205140
