Bacteroides_ovatus_gi_423295928_ref_NZ_
1 4439
4524 21685
22528 23388
24216 28245
28440 29413
30688 31109
31775 32303
33627 33914
34464 35690
35791 36201
37609 44294
45901 49251
49978 50259
50800 54101
57078 57520
58682 65026
67262 71148
72603 73378
74034 74411
75118 79027
79909 81629
84187 84684
91829 91965
92640 93475
94268 96281
97145 97558
99075 102313
106118 108325
108997 124745
126018 130079
131243 132751
136218 136428
138107 140485
141365 142682
143772 144380
146717 156596
157197 159748
160603 162241
164430 165252
165899 166130
167184 167654
168474 183581
184230 184579
185450 191429
192127 193000
193579 198483
200442 202398
203319 203852
205813 209460
211409 212876
213140 214209
214806 215664
217281 217565
217687 223122
224384 224485
224806 224906
225211 225760
227080 229084
229887 230542
231810 234637
235792 246311
247634 251659
252203 255110
255640 337464
339379 341444
342981 343111
350853 355237
356843 361738
362565 366539
367070 367650
368343 370091
370940 371845
372992 374809
375605 377102
378443 389195
389989 394529
395095 403406
405210 412698
413858 418331
419275 421078
422272 468111
468636 469580
470451 474945
475764 477931
478797 487177
488031 493933
494723 496376
496927 499302
509960 530773
537547 537659
541913 543778
544823 554655
555164 556675
557356 564871
565131 570083
571110 571550
574226 574456
575853 579502
583500 585296
586224 592713
595113 605005
607841 615458
616002 617698
617785 622419
623335 625953
626695 627753
629821 630121
631108 634434
635483 640052
640174 640334
641002 647352
648636 652087
652845 657108
657922 659343
660752 661248
662063 663395
663944 665230
666175 667144
668342 671486
672818 673191
674096 691057
691581 692517
693861 696443
697470 710037
710133 712839
713587 718660
719788 721171
721901 725024
725890 726942
727982 735102
739693 739916
740681 743035
744521 744718
745421 747096
748774 749681
750618 751792
753306 753507
756744 756832
759875 760367
761116 761283
762994 765517
766121 773741
774334 775352
777115 779106
780100 787297
788249 789250
790035 792316
793500 794375
795051 797131
797834 798067
799167 799452
800279 800672
806070 806883
822412 822652
823290 826080
826763 826863
827566 828505
829976 832272
832893 848142
848699 848960
849897 850282
850964 851916
853009 853089
854940 873087
Bacteroides_ovatus_gi_423298762_ref_NZ_
1 9360
Bacteroides_ovatus_gi_423298811_ref_NZ_
1 1643
Bacteroides_ovatus_gi_423298626_ref_NZ_
1 9047
10651 13400
20860 24889
31301 31739
32331 47059
47975 63162
64218 70053
70560 75489
Bacteroides_ovatus_gi_423293208_ref_NZ_
1 14280
15185 15407
16323 18863
21505 23558
24887 26946
27851 34690
36753 37493
38934 40985
46097 47974
54297 54477
55836 56782
65100 70366
70870 71686
72520 76468
77145 80277
82717 84200
85949 87813
88725 94997
95845 95915
97030 97097
97795 99401
100013 100294
100990 106499
108370 115765
118323 121557
123399 128310
128880 134434
136770 142348
143859 146943
148046 148402
149051 149783
150446 151250
152141 153327
154283 155416
156862 157388
159061 159928
160779 163213
164058 164506
165898 168560
169895 170640
171744 172642
176036 177317
177984 178189
179627 181346
182143 184170
185518 186006
187260 188196
189913 195303
209454 209682
210873 211606
212740 213633
215364 215860
218655 219676
220194 220966
221596 221680
224771 227107
228097 228912
230927 232025
245863 253040
253932 254637
258861 267114
267925 271086
275703 276358
281087 281589
283103 289805
297915 310009
310693 310991
311787 312681
313276 313848
314618 317769
319235 323039
324467 329124
329772 330219
330737 337151
337802 338413
352969 353080
364003 366986
367992 368287
369543 372556
373298 378912
379602 379718
380637 381112
381757 383061
383159 407403
408837 408957
412226 421402
422320 423134
424615 424921
426271 427282
428760 436196
442147 442235
445531 445646
447064 449615
457766 459455
459557 459808
460403 463046
464105 464205
464974 466269
467682 468745
469514 469798
471348 471777
474171 476369
477228 477599
478446 480022
482871 484088
485711 487347
488505 488880
490900 497307
497883 498905
500913 501025
504128 505613
508709 509417
509947 510236
510988 511395
512585 513607
514733 515480
516342 517022
518495 519396
519463 519544
520217 520738
521577 522384
523401 524202
525188 525617
527193 527448
528235 543967
545188 549450
566582 572737
574190 574550
576476 576667
577789 577951
579238 579370
580523 581001
582970 585928
587291 595046
595786 602942
603496 607872
608376 614003
619966 623258
623778 624444
627185 627268
628617 630746
633095 633601
634419 634515
635533 636369
637526 643600
644137 644443
649715 653701
655420 656887
658026 659636
660364 660767
662057 663158
663929 668530
672582 677299
677804 678205
679225 680745
682758 683037
683785 684435
685265 685876
687110 690269
690919 691325
691949 692020
692603 693653
696355 697062
698020 700675
701391 704122
704802 705998
707610 709212
710271 710374
719018 719205
719956 720049
725538 731614
732854 736551
741948 742672
745551 746854
750058 750547
753395 754393
754693 754762
755405 759288
761168 764007
764616 772694
777533 778152
781016 781810
782481 782829
784700 784792
785724 786031
788982 789278
789790 791954
792725 793276
796237 796557
797298 797568
800606 804147
805147 805957
806733 810985
811228 814947
815777 818501
820168 820680
821271 821662
823106 823403
824289 824758
825561 826836
827536 828135
828864 829765
830269 831277
832521 832733
834870 836610
837329 841885
842938 848623
850438 853883
854460 855704
859754 860350
861079 862029
862873 863904
865102 868010
869477 873654
874416 875821
877102 881742
882449 884144
884911 885106
885878 886015
886995 887330
888142 893527
894370 895681
896375 896470
896691 896831
898243 898915
899597 900105
901143 901350
904136 904993
905948 907985
910390 910535
911215 913822
913920 914579
914650 914998
915869 916786
917998 918331
918432 920220
920562 922990
923814 929381
930204 935388
936763 937033
938111 945570
947069 948843
949818 953836
954651 955660
959052 961341
962241 966566
967081 967995
970034 970966
971804 974336
975019 975953
977383 979967
980816 987695
987832 991752
992453 993439
994341 1001943
1002627 1005295
1006192 1006825
1007055 1010230
1011069 1011154
1012062 1012394
1013064 1013129
1015532 1017033
1017829 1021798
1022733 1022960
1023803 1024991
1026059 1034677
1035414 1035568
1038708 1042562
1043300 1043483
1044998 1048253
1050941 1051140
1051744 1052233
1052850 1053151
1053747 1054573
1056691 1059279
1060104 1060519
1062143 1067724
1068615 1068775
1070106 1072808
1073698 1074998
1076617 1076904
1077591 1079134
1079670 1079810
1080324 1081842
1082897 1083739
1083973 1086863
1089546 1090095
1092916 1093090
1099339 1105224
1105867 1106683
1109653 1110219
1111707 1111773
1120492 1121303
1123310 1125534
1126748 1129124
1137293 1137934
1143029 1143389
1144055 1144493
1147369 1147486
1151039 1151600
1155659 1155774
1158480 1173230
1174598 1176597
1177501 1180585
1181707 1181925
1182785 1183102
1183797 1185014
1186978 1188168
1188833 1193641
1195756 1200671
1201429 1202566
1203183 1207131
1207757 1214023
1214694 1218689
1220773 1228121
1228823 1241364
1242873 1243043
1243219 1243715
1244059 1245321
1245836 1249828
1251803 1259337
1259847 1263077
1263512 1264374
1264981 1265503
1266037 1285482
1287264 1291619
1293068 1296949
1298399 1300570
1302958 1307443
1307583 1308656
1309180 1312296
1312533 1312640
1314629 1318817
1319384 1329825
1331293 1338799
1348175 1348436
1351235 1351643
1353742 1353834
1359456 1363826
1365522 1369379
1370184 1370880
1372600 1372865
1375254 1376258
1376922 1386088
1387059 1387198
1389667 1391454
1398112 1400007
1404489 1404679
1406070 1406332
1412563 1412760
1414691 1414976
1419535 1420582
1429614 1434711
1435337 1437359
1438259 1439793
1440856 1441609
1442928 1445902
1455780 1455972
1456404 1456721
1457526 1457938
1459293 1459435
1460513 1463549
1464406 1465085
1467517 1468973
1469975 1470560
1478139 1478319
1490128 1495281
1496093 1496226
1499325 1499413
1504460 1504536
1505055 1505820
1506702 1509843
1512835 1514090
1514820 1515077
1515672 1518137
1519165 1520699
1521473 1523867
1524695 1526324
1527063 1527799
1528319 1534004
1534668 1535287
1538443 1538885
1542544 1543576
1544826 1545797
1548897 1549177
1557179 1557884
1558850 1559503
1562050 1562262
1564624 1566591
1568378 1568859
1570258 1571227
1571855 1571907
1573590 1574358
1574962 1585152
1587237 1587805
1588445 1588769
1589712 1590162
1590819 1591403
1592085 1592319
1593643 1596771
1597315 1599482
1599690 1600328
1602752 1605107
1605615 1609078
1611953 1616091
1616596 1619339
1620779 1620850
1621427 1621736
1622260 1622486
1623106 1625514
1626601 1628162
1628869 1633571
1637481 1640579
1648789 1652387
1653356 1657118
1657304 1658307
1658849 1664804
1666192 1668592
1669272 1669895
1670507 1670813
1671580 1672224
1674738 1675116
1676163 1677450
1678127 1679254
1683950 1686329
1687468 1692220
1694099 1695593
1696117 1696505
1697137 1699360
1699872 1702887
1703665 1705132
1705920 1707581
1708121 1708999
1709979 1713973
1714814 1716737
1717240 1719086
1720986 1722886
1723589 1724728
1726408 1728589
1729628 1730322
1730627 1730739
1731056 1735443
1737087 1737357
1737881 1740000
1749020 1752458
1753296 1753429
1754304 1754495
1755717 1757695
1758290 1758989
1760066 1760956
1761172 1761554
1762446 1763091
1763183 1763463
1764642 1765063
1765725 1767461
1768196 1768398
1769333 1769941
1771742 1772549
1773676 1775885
1776564 1777254
1777972 1778594
1779317 1779639
1780619 1780948
1782943 1783991
1784619 1784966
1786163 1786515
1787737 1788546
1790272 1791517
1792448 1797237
1798889 1804798
1805516 1807258
1808121 1810442
1811280 1815809
1822426 1835227
1837523 1838851
1841987 1843951
1848761 1848959
1855181 1855429
1856988 1857088
1875870 1876348
1877442 1877932
1879136 1879721
1880632 1887579
1888815 1889337
1890051 1893806
1894390 1895485
1896332 1899906
1900975 1909048
1910944 1911159
1916003 1916280
1917545 1942301
1943134 1950583
1951180 1951267
1951886 1952752
1953989 1955291
1955888 1958714
1959946 1962896
1963678 1968452
1969023 1976483
1977050 1979854
1982205 1982984
1984291 1990510
1991261 1991324
1993658 1994543
1995874 1997427
1998031 1998529
1999048 1999516
2000740 2017003
2018193 2018650
2019827 2020092
2020188 2020307
2020956 2021519
2024250 2025291
2027770 2028215
2029543 2032377
2033613 2034847
2035723 2036703
2038232 2038398
2040096 2040664
2041949 2042828
2043515 2044506
2045012 2049414
2049641 2052367
2052532 2056323
2057226 2058965
2061894 2067360
2068127 2068702
2069703 2071384
2072213 2073723
2074227 2074738
2076801 2077119
2079860 2082044
2083449 2084219
2085160 2097098
2098590 2099566
2100181 2101250
2102062 2103881
2105336 2106129
2106887 2107592
2108559 2113384
2113984 2120317
2121028 2121119
2121843 2122344
2122883 2122990
2123365 2124751
2125340 2126899
2128036 2128191
2129312 2130461
2131318 2135149
2135829 2136370
2136577 2136970
2137278 2137399
2137785 2138731
2139516 2140394
2141425 2144628
2145624 2152432
2155210 2155571
2160623 2160801
2162410 2162851
2163517 2164695
2165550 2166698
2167413 2167722
2168250 2169282
2169730 2170434
2171188 2173806
2174432 2175801
2179338 2186258
2186833 2189260
2190327 2190834
2205197 2206732
2207690 2208147
2209722 2210056
2210623 2214266
2215717 2217112
2219450 2220424
2221425 2223529
2224637 2228714
2235300 2236162
2239597 2239906
2241623 2244349
2245425 2245679
2249035 2249102
2249300 2250697
2251661 2251875
2252641 2252902
2253452 2253747
2255732 2258100
2258690 2272725
2273815 2274139
2274611 2274960
2276440 2277041
2283282 2283397
2285526 2285844
2296557 2297339
2299153 2303020
2303665 2305844
2306076 2306563
2308372 2308648
2309288 2309885
2310517 2310955
2311713 2313835
2315856 2318639
2321670 2321942
2325588 2326282
2328705 2329379
2335528 2336335
2342853 2347256
2347884 2348021
2348335 2349258
2349898 2350206
2350716 2350983
2352912 2353073
2354589 2355127
2357099 2359733
2361499 2363159
2363823 2363907
2364235 2364591
2365439 2366571
2369202 2369714
2370860 2371874
2373286 2376633
2377978 2379100
2381691 2381822
2382572 2384245
2384857 2386814
2387380 2387548
2388218 2388780
2389874 2391313
2392513 2393279
2394377 2396930
2398604 2400266
2401029 2403157
2403544 2409699
2410449 2413516
2415315 2415537
2416354 2416422
2417109 2418372
2418567 2419596
2420295 2423635
2424425 2425142
2426187 2429532
2430541 2431256
2431946 2432514
2433311 2433995
2434538 2436685
2437470 2439230
2439716 2444281
2444902 2445144
2447326 2450081
2450788 2451331
2451643 2451778
2453221 2453322
2453948 2454792
2455441 2455666
2456728 2458749
2459477 2460209
2461191 2462365
2464380 2465491
2467625 2470950
2473038 2474403
2478223 2479591
2480332 2482133
2484942 2485768
2487411 2488071
2489102 2490392
2491207 2492708
2493766 2495060
2497479 2500796
2501148 2501257
2501730 2503791
2505811 2506114
2508357 2508614
2509887 2510150
2510722 2516842
2517695 2518716
2520125 2520587
2522737 2523402
2524705 2525553
2526591 2526691
2527240 2528210
2528873 2529306
2530618 2539589
2546440 2546797
2551387 2554313
2555222 2560789
2562052 2566584
2567155 2583567
2584186 2592267
2592907 2602093
2602782 2603445
2603615 2604770
2605560 2605985
2606760 2607531
2608764 2617285
2618590 2620869
2621752 2621946
2623207 2629630
2631112 2636189
2637952 2640736
2641732 2651365
2652358 2652506
2653177 2655057
2656892 2664093
2664894 2665941
2667098 2667501
2668591 2674104
2674755 2680903
2681505 2682875
2684414 2685188
2686172 2686604
2687167 2687693
2688788 2692495
2693391 2696091
2697081 2697783
2698616 2702672
2703337 2704828
2705456 2708544
2709168 2710403
2711972 2712653
2713206 2713469
2714392 2714597
2715407 2716969
2717872 2719050
2719571 2722645
2723728 2728427
2728967 2730539
2731218 2740357
2741057 2742405
2750934 2751815
2752374 2752434
2753599 2767102
2771174 2772030
2775690 2775914
2778846 2779718
2782018 2784066
2784698 2785192
2786068 2786621
2787995 2796127
2796880 2798139
2798222 2798344
2799792 2803401
2803943 2804743
2805587 2806687
2807295 2809790
2820193 2820319
2821714 2821767
2824326 2824425
2830192 2830556
2831740 2833767
2834442 2834892
2836374 2836546
2836774 2838471
2839115 2841688
2846028 2853079
2853609 2855800
2856185 2858346
2859668 2860119
2860636 2860786
2861172 2861344
2862106 2867934
2868590 2873460
2874085 2874397
2882015 2885709
2887394 2897014
2901212 2901860
2902397 3065242
3065438 3065550
3068183 3068751
3071294 3071596
3076859 3077084
3082815 3083135
3083851 3084062
3091238 3091686
3093430 3096599
3097585 3098196
3099307 3100008
3100808 3108878
3109472 3110576
3110920 3116759
3118353 3118903
3119959 3123988
3124530 3125224
3126036 3129774
3130403 3130979
3131952 3133993
3134519 3134586
3138358 3138644
3139480 3139889
3140494 3148331
3149329 3156027
3156790 3163945
3164204 3164290
3165133 3165731
3166595 3167731
3168606 3171839
3172675 3173980
3174694 3175114
3176359 3176981
3177572 3185695
3187318 3188631
3189512 3190995
3191984 3192241
3192372 3194310
3195239 3196756
3196936 3197278
3198460 3209236
3210556 3219903
3221405 3236929
3237315 3240096
3240696 3247036
3248021 3256229
3257066 3257464
3258426 3261356
3262550 3263051
3263676 3265043
3265609 3268494
3269759 3270123
3271536 3271787
3272570 3273182
3274437 3275017
3275744 3279854
3280641 3281735
3282601 3283507
3284015 3285867
3287090 3287206
3289420 3290590
3291565 3292470
3292811 3321826
3322232 3332528
3348269 3348773
3350011 3350273
3351371 3351775
3355516 3355785
3356829 3357029
3357582 3358501
3362554 3369442
3370143 3372338
3387825 3389231
3399654 3399924
3401038 3401899
3404930 3407308
3407999 3408327
3408932 3409825
3410741 3411283
3412118 3413307
3415067 3424801
3428957 3430900
3431800 3434614
3435260 3441117
3441729 3450495
3450669 3453818
3455024 3455649
3457008 3462881
3463527 3467138
3467731 3471059
3471971 3472861
3474086 3475454
3475608 3478403
3478943 3503906
3505166 3510374
3511200 3512640
3514017 3523573
3524319 3527013
3527934 3532483
3533417 3535607
3536851 3540357
3541192 3541347
3542578 3547952
3548544 3557273
3557879 3558468
3559013 3561040
3561678 3561740
3562471 3563074
3563742 3564739
3565573 3565920
3566053 3567300
3568073 3568595
3569647 3570030
3571116 3577664
3578347 3580545
3582502 3585625
3587055 3587467
3588491 3594422
3598202 3598439
3599168 3599275
3601188 3603650
3606340 3606827
3607440 3607927
3610714 3610899
3612006 3612493
3614762 3618460
3619376 3619473
3622439 3636712
3637061 3637163
3638548 3639521
3643191 3643760
3645118 3646049
3646312 3647794
3647967 3664698
Bacteroides_ovatus_gi_423296664_ref_NZ_
1 7605
9435 9573
10569 11577
12161 14227
15331 26870
32532 44885
46475 61131
62218 65998
66583 66818
67523 67854
68672 74137
74977 82882
83476 84363
85107 93141
93657 93898
95823 96516
100216 101097
101886 102100
103317 118237
119409 120841
121611 124636
125311 139129
139654 142949
143944 148809
154021 172091
172760 173187
174852 176629
177786 223003
223628 224060
225145 230735
231304 231676
231911 232528
234393 239115
241192 241483
244044 245072
245998 248109
248497 278554
279201 279514
280603 281122
282736 282992
283718 284084
284685 289567
293235 293660
294438 294588
296533 296961
314721 315362
319758 322244
334712 334900
336740 346324
348782 349620
350574 350682
351044 351280
357940 362343
363119 365266
366133 369662
370201 372547
373558 379303
380981 381707
384541 390763
391664 401201
405418 411191
416581 416867
418224 419215
420245 424313
425414 427397
428832 430823
431559 438264
439051 440828
442265 453240
453556 456346
456495 459232
460116 462463
468761 469531
469737 469793
470563 475942
476167 481284
501226 562634
563036 563310
566872 566950
572601 578874
581747 582852
583378 584076
584880 585828
586484 588745
589237 593523
594176 595008
596499 598214
598742 600489
601422 602797
603691 603779
605291 607998
609291 610437
612263 616874
617575 620095
620813 625258
626171 628770
629736 630013
630271 631909
633404 636865
637671 638392
639823 644212
644908 660560
661128 674693
676105 676908
677068 680407
681178 681543
682481 683704
684331 690582
691991 692391
702174 703963
705044 709001
709862 709955
711282 711965
713658 714395
714529 717826
Bacteroides_ovatus_gi_423298543_ref_NZ_
1 4846
6459 6680
7821 10194
10712 13529
14498 14616
16661 21892
26640 27678
28554 30403
31010 35481
37003 37132
43303 51859
52674 58744
60349 62587
64116 67020
67705 70031
70718 75453
77669 78347
80960 81974
82803 83518
86598 89640
90569 97119
97838 107609
Bacteroides_ovatus_gi_423297293_ref_NZ_
1 1862
2897 3827
4774 4993
7013 8678
9362 12372
13159 13686
14305 16371
17523 18167
19764 21290
21900 24815
25350 26136
26980 30876
31611 32923
33906 41971
42194 44050
45333 46383
48576 50645
51980 53025
53954 54879
55054 58295
58752 60448
61231 61835
62542 63279
64053 64848
65372 69359
70176 77944
78540 78885
80605 84842
85489 93568
94186 95096
95895 99160
99718 101858
102528 103473
104176 112714
113352 113884
117456 118084
119192 122463
123113 123290
124042 126251
127886 130606
131380 131673
132427 134769
135551 136145
137218 139735
140644 141633
142338 143868
144691 147790
152340 153434
154253 154365
154577 157577
162322 163128
163953 164065
167209 169190
169412 170423
171225 171474
172195 175034
176075 178807
179741 182228
182814 192123
194686 194747
203389 203481
208035 210636
213917 215056
216326 217018
219303 221220
223065 230192
232788 233148
233767 242501
242991 244460
245505 246584
249179 253884
255363 259933
260514 261694
263657 263943
264754 267183
267876 275528
276504 281534
282108 282780
284065 288477
289204 290469
291212 295161
295924 296204
296931 297018
297507 297562
299517 301919
303166 305698
307848 308109
308948 311282
312072 317421
318187 320101
321934 326671
327407 339196
340524 348357
349001 351973
352762 354937
355806 359228
361532 362163
362727 366151
367289 371115
375075 376684
376987 377595
378131 382767
383877 389216
393052 393205
394308 397644
399670 399962
400974 402906
404108 405996
406103 464278
Bacteroides_ovatus_gi_423298742_ref_NZ_
1 10818
Bacteroides_ovatus_gi_423298830_ref_NZ_
1 1110
Bacteroides_ovatus_gi_423298794_ref_NZ_
1 4084
Bacteroides_ovatus_gi_423298032_ref_NZ_
1 10564
10823 11217
11973 13205
13795 20585
21345 22362
23468 23766
24319 26738
27373 30472
31270 39553
40379 40727
42502 43757
44976 45646
46300 53488
54458 55930
58429 67203
69571 70211
72443 73419
80923 86480
86580 88510
90399 91653
91961 92962
94387 104032
104608 105026
105750 106563
106656 108102
110593 111735
112470 113784
113866 115215
115857 116584
117761 119293
119923 120260
120891 133276
134390 138558
139449 141129
141804 143330
145214 145722
147496 147802
148182 154956
156427 159711
160277 160598
161782 162466
163338 163724
164515 164970
165664 168030
168687 169152
170005 170846
171508 175413
176555 177657
179048 179600
184898 186437
187437 187724
188283 189925
190545 190920
191324 191556
192293 194395
196308 198612
199394 199550
202791 204498
205288 205891
206508 209702
210277 210923
211455 214538
214781 221224
221997 227131
228061 229916
231145 231483
237213 238859
239349 242481
243118 244991
268099 270042
286626 290811
291818 299699
300512 301284
303229 303599
304297 307772
309403 317147
318442 319165
319969 320061
320829 321956
322064 326828
Bacteroides_ovatus_gi_423297700_ref_NZ_
1 19670
22283 23348
26636 28136
28526 28826
30792 31487
33826 35185
37215 37652
38502 38587
45792 46712
51958 52012
53903 60643
61871 62150
62990 70552
72295 72889
73757 74603
79866 80495
83828 87851
88835 89139
89651 93273
93989 95127
95946 102367
103304 105833
106441 108058
109324 113271
113914 114039
116361 117008
117692 117992
118587 118749
119677 119978
122951 123116
132037 133596
134726 136617
143380 143432
149241 149470
150248 150534
150749 152932
154270 156738
157305 157405
157901 159953
160788 166574
167299 168873
169915 172688
175013 175186
175871 178448
179068 185013
186049 187134
188892 190555
191080 192798
193769 196824
197426 219809
220534 241351
242430 242667
243545 245090
245686 253155
253435 254257
254953 260320
261184 262525
263161 283979
286783 286841
288099 291932
292904 300042
300875 301494
302263 304611
305482 309493
310692 310952
314364 327169
328867 334002
334195 334518
334889 336564
337726 347134
348867 349395
351486 351717
352905 353055
353590 356483
359732 363168
366072 372952
Bacteroides_ovatus_gi_423298445_ref_NZ_
1 5912
6661 9668
9782 15558
16702 19435
20912 21068
21582 23540
24167 25319
26022 27130
28001 28707
29723 33222
33366 38309
38482 49283
50018 50655
52903 54905
56311 57504
57653 58221
59116 60693
61896 62735
64460 69191
69742 83054
83541 84427
85154 92801
93421 94715
95832 98436
99064 100700
101613 101888
102843 104485
105206 105282
105872 113440
114522 119295
120790 121421
Bacteroides_ovatus_gi_423298781_ref_NZ_
1 6915
Bacteroides_ovatus_gi_423298274_ref_NZ_
1 269
1516 1977
3078 7106
7520 9238
9928 11606
12381 12773
13562 18342
20102 22655
23191 27284
27901 28509
29732 33908
34458 37638
38514 38812
38993 40352
40867 41855
43275 44380
45253 46026
46949 51478
52749 64901
65599 67608
68187 70374
71244 71412
72814 73734
74879 75110
75325 76456
77290 79325
79938 82648
83395 85061
85786 86047
87023 88414
89906 95939
96751 97785
98682 112852
114616 115615
116580 116735
118840 124174
124855 128188
129722 131980
132584 134432
135859 137010
138340 138907
139436 139897
140891 142694
143656 144855
145548 160378
165309 165449
166271 169713
172039 173496
174025 174243
175213 176753
177809 177961
180223 192519
193682 194921
196006 203501
204637 206600
207170 209043
Bacteroides_ovatus_gi_423298785_ref_NZ_
1 926
2524 4243
Bacteroides_ovatus_gi_423298773_ref_NZ_
1 9047
Bacteroides_ovatus_gi_423298705_ref_NZ_
1 30545
