Bacteroides_ovatus_gi_423295928_ref_NZ_
1 511240
512607 518508
520622 522976
523800 537570
538202 540542
541949 811195
811794 869556
870113 873087
Bacteroides_ovatus_gi_423298762_ref_NZ_
1 437
1581 2173
3017 9360
Bacteroides_ovatus_gi_423298811_ref_NZ_
1 1643
Bacteroides_ovatus_gi_423298626_ref_NZ_
1 11495
11598 12072
14050 75489
Bacteroides_ovatus_gi_423293208_ref_NZ_
1 7290
8190 148450
149084 438619
439127 439499
440165 530633
531720 531978
532886 535381
536162 537382
538416 538874
539400 539990
541112 541339
542220 546414
547028 549768
552053 552541
557989 558439
559538 1015938
1016981 1130243
1130851 1385309
1385823 1479845
1480408 1482998
1483618 1485106
1485656 1745882
1746533 1818971
1819562 1840860
1841388 2237825
2239066 2533844
2534349 3332528
3332795 3395698
3396311 3664698
Bacteroides_ovatus_gi_423296664_ref_NZ_
1 490772
491465 494024
494532 693345
694179 697838
698496 717826
Bacteroides_ovatus_gi_423298543_ref_NZ_
1 100026
103010 107609
Bacteroides_ovatus_gi_423297293_ref_NZ_
1 420877
421416 447540
448168 450810
452616 453880
454536 464278
Bacteroides_ovatus_gi_423298742_ref_NZ_
1 1171
2228 6099
7795 8490
9264 10818
Bacteroides_ovatus_gi_423298830_ref_NZ_
1 1110
Bacteroides_ovatus_gi_423298794_ref_NZ_
1 4084
Bacteroides_ovatus_gi_423298032_ref_NZ_
1 2023
3486 246237
262666 262831
266494 272423
286626 326828
Bacteroides_ovatus_gi_423297700_ref_NZ_
1 128344
129063 141013
141541 368079
369685 372952
Bacteroides_ovatus_gi_423298445_ref_NZ_
1 30314
30885 121421
Bacteroides_ovatus_gi_423298781_ref_NZ_
1 4234
5747 6915
Bacteroides_ovatus_gi_423298274_ref_NZ_
1 209043
Bacteroides_ovatus_gi_423298785_ref_NZ_
4149 4243
Bacteroides_ovatus_gi_423298773_ref_NZ_
583 9047
Bacteroides_ovatus_gi_423298705_ref_NZ_
1 11048
12795 21444
23114 23475
24957 30545
