Bacteroides_ovatus_gi_423295928_ref_NZ_
1 9693
9832 11977
12095 12238
12543 36174
36305 36504
36665 36799
36917 37146
37255 54730
55087 55638
55772 55957
56073 65819
65949 66080
66268 66648
66946 67024
67231 67397
67502 67744
67860 73152
73342 73554
73642 73848
74030 82799
82920 83068
83283 83537
83612 86179
86669 87271
87809 91131
91712 95430
95856 96002
96136 124195
124310 124512
124627 124795
124910 125179
125413 127935
128128 128274
128466 128590
128707 128887
129169 129405
129502 129631
129726 129891
130031 130503
130946 134120
134850 162665
162997 163333
163488 163622
163805 163947
164228 172329
173132 177523
177789 178009
178094 178313
178382 180919
181127 181296
181467 184587
184978 189856
189978 192422
192611 193035
193239 193481
193579 199328
199626 199766
200190 201867
202313 204590
205180 216199
216313 216501
216752 216936
217030 223168
223306 223459
223885 225042
225262 225456
225543 225760
225864 226618
226746 226928
227059 227235
227385 234886
235391 248368
248497 248761
248866 248997
249365 251870
251954 252977
253149 253404
253620 263394
263530 263758
264082 266074
266140 266371
266652 267002
267167 338078
338529 338693
339047 339176
339299 339482
339625 343115
343302 343509
344575 344923
345164 345678
345822 346625
347227 348294
348552 348815
348947 350215
350756 359616
359755 359936
360116 360370
360523 364995
365503 371777
372006 372222
372500 386228
386333 386532
386734 386948
387062 388071
388184 404595
404737 410834
410995 411552
411647 473214
473777 474004
474106 476873
477038 480784
481063 481290
481458 502111
502896 505385
505977 506521
507054 514898
515889 517116
517231 522426
523371 534172
534722 537442
538202 538593
539308 540498
542162 542312
542461 542636
542778 547094
547229 549795
549906 550112
550333 550573
550688 570709
570961 571140
571379 571796
571963 572159
572524 572649
573002 573154
573355 573499
573625 573829
574024 574222
574296 574484
574677 577322
577487 577643
578407 578571
578807 580307
580554 580678
580774 580898
581074 581593
582173 583946
584048 584219
584315 584497
584582 584735
584866 586243
586514 586704
586955 587445
588012 606644
606798 617729
617835 618028
618228 618364
618729 625938
626291 626422
626578 629489
629767 630021
630201 639034
639138 641407
641527 641790
641974 657124
657384 657539
657899 661753
661888 662308
662427 683933
684069 684288
684370 684552
685142 696640
696874 702175
702304 702459
702685 702843
702946 703138
703309 722491
722613 722861
722968 723184
723346 736563
737126 740675
740802 741031
741303 743873
744504 744775
745072 745239
745526 747890
748608 748712
749011 752336
752733 752880
752970 753110
753306 753805
754074 754269
754391 754600
755291 755427
755837 757774
758041 758238
758521 758964
759371 759583
759734 761766
762309 762775
762969 763098
763198 763377
763540 765530
765629 765840
766088 766307
766373 766621
766700 766923
767095 776178
776289 776479
777016 779557
779721 779897
780090 781716
781890 782035
782206 782366
782537 785541
785862 786075
786914 787096
787281 787482
787735 787874
788002 789480
789903 790139
790239 796908
797048 797215
797525 799603
799799 800353
800489 801218
801609 802197
802414 802561
802792 803053
803170 803340
803622 803771
804234 804398
804728 804887
805139 805558
805978 806145
806319 808317
808430 808690
809857 810395
813776 815364
815963 816598
816779 817221
817915 819459
819603 819800
819924 820154
820381 820716
820925 821143
821338 821749
822061 822217
822350 822817
822963 823158
823290 826421
826583 826792
826921 830034
830300 830457
830691 831119
831208 838496
838592 838791
838896 839036
839171 839399
839546 839713
839861 841884
842283 844588
844835 845036
845398 845605
845823 846033
846448 848449
848673 848844
848947 849161
849240 849420
849790 852226
852670 852870
853323 853451
853779 868400
870108 873087
Bacteroides_ovatus_gi_423298762_ref_NZ_
1 437
2184 2568
3070 7460
9148 9360
Bacteroides_ovatus_gi_423298811_ref_NZ_
1 1643
Bacteroides_ovatus_gi_423298626_ref_NZ_
1 9529
9909 10087
10332 10530
10712 12072
13477 14488
15138 17419
17633 17760
18137 19083
19274 19476
19627 19873
20185 21755
22420 23172
24067 24364
24494 24644
24768 24923
25305 25454
25589 27250
27628 27833
27912 28460
28584 28814
28992 29161
29304 29498
29896 30082
30212 75489
Bacteroides_ovatus_gi_423293208_ref_NZ_
1 7435
8266 15553
15850 15900
16253 20864
21127 21376
21496 22956
23180 36508
36688 36951
37083 37293
37433 52317
52899 53117
53207 53348
53568 54359
54510 58194
58323 58478
58596 58781
58936 59088
59430 68552
68656 68845
69152 69320
69446 69669
69860 70061
70148 83899
83984 84048
84131 84217
84296 84387
84712 89774
90043 96712
96912 97592
97788 97934
98004 98242
98444 99546
99797 100012
100135 100369
100636 100852
100964 105906
106421 106736
106934 107151
107555 107791
107944 108158
108225 112116
112944 123380
123673 123890
124090 130620
130732 130801
131077 131134
131366 131435
131637 131722
131848 135801
136196 136384
136515 136777
137659 137891
138285 138526
139098 139453
139583 139762
139893 140062
140191 140360
140612 141021
141196 141347
141478 141712
141815 145465
145640 145780
145987 146176
146307 146505
146626 147306
147449 147683
147867 148774
148921 157900
158030 158183
158416 158566
158792 158949
159046 159239
159307 159487
159577 159782
160491 164751
164895 165064
165235 165375
165544 165676
165898 170463
170599 170804
170929 171095
171629 172833
173366 174455
174523 174703
174995 175195
175457 192310
193668 193842
194817 195030
195479 195647
195904 196074
196561 196682
196804 197408
198916 199048
199290 199366
199795 199852
200071 200221
200455 200635
201010 202617
202859 203034
203307 203641
204076 204197
204482 204727
206232 206478
206584 206786
206892 207149
208060 208517
209182 211651
211864 212115
212369 212518
212740 214118
214239 214775
215067 216591
217134 217439
217570 217749
217853 218057
218143 218302
218646 230302
230421 230573
230763 230966
231130 231468
231601 231797
231899 232074
232194 232339
232481 232693
233789 233900
234250 236713
236905 237118
238236 238534
239275 239526
239978 243523
243627 243885
244029 244263
244945 247437
248754 248954
249077 251400
251487 251915
252220 253040
253245 253451
253557 257418
257629 257765
258045 258179
258334 261117
261332 261542
261756 262460
263918 265051
265161 265337
265447 265627
265759 274030
274211 274399
274685 281589
281685 281844
282194 282334
282796 282948
283057 284470
284697 284921
285026 285922
286254 286395
286615 286939
287781 288140
289227 289364
289533 289818
290049 290179
290811 291004
291206 291332
292586 292759
293288 293426
294032 294175
294324 294542
294642 294899
295172 295405
295736 296542
297754 300597
300681 300892
301101 301282
301426 301623
301724 301854
301978 302120
302210 303010
303114 303327
303507 303681
303891 309524
309637 309807
309941 310178
310396 315160
315270 315476
315716 315869
315945 316510
316645 316782
316849 317075
317313 317484
317920 318506
319028 321999
322130 322945
323432 323572
323684 325287
325463 332132
332263 332485
332591 332846
333127 333299
333417 333588
333671 340304
340423 340612
340682 341421
341584 343860
344829 345476
346002 347208
347643 348107
348436 348596
348949 349127
350122 351105
351806 351962
352495 353368
354023 354699
354956 355067
355538 356906
357491 357578
357878 359110
359634 359836
360372 360559
361883 362006
362599 362854
363377 363592
363871 364054
364198 407259
407373 407573
407678 407822
408166 408558
408837 409002
409259 410021
411341 414568
414681 414909
415254 419478
419590 427306
427538 427631
428180 428266
428614 430838
431043 431211
431577 434558
434855 434921
435208 436825
437151 437510
440164 440302
440632 441188
441730 441976
442081 443444
444036 444101
444305 444531
444630 444834
444991 445399
445522 445681
445890 446059
446261 446395
446783 452056
452168 452307
453831 453881
454891 455618
455796 456037
456645 456819
457110 457174
457581 457715
458085 459907
460069 460253
460403 460664
460774 468883
468951 469102
469353 469584
469707 479853
480013 480212
480304 480455
480674 481158
481298 481478
481687 481895
481990 482207
482386 492207
492754 493576
493710 493940
494052 494220
494348 494502
494645 500466
500604 500756
500872 501062
501771 507326
507497 507628
507744 507928
508147 508365
508526 508786
508971 509176
509253 509470
509606 509825
509947 511951
512198 512348
512464 512634
512739 513628
513882 514105
514339 517321
517415 517649
517848 518058
518166 527466
527660 527812
527993 528176
528355 530587
531150 534311
535597 540400
540981 544378
545109 549768
550915 552976
553521 554194
554782 554906
559402 560700
561512 562638
563264 591804
592712 592799
593050 600061
600251 600416
600639 600810
600925 602765
603060 603195
603496 605954
606030 606171
606438 606716
606973 607146
607332 607475
607680 612760
612955 613085
613337 613474
613688 615499
615639 615898
616012 616196
616425 616656
617212 618557
618831 618963
619522 619828
620134 625375
625661 625799
625971 626203
626322 627579
627700 627960
628053 628268
628439 632065
632324 632493
632770 637076
637495 637700
637804 639200
639580 641818
642311 644465
644612 644829
645108 645265
645437 645608
645948 646330
646979 647187
647330 647562
648294 670170
670237 670454
670561 670749
670989 671182
671375 671606
671708 683095
683267 683458
683594 686202
686466 692022
692187 692426
692503 692723
692843 698984
699137 699273
699444 699621
699835 700371
700539 700675
700841 700991
701231 701465
701569 702906
702982 703177
703387 713849
714031 714181
714871 715074
715517 715848
716099 716256
716576 716781
717428 717513
717872 718082
718244 719245
719779 721589
722098 723653
723823 723958
724568 724799
725068 725805
725998 726197
726294 727009
727245 727397
727659 732284
732441 732632
732825 733838
733946 734129
734936 735100
735314 735692
735918 736049
736400 737124
737557 737801
738075 738328
738647 739069
739710 739968
740209 740443
741073 741206
741430 741617
741851 742275
742389 742641
742835 743009
743219 744379
745037 746826
747391 747823
748108 748297
749160 750399
750509 751691
751881 767023
767269 767430
767525 768472
768663 768827
769085 769213
769450 769571
769811 770040
770187 770376
770503 771172
771747 771899
772087 772811
773340 773401
773504 773590
774876 775065
777465 778382
778745 778939
779103 779260
779390 779540
779796 780035
780318 782999
783108 783295
784163 784377
784650 786995
787142 787396
788150 788372
788541 788683
788806 793020
793198 793310
793468 793589
794015 794856
794990 795126
795391 795616
795685 797316
797416 797615
797787 798311
799553 800661
800833 801393
801531 802229
802622 809371
809995 810144
810334 810689
810817 810988
811087 812552
812915 817748
817864 818007
818128 818275
818414 818546
818748 822573
822905 823122
823228 823733
823922 824107
824235 824454
824579 844091
844290 844528
844599 844782
844918 845097
845238 845315
845424 856181
856267 856518
856626 856793
856970 857177
857343 859410
859479 859699
859988 860167
860271 860503
860719 860922
861033 863956
864089 864243
864417 872100
872328 872543
872643 872848
872943 873164
873231 873411
873511 875825
875983 876172
876465 876657
876814 889470
889642 890371
890478 900105
900672 906572
907052 907191
907613 907847
907971 908148
908295 909350
909531 909669
909873 917064
917679 924446
924694 926258
926499 929612
930200 937162
937283 937478
937670 937913
938024 946379
946610 946830
947019 947252
947355 952625
952702 955830
956448 956628
956863 961969
962143 962568
962737 990900
991002 991183
991384 991784
992029 992153
992354 993276
993440 993656
993961 997303
997407 997510
997870 1010278
1010459 1010642
1010745 1010893
1011063 1011299
1011395 1013110
1013254 1013414
1013692 1014885
1015449 1019829
1019897 1020096
1020204 1020396
1020678 1025610
1025874 1026135
1026354 1031946
1032051 1032219
1032447 1035333
1035498 1035672
1035882 1036067
1036399 1037536
1037640 1037869
1038004 1038160
1038598 1041982
1042226 1042366
1042511 1042704
1042813 1043059
1043259 1043484
1043733 1043944
1044056 1044390
1045014 1045185
1045339 1048604
1048974 1049091
1049454 1049904
1050196 1055412
1055761 1055987
1056098 1056238
1056409 1056819
1056979 1057128
1057340 1057543
1057619 1057825
1058068 1058279
1058362 1059339
1059433 1059647
1059730 1059940
1060072 1060265
1060372 1060545
1060692 1060837
1060951 1061092
1061202 1061422
1061664 1061868
1062143 1062270
1062438 1064025
1064231 1064404
1064480 1064727
1064830 1072822
1073019 1073218
1073404 1073560
1073740 1092487
1093525 1093993
1096198 1096261
1097116 1097504
1097746 1097899
1098017 1098170
1098306 1098443
1098531 1099055
1099543 1100145
1100380 1110706
1110863 1111085
1111190 1112143
1112335 1112451
1113147 1113801
1114589 1114740
1115159 1115412
1115575 1116072
1116190 1116330
1118601 1119793
1120491 1121927
1122198 1122349
1122650 1123415
1123703 1123883
1124093 1125671
1125826 1125993
1126102 1126297
1126446 1126561
1126748 1126947
1127057 1127956
1128069 1128675
1128817 1129646
1129752 1129961
1132411 1134124
1134657 1134804
1134893 1135029
1135287 1137196
1137508 1137894
1138148 1138649
1138970 1139173
1139762 1142056
1142152 1142583
1143019 1143208
1143307 1143490
1143806 1144815
1145313 1145869
1146222 1146457
1146643 1147201
1147369 1147520
1147733 1147866
1148878 1149414
1149527 1149732
1149879 1150078
1150550 1150795
1150906 1152053
1152545 1153362
1153548 1154058
1154397 1155262
1155787 1156512
1157408 1157538
1157736 1158361
1159282 1159399
1159553 1160416
1160788 1161009
1161214 1162102
1162333 1162565
1162777 1165012
1166060 1167058
1167245 1167429
1167877 1167941
1168265 1168490
1170340 1170712
1171272 1173261
1173529 1173735
1173921 1174117
1174224 1177763
1177839 1178072
1178146 1178364
1178582 1179187
1179311 1179506
1179729 1179921
1180045 1180294
1180396 1180619
1180752 1180943
1181165 1181457
1181573 1183102
1183410 1183611
1183753 1186355
1186556 1186713
1186903 1187054
1187211 1187395
1187506 1187715
1187823 1187927
1188056 1188184
1188329 1188454
1188520 1188649
1188753 1188962
1189071 1190256
1190712 1190857
1192651 1195424
1195575 1195789
1195881 1196044
1196331 1198453
1198582 1198838
1198994 1202916
1203034 1213959
1214248 1217026
1217150 1218992
1219275 1219409
1219592 1219720
1220136 1222970
1223077 1223627
1223892 1224353
1224749 1224895
1225140 1242061
1242234 1242409
1242739 1243652
1244018 1244149
1244271 1250320
1250491 1250698
1250880 1251080
1251229 1252406
1252525 1256286
1256455 1256579
1256754 1256940
1257049 1270880
1270994 1276018
1276235 1276771
1276891 1280229
1280319 1280552
1280682 1280814
1280899 1281072
1281173 1301535
1301641 1301867
1302212 1304269
1304380 1304638
1304954 1312265
1312450 1312640
1312799 1312944
1313098 1313154
1314368 1316090
1316464 1329298
1329423 1329615
1329733 1329943
1330048 1335808
1336086 1336326
1336469 1336602
1336959 1337152
1337287 1339482
1340550 1342219
1342397 1342621
1343180 1344185
1344672 1344883
1345115 1345494
1345740 1345881
1346154 1346218
1347179 1351279
1351384 1354223
1355968 1356088
1357835 1358074
1358382 1358581
1358696 1358894
1359284 1365101
1365216 1365395
1365491 1365660
1365772 1365913
1366044 1370995
1371219 1373316
1373504 1373645
1373799 1374031
1374570 1374719
1375050 1380233
1380907 1383195
1383392 1387346
1387413 1387572
1388239 1388423
1389148 1392418
1393089 1393293
1393792 1396176
1396455 1396662
1396921 1397089
1397338 1397528
1397777 1400555
1400679 1400881
1400998 1401349
1401904 1403330
1403859 1404063
1404177 1404622
1404754 1404948
1405801 1406337
1406592 1406704
1406890 1407118
1407208 1407461
1407732 1407955
1408026 1408224
1408508 1409297
1409430 1409633
1409838 1410021
1410269 1410765
1411018 1411592
1411727 1411893
1412475 1412843
1413250 1414696
1414805 1415016
1415108 1415309
1415784 1416496
1416912 1417046
1417443 1418809
1419416 1421532
1421664 1421874
1422240 1422451
1423152 1423300
1423816 1424364
1425028 1425313
1425704 1426054
1426221 1426900
1427648 1428392
1428895 1430744
1430871 1431011
1431090 1431585
1431845 1432126
1432616 1432813
1432984 1433117
1433336 1433507
1433577 1433700
1434008 1446176
1446704 1447288
1447540 1447715
1447815 1448052
1449393 1450455
1451734 1451911
1452171 1452403
1452713 1452947
1453686 1453859
1454045 1454223
1455771 1455999
1456099 1456281
1456398 1456990
1457515 1466075
1466413 1466918
1467261 1467401
1467593 1469015
1469135 1469351
1469537 1469719
1469818 1470036
1470172 1470665
1470773 1470904
1471046 1471231
1471311 1471490
1471600 1474038
1474723 1474853
1475960 1476189
1476555 1476724
1477301 1477360
1477930 1479925
1480702 1480810
1480954 1481758
1481887 1482054
1482268 1482466
1482661 1482816
1484221 1484478
1485657 1486737
1487705 1487929
1488645 1490935
1491604 1493264
1493916 1493995
1494257 1494425
1495009 1495135
1495249 1498756
1499192 1502410
1502602 1502737
1503226 1506528
1506687 1506929
1507047 1510236
1510749 1511044
1511549 1520128
1520204 1520423
1520557 1520733
1520880 1535334
1536346 1536464
1536585 1538009
1538197 1538364
1538460 1538661
1538850 1539447
1539833 1539967
1540334 1540946
1541364 1541495
1541786 1541937
1542497 1542752
1542941 1545818
1546009 1546536
1546798 1547018
1547132 1547265
1547493 1547641
1547826 1549179
1549299 1550236
1550658 1550837
1551119 1551265
1551659 1553164
1554133 1554296
1555229 1555763
1556343 1556508
1556681 1556870
1557113 1557659
1558645 1564099
1564521 1564726
1564834 1569646
1570178 1571927
1572119 1572325
1572498 1572573
1573317 1575833
1576209 1576407
1576573 1576783
1577461 1577674
1578052 1581478
1581759 1581917
1582217 1584826
1584950 1585169
1585312 1585506
1585687 1585886
1586036 1586602
1587171 1601096
1601373 1601559
1601625 1604786
1605021 1605292
1605431 1605632
1605751 1610694
1611051 1611185
1611564 1611759
1611887 1613762
1613851 1614089
1614308 1614487
1614597 1616461
1616761 1616924
1617047 1617195
1617330 1633301
1633433 1633634
1633781 1634272
1634517 1634588
1635108 1636448
1637426 1637642
1637885 1638107
1638227 1638430
1638602 1638810
1638950 1639195
1639336 1641787
1642411 1643161
1644679 1644807
1645180 1645391
1645476 1645674
1645930 1647528
1647690 1647854
1648063 1648504
1648749 1649043
1649147 1655070
1655142 1655331
1655540 1656090
1656237 1659524
1659713 1659897
1660395 1660595
1660732 1663701
1664673 1667824
1668179 1668354
1668520 1668722
1669030 1670270
1670417 1670844
1670998 1671156
1671289 1673811
1674023 1674163
1674355 1674600
1674696 1679574
1679734 1679913
1680407 1684538
1684661 1684844
1684971 1685114
1685190 1685444
1685526 1688675
1688812 1688953
1689358 1693210
1693583 1693709
1693781 1693938
1694062 1694236
1694361 1694580
1694699 1699429
1699496 1699715
1699805 1700047
1700231 1703332
1703558 1703759
1703876 1704008
1704318 1708630
1708697 1720033
1720683 1720816
1720963 1723778
1723907 1724161
1724261 1724480
1724583 1724759
1725099 1729603
1729784 1730032
1730152 1730316
1730726 1730927
1731040 1740022
1740544 1740682
1741290 1741556
1741672 1741842
1741987 1742195
1744171 1745341
1745490 1745744
1745882 1746032
1746967 1747611
1748704 1759375
1759749 1759923
1760038 1761282
1761530 1761706
1761971 1766204
1766399 1766546
1766709 1766926
1767035 1772482
1772689 1772881
1773269 1781377
1781523 1781795
1782033 1784696
1784799 1785024
1785113 1785298
1785459 1785586
1785767 1785994
1786060 1786554
1787031 1787297
1787531 1789527
1789924 1790077
1790247 1796698
1796818 1796946
1797093 1797246
1797387 1797576
1798019 1798230
1798584 1801710
1802095 1802267
1802451 1817599
1818238 1819029
1819562 1819718
1820231 1821540
1822526 1822811
1824417 1825065
1825612 1826289
1826486 1826719
1826983 1827201
1827528 1828245
1829026 1831523
1833501 1833976
1834489 1837811
1838663 1838856
1839528 1839716
1839970 1840475
1841618 1842461
1842583 1842815
1843028 1844309
1844861 1845549
1845796 1845975
1846303 1848089
1848761 1848884
1848974 1849150
1849242 1849326
1849840 1850013
1850204 1851089
1851542 1851705
1851978 1852159
1852302 1852512
1852939 1853114
1853457 1853658
1853956 1854130
1854225 1855955
1856565 1856647
1857792 1859225
1859535 1859751
1862408 1862592
1862772 1862838
1862961 1863143
1863570 1863774
1863877 1865906
1866144 1866325
1866591 1866664
1867513 1867565
1868920 1869049
1869290 1869436
1869535 1869699
1870115 1870293
1870419 1871534
1873696 1875636
1875870 1875928
1876092 1876334
1876427 1876769
1877020 1878270
1878381 1878520
1878847 1886877
1887033 1887273
1887520 1887705
1887838 1888032
1888199 1888373
1888646 1901242
1901518 1901691
1901930 1902711
1902945 1903176
1905066 1905268
1905736 1905883
1906011 1906161
1906633 1906838
1906968 1907153
1907467 1907618
1907816 1908902
1909030 1909221
1909802 1910135
1910352 1910494
1910623 1910856
1911122 1911265
1911392 1912398
1912561 1912730
1913610 1914177
1914305 1914453
1914602 1914822
1915078 1915670
1915921 1916437
1916511 1917970
1918104 1918275
1918416 1918638
1918776 1931904
1932026 1932515
1932700 1941669
1941817 1962301
1962416 1962578
1962698 1962837
1963014 1963215
1963317 1963471
1963608 1964152
1964276 1979059
1979178 1980010
1980152 1980784
1980935 1981087
1981233 1991834
1992303 1992440
1992663 1992878
1993004 1993104
1993197 1993381
1993609 1993790
1993904 1994141
1994244 1998094
1998201 1998434
1998511 1998769
1998929 1999172
1999290 1999516
1999844 2000049
2000190 2010071
2010182 2010384
2010475 2010720
2011415 2011566
2011705 2011869
2011998 2021471
2022067 2022259
2022370 2022579
2023454 2023669
2023816 2024982
2025104 2025320
2025647 2025789
2025967 2026114
2026441 2026950
2027334 2027509
2027608 2036474
2036627 2036809
2036942 2037334
2037497 2038120
2038260 2038429
2039191 2039338
2039463 2039625
2039767 2040136
2040277 2040401
2040492 2040674
2041114 2041239
2041401 2041566
2041724 2046584
2046754 2051681
2051867 2064282
2064504 2068758
2068870 2069053
2069227 2074105
2074219 2074438
2074573 2074786
2075023 2075171
2075286 2075532
2075624 2077129
2077302 2077426
2078146 2086133
2086219 2086436
2086640 2087113
2087237 2093298
2093461 2094538
2094929 2095099
2095246 2095473
2095596 2097718
2097840 2098061
2098192 2098391
2098605 2103884
2104041 2104269
2104380 2104618
2105336 2106129
2106390 2106524
2106763 2111329
2111430 2111619
2111987 2115836
2116017 2116267
2116447 2116589
2116770 2119189
2119294 2119840
2119953 2120298
2120685 2122405
2122516 2122747
2122852 2123074
2123197 2124242
2124328 2124511
2124648 2124839
2125007 2125170
2125297 2125485
2125587 2128707
2129233 2131575
2131755 2132232
2132312 2132452
2132668 2135576
2135706 2135923
2136134 2142730
2142848 2143966
2144300 2147508
2147678 2147859
2148192 2148359
2148470 2150314
2150950 2151121
2151414 2151565
2151634 2151704
2152090 2152250
2152389 2153969
2154936 2155992
2156451 2156582
2156733 2156920
2157077 2157943
2158320 2158535
2158981 2159311
2160112 2160253
2160592 2160803
2160918 2161040
2161606 2161755
2162118 2162999
2163077 2163203
2163473 2163686
2163812 2170142
2170238 2170628
2170755 2170906
2171049 2171481
2172179 2176774
2177218 2178213
2178369 2178532
2178668 2178811
2179070 2179630
2180544 2190932
2191200 2191298
2192057 2192262
2192475 2192677
2192851 2193019
2193203 2193373
2193484 2194331
2195225 2195464
2196715 2198200
2198383 2199305
2199395 2199618
2199800 2200027
2200146 2200625
2200986 2201045
2201337 2201502
2201890 2204176
2204353 2204521
2204850 2207429
2207753 2207963
2208111 2208238
2208725 2208858
2209132 2209272
2209711 2214265
2214436 2214626
2215199 2217205
2217906 2218017
2218623 2223835
2223949 2224172
2224365 2227100
2227845 2228239
2228457 2228680
2229258 2229797
2230411 2232119
2232326 2234165
2234352 2234561
2235270 2239670
2239858 2239973
2240161 2240381
2241404 2246243
2247429 2254601
2254766 2254868
2255082 2255176
2255616 2255812
2255885 2256127
2256237 2256393
2256532 2256661
2256772 2260213
2260420 2260591
2260691 2260927
2261875 2262059
2262976 2268754
2269188 2269816
2269952 2270103
2270366 2270620
2270715 2276055
2276481 2277251
2277424 2277552
2277902 2278798
2278967 2279119
2279364 2279533
2279766 2279963
2280086 2280539
2280738 2280925
2281385 2281586
2281717 2281839
2282103 2282263
2282829 2283681
2283910 2284015
2284985 2285983
2286183 2286315
2286990 2287115
2287591 2288323
2289457 2290027
2291436 2291565
2293371 2294274
2294534 2294773
2295742 2296032
2296314 2296551
2296652 2308496
2308603 2308809
2309001 2309125
2309288 2316553
2317208 2317387
2317495 2317695
2317814 2319657
2320093 2320594
2320870 2321020
2321309 2323042
2323149 2323318
2323484 2323706
2323881 2327823
2328020 2328185
2328337 2328545
2328674 2329016
2329272 2329464
2330863 2331016
2331390 2331588
2331801 2331916
2332193 2333091
2333225 2333448
2333704 2333952
2334074 2335022
2335180 2335354
2335462 2335680
2335887 2336770
2336937 2337076
2337202 2337688
2337919 2338724
2339002 2339176
2339329 2339485
2339685 2340822
2341208 2341353
2341842 2342066
2342813 2343083
2343186 2343405
2343527 2350138
2350204 2350722
2350831 2351029
2351173 2355394
2355796 2355919
2356111 2359350
2359498 2359628
2359742 2359875
2360031 2360183
2360378 2360506
2360747 2362250
2362433 2362588
2362728 2362867
2363033 2363200
2363382 2364431
2364537 2364774
2364977 2365185
2365304 2366313
2366476 2366731
2366913 2367049
2367236 2367978
2368227 2368399
2368496 2368730
2368854 2390264
2390489 2390667
2390756 2390993
2391091 2391323
2391655 2391813
2392171 2395091
2395267 2395512
2395616 2397463
2397730 2397948
2398162 2398301
2398518 2400430
2400604 2400751
2400849 2401114
2401253 2423449
2423553 2423773
2423888 2424078
2424175 2425206
2425315 2425488
2426190 2426313
2426523 2455150
2455394 2455599
2455672 2455879
2456030 2458856
2459048 2459169
2459329 2459557
2459720 2465198
2465301 2465497
2465665 2465813
2466656 2466798
2466914 2470287
2470977 2475016
2475385 2476183
2476568 2476850
2477010 2477188
2477467 2479418
2479660 2479851
2479988 2480222
2480328 2486123
2486337 2486545
2486855 2502265
2502453 2502682
2502759 2502916
2503082 2503515
2503662 2503836
2503950 2504116
2504256 2504417
2504590 2504986
2505527 2505895
2506055 2506196
2506422 2507519
2507791 2507917
2508191 2511119
2511730 2516480
2516632 2516869
2517142 2517263
2517378 2518348
2518549 2518713
2518790 2519026
2519203 2525617
2525852 2526016
2526310 2526699
2527204 2532169
2532851 2532971
2534414 2534646
2536025 2537795
2538303 2540019
2540517 2540662
2541623 2542185
2542293 2542540
2543406 2543599
2543989 2544505
2544777 2545020
2545150 2545300
2546088 2546302
2546429 2546598
2546749 2546821
2547418 2547707
2548496 2548721
2548851 2548995
2549572 2549734
2550046 2550352
2550502 2550643
2550773 2570328
2570727 2570935
2571207 2595363
2595506 2595685
2595952 2599133
2599203 2604402
2604608 2604763
2604940 2605093
2605284 2613437
2613680 2613923
2614144 2615281
2615473 2615692
2615778 2615947
2616106 2617563
2617683 2617852
2618001 2618190
2618455 2621252
2621881 2628072
2628210 2628444
2628702 2628897
2628979 2629209
2629349 2630077
2630809 2630996
2631179 2633767
2633928 2634087
2634183 2634345
2634478 2642825
2643105 2643317
2643406 2653075
2653182 2660544
2660657 2660792
2660934 2667774
2668057 2668274
2668373 2668598
2668693 2711308
2711856 2712388
2712569 2712804
2713059 2713259
2713416 2720733
2720973 2721125
2721509 2722989
2723492 2742139
2742335 2742567
2743302 2743439
2743814 2744128
2744935 2746495
2747115 2747277
2747425 2749139
2749271 2749486
2749700 2749927
2750054 2750312
2750417 2752620
2753216 2754276
2754963 2763996
2764237 2764417
2764570 2766957
2767069 2767254
2767569 2767728
2768260 2768450
2768595 2769221
2769567 2769692
2770053 2770765
2771160 2771650
2771734 2772331
2772588 2772760
2773776 2773968
2774594 2774840
2775492 2776702
2777021 2777261
2777390 2777561
2777974 2778035
2778567 2779127
2779262 2779443
2779653 2779800
2779943 2781078
2781241 2781496
2781718 2787131
2787199 2787381
2787456 2787637
2787871 2789864
2790006 2790996
2791119 2791647
2791819 2794016
2794302 2794460
2794635 2795700
2795851 2810147
2810361 2810499
2810683 2810858
2811019 2811093
2811208 2811340
2811776 2812923
2813272 2813413
2814291 2814470
2814645 2819645
2819850 2819998
2820193 2820347
2820593 2820816
2821181 2824469
2824746 2824961
2825072 2825139
2825405 2825525
2826147 2826293
2826645 2827187
2827614 2827860
2828174 2829299
2829808 2830025
2830124 2830288
2830458 2830590
2831222 2831409
2831521 2832367
2832523 2834399
2834598 2835627
2835847 2836054
2836327 2836539
2836747 2838493
2838701 2838884
2839003 2839225
2839335 2841432
2841552 2841713
2842162 2842321
2842548 2849825
2849928 2850127
2850238 2850863
2850968 2851826
2852133 2852268
2852415 2864453
2864586 2864797
2864952 2865118
2865398 2872412
2872745 2872874
2873139 2873412
2873558 2873780
2874143 2874313
2874429 2874526
2875353 2876492
2877338 2877482
2877933 2879452
2879998 2880195
2880552 2881336
2881607 2881759
2882008 2886442
2886549 2897473
2899248 3065667
3066588 3066730
3067913 3068061
3068162 3068401
3068689 3068826
3069283 3069483
3069638 3069796
3070005 3070471
3070577 3070810
3071396 3071901
3072479 3074141
3075170 3076162
3076822 3079213
3079582 3079740
3079885 3085319
3085460 3085642
3085803 3086034
3086685 3086829
3087262 3087424
3087552 3088028
3088263 3088409
3088701 3091872
3092205 3092450
3092982 3093127
3093526 3093745
3093843 3094293
3094489 3095840
3096194 3096308
3096501 3096941
3097072 3097847
3097949 3098147
3098495 3101236
3101372 3101542
3101619 3101848
3101950 3112275
3112389 3119001
3119202 3119695
3119880 3120091
3120319 3120536
3120604 3123692
3123830 3124019
3124229 3124356
3124530 3152451
3152622 3152831
3153037 3155583
3155672 3156028
3156280 3166830
3166954 3167154
3167232 3167432
3167512 3167728
3167831 3167903
3168090 3168215
3168461 3168721
3168912 3169086
3169163 3169335
3169445 3181020
3181163 3186216
3186757 3186957
3187087 3195971
3196133 3196347
3196476 3196635
3196774 3209724
3209883 3220108
3220177 3220373
3220482 3220679
3220930 3221171
3221308 3244758
3244972 3245216
3245352 3249035
3249241 3264974
3265118 3265371
3265571 3265808
3265924 3272295
3272481 3272632
3272796 3274717
3274911 3275068
3275166 3275383
3275508 3285175
3285507 3285648
3285754 3285951
3286026 3287990
3288342 3288492
3288595 3288828
3289147 3290304
3290427 3290600
3291014 3291565
3291658 3309855
3310023 3332552
3332795 3339027
3339196 3339385
3339921 3340208
3341857 3342050
3342168 3343758
3344019 3344231
3345174 3345382
3348268 3348521
3348596 3348805
3349056 3350273
3350578 3350793
3350940 3351073
3351344 3351517
3351671 3351851
3351997 3352473
3352760 3353017
3353791 3354770
3354887 3355079
3355180 3355316
3355592 3357579
3357881 3357943
3358051 3358291
3358390 3359131
3359484 3360649
3361283 3361436
3361595 3361731
3361899 3362083
3362197 3364969
3365171 3369218
3369398 3369530
3370044 3370523
3370702 3372360
3372959 3373189
3373633 3373879
3374395 3377149
3377428 3377566
3377837 3378003
3379910 3380746
3380983 3381103
3383575 3383866
3385267 3385331
3386495 3386711
3387113 3389731
3390088 3390214
3390428 3390505
3391064 3391124
3393024 3393154
3393458 3393731
3394163 3394364
3394481 3394695
3394811 3395005
3395211 3395698
3396461 3397343
3399359 3400621
3400977 3401096
3402640 3403756
3404124 3404311
3404659 3414347
3414466 3414677
3414766 3414980
3415159 3415403
3415507 3421379
3421513 3421746
3422088 3426981
3427335 3450862
3451118 3455682
3455819 3455981
3456245 3456473
3456549 3456769
3456893 3462972
3463181 3463431
3463598 3463993
3464125 3464298
3464394 3469619
3469722 3476531
3476667 3477098
3477199 3477397
3477507 3479248
3479359 3479578
3479739 3479918
3480134 3512175
3512315 3516943
3517105 3517284
3517657 3517803
3518041 3525815
3526051 3532788
3532929 3537973
3538481 3538599
3539309 3567112
3567288 3567465
3567694 3567845
3567911 3568134
3568349 3569284
3569616 3569842
3569951 3585547
3585851 3585981
3586137 3586330
3586833 3588617
3588730 3588974
3589160 3589389
3589649 3589811
3589939 3591418
3591861 3592093
3592236 3597078
3597216 3597348
3597761 3599632
3599737 3599972
3600545 3603650
3603784 3603995
3604119 3604175
3605073 3606264
3606392 3606607
3606704 3606883
3607105 3607371
3607437 3607860
3608089 3608162
3608383 3608609
3608870 3608990
3609220 3611746
3611991 3612225
3612409 3613012
3613442 3613624
3614187 3614436
3614600 3614782
3615166 3615360
3615624 3620262
3620369 3620552
3620699 3620942
3621232 3638892
3638983 3639221
3639375 3639778
3639912 3640173
3640376 3640580
3640680 3640864
3640988 3643326
3643652 3643808
3644051 3644284
3644584 3645033
3645191 3645597
3646017 3649789
3649924 3650062
3650160 3650350
3651021 3651228
3651437 3664698
Bacteroides_ovatus_gi_423296664_ref_NZ_
1 7468
7666 7784
7972 8194
8373 10501
10579 10838
10917 11113
11302 12673
12740 12982
13134 13309
13532 13742
13847 14070
14172 24756
24857 25042
25224 28056
28229 28416
28511 28589
29313 29577
29723 29911
31171 31957
32123 32361
32497 33382
33772 33948
34331 62312
62455 62634
62733 62890
63024 63178
63312 98540
98758 98919
99102 99248
99371 101119
101336 101487
101704 120759
121375 123760
123841 124044
124172 124369
124525 124720
125208 125315
125492 126399
126676 126845
127094 127570
127663 139999
140150 140321
140423 140819
141032 149560
149951 150102
150277 150404
151356 155770
155982 156178
156485 161182
161373 168181
168299 168520
168634 168876
169020 195102
196029 231744
231835 232859
233022 235884
236247 236545
236843 236929
237185 237384
237652 240436
240752 242655
242741 242882
243285 243428
243537 247238
247471 247667
247779 247950
248054 248197
248446 263650
263817 283240
283689 283876
283990 289227
289405 289542
289852 290012
290159 294683
294773 294955
295256 295475
295553 295761
295973 296137
296297 297311
297591 297742
298048 298253
299106 299636
300235 300390
300549 302261
302900 303068
303297 304936
305117 305303
306328 306496
306646 306830
307099 308566
308807 308941
309263 309607
309713 309863
310007 310228
310370 310509
310842 310995
311130 312360
313451 313750
314103 314236
314515 315362
315934 316089
316527 316710
317142 317264
317462 320129
320257 320493
320596 322266
322447 322959
323132 323271
323614 328660
328957 329103
329352 329572
331110 331265
331386 332108
332326 332494
332783 332907
334288 334414
334522 334727
335057 335226
335704 341118
341269 341430
341595 341725
341976 342631
342924 343577
344027 344205
344315 350002
350235 350376
350543 350703
350891 351569
351791 352050
352280 352633
353301 353514
353739 353914
354345 354491
354895 355713
356187 357027
357537 357702
357878 365970
366096 366241
366346 366523
366887 370290
370461 371200
371296 372324
372406 372576
372741 372944
373078 380456
380919 381123
381189 393485
394190 394432
395388 397234
397499 397678
397775 398022
398300 398809
399153 399359
399774 399832
399930 400186
400289 400517
400940 401104
401205 401729
402893 403125
403344 407616
407921 408084
408370 409912
410585 410638
410833 411002
411183 411530
411705 411877
411974 412146
413266 413483
413872 414102
414434 415362
415959 419215
419493 419693
419848 420394
420506 424520
424630 424858
425287 452121
452296 452499
452679 452914
453070 460476
460699 461896
462096 462265
462395 462591
462911 463938
464075 464269
464975 467777
468383 468605
468746 470189
470532 470706
470856 471269
471409 471670
471887 472023
472346 472406
472654 472786
472989 473121
473345 481130
481264 481405
482366 483891
484490 485007
485295 485478
485682 485749
486076 486309
488458 488649
488872 489111
489901 490127
490498 490770
491814 491879
494543 495275
495609 495752
495914 496070
496674 496875
496982 497238
497393 499587
500798 500867
501358 562874
563026 563361
563526 563652
564023 564217
564637 568067
568220 568432
568893 569018
570206 570905
571847 572110
572383 572451
572556 572779
572933 578347
578461 578645
578745 578921
579295 580837
581118 582472
582638 583450
584037 586687
586779 586991
587147 587398
587505 593971
594145 594294
594377 594630
594734 594962
595069 608900
609246 615281
615381 615614
615699 615836
616171 616376
616478 616936
617181 632208
632368 632520
632794 634318
634535 634760
635010 635189
635321 636816
637171 637375
637526 638746
638902 639045
639388 639733
639875 640242
640352 640567
640710 640937
641032 641195
641418 642746
642898 643114
643183 643404
643551 661768
661869 666275
666485 666634
666767 666978
667091 667265
667404 671596
671731 674152
674362 674547
674810 675330
675547 680019
680260 680485
680945 689823
691385 691578
691684 693044
693206 693375
695175 696067
699790 699961
700056 700322
700469 701372
702480 702685
702897 705423
705641 705961
706671 709031
709280 709431
709871 709920
710112 710278
710564 711558
711662 711867
711981 712221
712450 712726
712809 712866
713014 713195
713367 713561
713924 714157
714368 717826
Bacteroides_ovatus_gi_423298543_ref_NZ_
1 5089
5213 5436
5640 5865
6078 10528
10666 10881
11033 11188
11290 20726
21207 21428
21531 22966
23543 23747
24012 24188
24511 25417
25537 25757
25945 26144
26438 26598
26823 26954
27094 29400
29520 33238
33484 33714
33907 35521
35682 35820
36033 36203
37003 37160
37370 42215
42578 42784
42890 54977
55106 55334
55668 56781
57374 57586
57992 58250
58443 58937
59497 59547
60056 72158
73949 75587
75918 76100
76465 76604
76720 78451
78612 78854
79433 79597
79853 80089
80294 82119
82262 82587
82836 82993
83164 83324
83460 83636
83981 84442
84864 85017
85511 85720
86053 88087
88310 88507
88605 89643
89710 104121
106771 107609
Bacteroides_ovatus_gi_423297293_ref_NZ_
1 2185
2421 2565
2716 2890
3094 5078
5239 5368
5770 28713
28859 29055
29246 29375
29462 29662
29794 29976
30124 30305
30383 30616
30697 32945
33560 33728
33873 42051
42179 42345
42457 42625
42761 42897
43103 43287
43398 44045
44824 46214
46348 46498
46914 47104
47418 47557
47649 68457
68655 68844
69027 80050
80431 80609
80715 89237
89326 90597
90728 90910
91124 110614
110956 114002
114293 114419
114629 126569
126928 127191
127347 127586
127766 129273
129384 129591
129693 129829
130026 130237
130339 137694
137962 138157
138298 139894
140241 140456
140550 140741
140886 147067
147374 151051
151654 158307
159526 159697
159960 160166
160378 160562
161120 161279
161399 162360
162488 162660
162769 162927
163030 163223
163407 165301
165434 165625
165964 169562
170061 170279
170433 170692
171217 171981
172261 172437
172649 175629
175726 176169
176448 176630
176732 176951
177183 178869
178982 179195
179314 179437
179668 183135
183811 184405
184800 184962
185225 189141
189480 189987
191264 191487
191776 191915
192017 193523
193667 193845
194249 195341
195991 196203
196409 198125
198775 198904
199259 199456
199713 199898
200212 200469
200706 201125
201557 201700
201834 201996
202147 203042
203323 203494
203612 203819
203943 204051
204229 204453
204608 211009
211257 211475
211713 211873
212016 213124
213228 213441
213661 213783
214329 214626
215020 247380
247563 247743
247914 248050
248213 249479
249927 250054
250198 257000
257663 272341
272478 272664
272900 273044
273250 283402
283542 283681
284009 290120
290248 290501
290632 314241
314340 314588
314818 315314
315440 315490
315636 315694
315996 316468
316645 320486
320659 320781
320927 321102
321255 330163
330274 330446
330647 330830
330970 354592
354803 354968
355125 360067
360395 360567
360665 360820
360909 361128
361236 371246
372062 372231
372367 372621
373857 373957
374222 374303
374684 380666
381002 381140
381543 381880
382302 382550
382696 391095
391327 391420
391882 392030
392132 392311
392413 392612
392720 393801
393975 394187
394720 394868
395000 423840
424042 424211
424573 430353
432453 464278
Bacteroides_ovatus_gi_423298742_ref_NZ_
1 1355
3324 10818
Bacteroides_ovatus_gi_423298830_ref_NZ_
1 1110
Bacteroides_ovatus_gi_423298794_ref_NZ_
1 395
819 954
1223 4084
Bacteroides_ovatus_gi_423298032_ref_NZ_
1 8323
8442 8666
8758 8930
9052 9278
9402 20384
20491 21039
21188 23247
23437 23623
23689 23928
24013 24931
25690 26277
26441 28568
28943 29076
29233 32177
32393 32549
32760 33576
33693 33930
34038 43817
44477 44722
44874 45077
45226 56508
56753 56976
57290 57340
58237 64749
64932 65080
65485 67535
67671 68213
68489 70523
70800 70998
71297 75173
75337 75542
76105 76263
76580 76770
77224 77742
78128 78300
78509 78612
78679 78822
79451 79648
80034 80166
80326 80775
80978 91316
91487 91675
91820 93778
93951 103129
103313 103502
103643 103829
103946 104174
104258 104471
104677 108166
108340 108472
108914 110968
111110 111550
111690 112177
112340 112540
112671 133077
133216 133407
134016 135444
135706 135892
136148 136350
136579 136760
136945 137128
137460 141129
141277 141406
141562 141690
141818 142052
142156 142762
142896 143058
143194 143426
143607 143747
143856 144001
144142 144320
144512 148838
148959 149206
149298 149514
149652 154683
154816 154980
155117 155274
155357 163708
163826 164075
164180 164345
164564 180928
181318 181514
181627 190231
190504 190660
190787 190951
191110 195479
195722 195936
196035 196219
196344 202255
202536 202713
202791 203030
203142 203332
203604 216644
216772 229076
229421 229572
229690 229878
230149 232991
233515 235135
235902 243432
243513 248544
252126 253680
256109 257036
258332 258764
261973 262954
263528 264805
265706 265832
279835 279937
286626 304001
304203 304389
304860 304999
305287 305473
305605 305893
306053 326828
Bacteroides_ovatus_gi_423297700_ref_NZ_
1 16319
16509 16751
16996 17196
17471 20625
20890 21138
21579 21819
21972 25026
25366 25448
26066 27047
27394 27657
27750 30156
30681 34714
34995 35142
35308 35623
35788 35985
36481 37810
38219 38361
38564 38711
38860 39390
39580 40544
40612 41953
42422 42630
43531 43749
43934 43997
45792 47304
47467 47609
48081 48301
48453 48585
48789 48896
49029 49529
49764 49893
50189 50275
50953 52031
52237 52322
52587 52786
53187 54968
55073 55271
55699 58845
59132 59289
59834 59959
60141 60238
60545 60724
61558 70304
70424 70644
71222 72924
73730 76630
77249 77871
78177 78361
78824 81088
81327 81548
81912 84426
84547 84737
84857 85075
85233 85415
85540 98510
98702 98818
99063 100814
102105 106961
107064 109806
109942 113831
113956 114129
114286 114444
114695 114777
115075 115262
115414 115636
115705 117015
117301 121052
122132 122567
122767 122957
123117 123313
124138 125101
126133 126402
126951 127086
127266 127403
127567 127741
128048 128343
129033 129173
129319 129474
129914 136770
138307 140614
141776 141921
142405 142635
143159 143701
144205 144333
144677 144814
145182 145339
147346 147603
148584 149512
149620 149753
149918 150793
151086 151269
151503 153183
153301 172609
172763 172917
173375 173839
173908 174133
174239 174392
174531 174746
174892 175038
175118 175308
175396 175556
175673 195717
195855 196045
196236 196403
196554 196679
196816 241509
241824 241979
242148 254786
254899 255082
255211 263093
263315 263518
263626 271012
271228 271484
271700 271959
272036 272271
272356 277826
278082 281101
281382 281539
281748 283072
283477 283641
283832 284031
284301 284838
285043 286185
286778 286894
287063 288699
288849 289007
289149 289405
289633 298583
298703 308536
308690 308834
309310 311735
311958 312207
312679 325827
326287 326467
326699 333173
333451 333663
333760 347273
348673 349375
350075 351718
351825 352032
352619 353311
353412 353563
354011 355337
355997 356692
356845 356986
357154 357290
357956 358248
358533 358813
358918 372952
Bacteroides_ovatus_gi_423298445_ref_NZ_
1 12309
12442 12646
12760 12959
13128 24447
24558 24747
24912 25072
25238 26027
26222 26388
26538 26693
26798 26957
27145 27370
27562 28995
29110 29275
29511 29711
29886 33541
33782 63540
63843 64455
64558 92823
92917 93062
93208 93430
93520 113449
113967 121421
Bacteroides_ovatus_gi_423298781_ref_NZ_
1 3951
4056 4176
6039 6285
6383 6600
6729 6915
Bacteroides_ovatus_gi_423298274_ref_NZ_
1 6825
6953 28383
28497 28773
28860 29070
29219 29850
29960 30639
30815 34048
34327 34477
34908 35368
35472 35713
35813 36002
36104 36265
36366 42262
42369 42586
42690 42845
43004 45081
45231 45479
45573 45755
45981 57292
57951 58087
58255 68291
68401 68580
68717 68897
69054 69234
69343 69503
69619 69770
69896 70081
70295 70515
70653 83943
84212 84385
84520 84756
84867 85566
85670 85878
86044 86291
86377 86580
86758 105553
105693 105827
105970 106128
106328 108662
109203 110441
110957 126297
126641 126860
126986 137752
137924 138060
138197 138358
138489 138654
138786 144614
144680 144892
144983 145115
145350 145547
145695 146398
146655 146911
147300 147998
148720 148782
150070 150242
150934 151008
151259 151367
152174 152371
153594 155244
156164 156335
156531 157221
157411 157564
158437 158929
159567 159738
160295 160500
162727 162943
163282 164008
164154 164352
165467 170484
170616 170786
171194 171334
171531 174662
174811 174990
175213 188194
188680 196543
197171 197335
197527 203649
203789 203987
204258 204424
204564 209043
Bacteroides_ovatus_gi_423298785_ref_NZ_
1 4243
Bacteroides_ovatus_gi_423298773_ref_NZ_
1 1311
2770 3025
4020 9047
Bacteroides_ovatus_gi_423298705_ref_NZ_
1 30545
