Bacteroides_ovatus_gi_423295928_ref_NZ_
1 11025
13586 23444
24167 26715
27443 27728
28634 30169
30896 31084
31740 33999
34606 35112
35785 36474
36964 49252
50367 52217
52518 52604
53278 56302
56454 57520
57891 59351
60292 60512
61026 66077
66434 66601
67962 68486
69331 70473
72465 72614
72888 73052
74354 74533
75657 77455
77748 81407
81972 86124
88939 90188
92869 94551
95054 95422
97315 97491
100868 102764
103861 104282
106450 106584
107880 114726
115336 116264
118285 121900
122782 124469
126294 128830
129784 130156
131173 132090
136231 136424
137785 137927
138170 140880
141384 144447
147554 156634
157200 161693
164279 166489
167095 177561
177961 191621
192102 192344
192903 196994
197208 198754
200261 200805
203269 203978
205747 212674
213334 214209
214806 215407
217316 217551
217687 223122
225309 225436
227426 228955
230252 230542
231191 231309
231969 235797
236393 245749
246135 259164
260312 264353
264773 265943
266376 268437
269286 337932
339379 340489
341656 341778
342649 343111
350405 351128
351908 352046
352354 355370
356147 366522
367070 367254
368453 377484
378039 384031
384553 384831
385200 385348
385555 389251
390188 391222
391723 398169
400153 401984
402624 403650
404119 423322
424092 425130
426212 439091
439198 471113
471887 473860
475321 484474
484681 484781
485397 485562
486190 487460
488603 492289
492796 493558
494939 497284
498198 522108
522523 523335
523468 531310
542110 544205
544823 548595
548841 554347
555164 555401
555896 556376
557202 559171
559765 561859
562026 563282
563544 563632
563849 570632
571676 571784
572339 573142
573726 574203
574411 574523
576451 577306
578285 583810
584531 585133
586578 586692
587104 592713
592808 600832
601334 615457
615942 617754
618305 621703
623335 625214
626669 627790
631048 634657
635235 637202
637966 640334
641220 647346
648225 652834
653346 657398
658036 659909
660498 661982
662527 662977
663159 665208
666525 671777
672793 691057
691908 693112
693875 694354
694752 699009
700077 714774
716375 722215
722680 725024
725895 728509
729071 729613
729916 737113
739853 740219
743277 743368
744150 744530
745421 746438
747044 747211
749220 749489
750743 752150
753311 753573
754722 755984
761122 761283
763700 764535
765385 765511
766600 766834
767531 771213
771765 773692
774342 775352
777115 779273
780050 787052
787977 788593
789976 790100
790623 792316
793505 799192
799987 800903
805196 805297
806359 806730
820748 820943
824379 826224
826763 831849
832905 833827
834358 835819
836425 838289
841674 848145
848686 849228
849897 850282
851047 861301
861404 873087
Bacteroides_ovatus_gi_423298762_ref_NZ_
1 9360
Bacteroides_ovatus_gi_423298811_ref_NZ_
1 1643
Bacteroides_ovatus_gi_423298626_ref_NZ_
1 6282
6533 13400
20836 21276
23275 24497
26012 27867
30112 31739
32269 34746
35329 35772
36301 38991
39570 63162
64574 70449
70688 71103
71759 75489
Bacteroides_ovatus_gi_423293208_ref_NZ_
1 6913
8626 15399
16306 17970
18802 20312
22413 24367
25015 25792
26442 26547
26745 26938
27765 30018
30572 48755
49720 52566
54305 55124
59119 63136
63661 71706
72531 76546
78394 80716
82032 84298
85865 85947
86460 86630
87297 88809
88941 94997
97030 99379
99891 100008
100990 101402
101902 102028
102602 103474
104237 106499
108296 110880
111027 111131
113619 120563
121074 121449
123149 130151
131098 145461
145671 145759
146049 147067
148442 150839
151534 153493
154945 157045
159228 159342
160779 162562
164058 164506
166415 166924
167147 168152
169809 170410
171656 171758
171972 174087
175202 175468
178112 178189
179627 180738
181924 182644
183762 184233
185472 186003
187773 188605
190429 196825
209504 209682
210810 212895
213189 213279
213526 214320
215455 215873
218655 219533
220375 220945
221596 221801
223649 223843
224789 228884
230050 231439
231909 244188
245874 253040
258869 261729
263995 265235
265817 268185
269169 273143
280158 291392
297915 305845
307957 310338
311676 315727
316264 320581
320689 329090
329803 338413
357450 366944
367995 368331
370420 374469
374676 374803
375116 375435
379526 380725
381872 382128
382688 407403
408837 408957
412226 418169
418768 419631
420862 427282
428925 433061
448849 448955
457685 459455
459558 459768
460627 462461
465996 466229
467682 469550
471442 471692
474403 476713
477228 477595
479109 479378
483533 487105
488226 488318
489155 489312
491024 493183
493892 494216
494500 494647
494895 495634
496525 497307
497902 499112
500913 501008
502675 503217
504128 505607
509289 509417
510835 511491
513245 513765
514480 515480
516342 516593
518433 519084
520217 520335
521471 524202
524510 524675
525188 527448
528108 542851
543513 544034
545188 571993
574292 583603
584442 584775
586579 594354
594640 595095
595602 598065
598588 599131
599766 600368
601224 603943
604119 607872
608403 623013
623224 624428
627185 627268
628782 630187
632835 632966
633095 633601
635254 636115
637532 637818
639178 643626
650801 653975
655423 656568
657925 659644
660364 667008
667673 670095
671029 671109
671605 671751
672470 675955
676045 677250
677809 678165
679225 679911
680478 680841
684055 684435
685265 685550
687933 689771
690919 691303
693548 693636
694052 694813
696725 699590
700518 700686
702146 703457
705119 705998
706515 706841
713864 714490
716198 719188
725550 729241
730900 731903
733128 750555
751180 754950
755455 757855
758531 762756
762995 763154
763414 764120
764637 766448
767236 778138
785938 786124
788823 789278
790085 790218
791285 791495
792397 792469
792595 792990
794213 794337
795690 796588
797613 797781
798441 800529
805103 805957
806605 811572
813165 814450
815785 817307
818152 818501
820012 820567
822967 825306
825563 826922
827821 828135
829480 829765
830315 831277
831714 831777
832521 832741
834196 834423
834870 835232
835576 837755
838014 842118
843278 848510
849600 849755
851228 852315
854353 856210
857118 860755
861095 861430
862024 873654
874432 885106
888166 889229
890949 891247
892634 892721
894257 894965
896705 896793
898217 898347
898702 898889
899628 902369
903997 904780
905629 908711
908992 909491
911353 911428
911977 913343
913421 915105
915869 916689
918008 918301
918432 926292
927283 933672
934056 935355
936763 937032
938165 947911
948301 948436
949734 951546
952069 961904
962063 967793
968393 968830
969990 970135
970908 971008
971815 971987
972567 973226
973944 974342
975023 975742
977180 1001218
1001789 1001925
1002517 1005321
1006057 1009953
1012884 1013129
1014296 1017033
1018003 1018668
1018933 1019014
1019796 1020065
1020760 1020859
1021416 1021591
1024012 1024655
1026710 1035123
1036653 1036706
1037313 1037402
1038708 1038860
1039398 1042035
1043312 1046385
1046942 1048304
1050955 1052850
1053747 1054561
1056711 1057512
1059210 1059337
1060000 1060142
1060414 1060519
1063260 1063754
1064537 1067172
1068043 1068235
1070024 1072049
1072258 1072346
1073924 1074731
1076341 1076609
1078482 1081639
1082934 1088848
1100369 1104768
1106097 1106888
1108111 1108210
1108691 1110356
1110902 1111802
1120709 1125312
1125549 1125651
1126592 1129222
1141433 1144715
1145268 1145581
1148988 1151594
1155826 1155987
1161542 1173204
1175124 1175747
1176452 1176585
1177425 1178044
1178949 1179176
1179737 1179889
1181205 1181276
1181707 1181925
1182785 1183081
1183825 1185072
1187249 1188168
1197511 1197970
1198273 1200670
1202243 1206935
1207380 1207486
1207757 1217402
1223427 1223921
1226958 1227626
1228687 1233624
1234245 1241364
1242873 1242997
1243067 1244705
1245787 1246098
1247172 1249632
1251693 1256522
1259488 1280209
1280718 1285482
1287091 1290005
1291410 1291576
1293664 1296949
1298442 1300570
1302694 1304084
1305078 1308538
1309182 1309568
1310161 1310875
1311217 1312818
1318745 1322237
1323101 1325043
1325820 1332851
1333625 1338799
1349889 1352760
1353239 1353570
1359450 1361657
1361808 1362945
1363088 1363496
1364795 1364949
1365535 1368724
1369253 1370245
1370494 1371870
1376294 1377575
1377832 1377937
1378148 1379994
1381121 1382635
1383531 1386088
1387601 1387873
1390290 1390736
1392200 1392305
1398776 1401342
1401906 1402045
1402739 1403889
1406352 1412810
1414599 1414960
1419791 1420328
1420860 1420953
1423848 1424362
1428858 1431591
1434186 1434778
1435601 1437359
1438128 1439839
1440071 1440216
1443988 1444455
1451801 1452186
1452493 1452612
1456128 1456714
1457794 1457904
1460128 1460704
1460938 1461053
1462215 1463423
1464281 1464570
1466480 1469518
1469635 1473835
1478397 1480955
1486011 1486145
1488704 1496215
1498598 1498881
1504097 1504316
1505055 1505527
1506265 1510187
1511814 1511909
1512550 1513987
1515672 1517427
1518127 1518920
1519165 1519269
1519478 1520695
1521432 1523867
1524920 1526303
1527036 1527148
1528348 1529033
1530591 1530837
1532104 1535287
1536508 1539050
1539858 1540222
1542544 1543327
1548897 1549385
1557215 1557657
1558896 1561063
1562050 1562177
1562809 1562871
1564624 1565027
1565875 1566056
1568754 1568859
1570317 1571227
1573475 1574049
1574997 1582537
1583882 1585118
1586113 1586262
1588744 1588876
1589184 1589341
1589721 1590128
1592085 1592210
1593658 1593836
1594787 1595365
1595874 1596163
1596712 1598876
1603924 1603997
1604542 1604711
1605615 1609473
1612628 1612783
1613486 1621594
1622187 1622567
1623142 1630585
1631196 1635808
1637679 1641043
1648804 1649497
1649804 1652017
1653926 1658007
1658710 1668277
1669787 1669890
1674747 1675392
1676182 1677509
1678415 1678769
1679278 1679344
1683979 1684676
1684975 1689910
1690763 1691907
1692118 1692220
1693071 1694980
1695120 1696201
1696412 1696505
1697140 1697735
1699073 1699409
1699875 1699960
1700530 1703679
1704336 1713998
1715649 1718837
1720986 1724579
1725321 1728342
1729356 1730199
1730911 1731952
1732513 1732620
1733792 1739274
1739430 1752458
1753340 1753429
1755718 1757320
1758502 1758727
1760109 1761527
1762483 1762624
1763183 1763463
1764907 1765111
1765806 1765942
1766772 1767221
1769663 1770024
1773449 1775814
1776564 1777254
1777771 1778596
1779368 1779639
1780640 1780948
1781623 1785037
1786191 1786515
1787575 1789068
1790272 1792741
1793537 1796913
1799000 1804798
1805474 1807063
1808420 1810272
1810860 1810937
1811696 1813341
1813893 1830630
1830876 1830975
1834756 1834980
1841987 1846624
1848778 1850190
1854548 1855056
1868958 1869361
1871399 1871508
1873762 1875115
1876503 1876629
1878293 1882841
1883398 1884137
1884778 1884897
1885987 1886715
1887066 1887260
1889138 1889394
1890051 1893009
1893275 1893358
1893579 1893770
1894366 1902752
1907822 1909184
1911154 1911264
1916512 1916858
1917435 1924953
1925108 1941287
1942147 1943343
1943824 1959350
1960663 1960905
1961866 1962633
1963459 1981516
1982207 1982940
1984301 1984467
1984979 1987842
1988094 1988227
1989401 1990210
1991220 1991313
1994244 1994543
1995247 1995332
1996612 1997554
1998114 1999516
2001152 2004884
2005592 2006802
2007836 2012895
2013987 2022539
2023871 2029383
2029543 2030147
2030343 2030447
2031697 2032972
2033378 2033709
2034864 2036131
2041434 2041520
2042115 2042901
2043981 2044129
2045820 2045915
2047369 2052694
2053364 2060370
2061894 2070775
2071003 2071118
2071377 2071640
2072239 2073130
2074227 2074405
2079840 2079936
2081411 2102882
2103720 2106129
2106352 2106450
2106892 2107137
2108559 2114365
2114952 2116208
2116807 2119441
2119975 2120296
2121028 2121110
2121425 2124751
2125340 2125595
2126215 2126716
2129312 2130161
2131399 2131553
2131795 2131878
2132117 2132214
2132510 2132995
2133548 2136697
2137399 2137512
2138271 2138681
2139516 2140439
2141674 2141860
2142401 2144628
2145856 2149945
2155367 2155533
2160646 2160764
2162205 2164695
2166138 2166857
2167425 2167722
2168251 2169282
2169826 2178759
2179338 2179624
2180670 2182045
2182869 2182969
2183312 2183483
2184170 2187322
2187962 2190504
2190690 2190802
2193156 2193979
2198260 2199468
2200349 2200562
2202892 2203303
2205364 2206810
2207453 2207836
2209122 2214261
2215480 2216777
2217571 2220469
2221216 2223496
2224365 2224717
2225399 2228232
2229564 2230510
2232165 2232259
2232702 2235511
2236350 2236870
2237379 2243572
2245417 2247850
2248899 2249072
2249300 2250697
2253452 2253732
2255622 2258093
2258884 2258961
2259308 2260013
2262863 2268416
2269374 2271019
2272406 2283443
2285765 2285844
2296557 2297321
2299514 2300992
2301499 2303001
2303719 2303931
2305075 2306613
2308372 2309860
2309930 2310942
2311606 2313796
2317946 2318212
2322757 2323022
2325659 2326100
2329278 2329379
2331301 2331509
2335658 2339419
2339981 2347657
2348647 2348856
2349146 2349258
2352628 2353073
2354036 2355103
2358133 2359339
2360176 2365783
2369533 2370041
2370759 2371790
2373286 2376297
2377578 2377708
2378205 2379100
2381691 2381783
2382863 2384301
2385083 2386814
2387380 2388861
2389602 2389919
2390857 2391313
2392514 2395378
2395954 2396927
2398619 2402889
2403430 2403708
2404551 2406906
2407228 2407326
2409422 2409699
2410449 2410579
2411287 2411716
2412402 2413708
2415328 2415537
2416389 2416565
2417388 2418023
2418779 2418917
2419134 2421010
2421946 2422144
2422553 2423696
2424667 2425373
2426695 2436789
2437590 2439276
2439787 2441333
2441851 2444163
2444920 2445689
2447411 2449758
2450939 2451075
2453221 2454581
2455683 2456099
2456742 2457699
2458447 2458835
2459997 2460225
2461050 2461664
2462170 2462361
2464542 2465438
2468069 2468635
2474633 2474982
2478537 2479418
2480189 2481775
2482027 2482133
2484942 2485467
2487212 2487630
2488344 2488494
2489392 2490300
2491238 2492394
2492553 2492671
2494009 2494410
2497389 2498010
2498550 2498712
2499602 2502608
2505712 2506082
2508357 2508614
2510004 2510150
2510925 2511003
2512749 2512861
2513131 2513319
2513419 2513660
2514827 2516050
2517701 2519734
2520376 2520801
2521652 2521840
2522494 2523412
2523968 2524087
2524589 2525053
2527600 2528273
2528889 2529306
2538587 2546243
2547650 2547746
2548642 2553881
2554835 2559300
2560261 2560470
2561057 2561515
2562890 2575212
2576909 2579366
2579692 2580191
2580434 2581666
2581990 2583567
2584186 2591252
2591778 2600063
2602541 2603060
2605278 2605506
2606777 2612677
2613514 2627601
2629672 2629779
2632200 2637222
2637952 2638971
2640246 2643942
2644818 2646200
2646363 2655045
2656895 2658691
2658920 2659044
2659588 2664093
2664902 2665891
2667020 2667501
2668591 2675347
2676146 2683719
2684459 2687695
2689842 2691840
2693427 2693880
2694995 2702353
2703228 2704780
2705394 2706353
2706951 2707513
2708280 2708605
2709177 2710850
2711974 2712172
2715126 2716874
2717875 2718949
2720323 2724598
2725508 2728427
2728726 2734695
2735725 2736797
2737643 2739541
2740329 2743306
2749889 2750218
2750908 2751407
2753602 2759311
2760700 2765337
2766125 2766863
2771254 2772174
2780272 2780989
2782027 2784047
2784698 2784965
2785849 2786395
2787187 2787448
2787909 2787995
2788215 2788347
2788425 2789442
2790034 2795713
2797328 2798548
2800109 2801855
2802414 2802846
2803368 2803507
2803877 2804520
2806441 2809341
2816546 2816818
2831764 2833428
2834609 2838162
2839125 2841026
2845622 2848699
2849612 2852429
2853152 2855800
2856001 2869797
2870450 2871373
2877322 2877715
2882965 2884810
2885127 2891782
2891909 2896248
2897043 2897122
2900766 2901826
2902441 3065762
3068072 3070445
3075248 3077989
3078736 3078822
3079921 3088205
3090257 3090457
3093558 3094009
3094136 3094252
3094873 3097960
3098884 3108878
3109472 3111148
3112009 3120623
3120710 3123983
3124530 3124805
3126795 3136066
3139799 3139887
3140635 3154991
3155494 3156027
3157080 3164224
3165075 3165208
3166620 3167881
3168496 3168579
3169004 3171887
3173853 3174041
3174705 3175652
3176394 3177067
3177572 3185686
3187411 3188618
3190181 3191113
3191984 3192042
3192518 3192901
3193422 3193675
3195288 3195429
3197050 3197166
3198069 3204488
3205397 3209222
3210266 3210482
3211334 3219960
3221161 3226541
3226812 3226958
3227170 3231284
3232033 3240001
3240573 3245115
3246014 3247447
3248202 3249432
3249644 3249777
3249984 3251929
3252971 3253109
3253325 3256229
3257353 3257464
3258426 3258835
3259512 3261493
3262550 3263109
3263676 3264385
3264921 3271787
3272832 3275066
3276078 3277295
3277996 3278106
3278317 3281711
3282635 3283178
3283802 3285015
3290025 3290562
3292765 3332528
3332795 3333069
3334610 3334677
3334889 3334973
3337741 3338017
3338836 3339087
3343236 3343496
3349897 3350260
3356829 3358241
3363296 3363586
3368483 3369306
3370817 3372064
3374459 3374592
3387825 3389231
3405105 3408310
3410665 3411326
3412794 3413151
3415572 3420528
3422776 3422873
3424105 3425561
3425949 3426272
3429104 3430593
3431523 3452492
3453539 3454087
3454480 3455552
3457023 3457383
3458166 3459843
3460600 3470181
3472046 3476376
3476996 3504115
3504726 3506402
3507048 3510516
3510770 3513881
3514007 3532117
3533982 3540339
3542315 3543686
3544255 3546739
3547654 3555728
3556160 3557347
3557879 3559506
3559759 3561040
3561621 3561740
3562385 3562794
3563742 3564656
3565587 3565686
3565901 3567002
3567304 3567415
3567933 3568872
3570966 3577494
3578270 3579276
3579987 3580236
3582803 3584388
3588806 3588903
3589181 3589302
3589686 3589776
3589983 3592601
3598065 3598439
3600523 3603536
3603924 3604031
3605684 3606660
3607781 3610899
3611422 3618460
3619271 3619359
3620642 3625929
3626528 3626810
3627172 3627351
3627699 3628516
3628716 3630484
3630926 3635264
3635933 3636150
3638548 3638844
3639386 3639730
3642366 3644274
3644859 3664698
Bacteroides_ovatus_gi_423296664_ref_NZ_
1 24633
24746 26870
29397 29553
32166 32556
33853 44915
45399 50353
51029 52178
52363 54808
55960 65947
67452 67762
68375 71839
72534 74137
74998 77635
77980 85049
85230 90021
90710 91735
92261 92380
93657 94216
95823 95944
96168 101102
101826 116400
117118 118237
118887 127557
128347 135357
135595 135717
135947 142047
142352 142482
142710 143205
143944 144757
145349 147109
148054 148227
148677 148820
151463 172678
174029 176629
177197 180994
181231 181469
181841 184438
184930 217102
217331 221121
221719 222781
223628 223771
225184 227642
228234 230623
231924 232270
234395 235702
237686 238184
241234 245256
246271 285060
285321 285872
286123 286241
286631 287420
288480 290801
293266 293380
296369 296746
298717 300021
300431 309885
314539 315133
318174 319990
327823 328400
336740 339553
341004 341429
342272 346715
347302 347497
348783 349605
350576 354492
355697 361978
363001 365450
366389 366450
367393 376860
376966 380314
380952 382669
383709 383826
384647 388227
388872 391048
391798 393105
395757 400481
403384 405429
406376 406774
408370 410887
418464 418570
420862 421176
421728 424292
425414 425546
426056 426331
426933 427686
429685 430113
430702 430823
431739 434586
435262 437014
437956 438078
439030 439121
439474 449320
449858 451787
452483 452630
453222 459182
467390 467751
468402 469362
469716 471533
473355 474452
475313 481023
495922 496202
497784 498512
501395 543551
544098 562634
563028 563310
566575 566879
572601 572777
573364 584076
585526 586677
587583 587679
588257 588412
589237 589427
589652 589743
590041 591751
592571 594985
596308 597429
597953 598015
599964 600318
601427 607208
611052 614358
616231 620092
620813 623116
623661 626589
626961 628073
630408 630849
631344 631928
635411 638116
639462 644827
644982 660603
661229 666894
667957 669563
670980 680372
681411 681557
682608 692113
705850 712488
713384 717710
Bacteroides_ovatus_gi_423298543_ref_NZ_
1 2739
3396 6657
7652 12453
13375 13515
18495 21871
22796 22901
24581 24725
28602 29607
29813 29897
30109 30976
33519 35457
37036 37087
42912 43426
43696 46067
46295 51825
54348 54569
60603 71838
75365 78212
82050 82242
85551 87448
87657 87782
87994 107609
Bacteroides_ovatus_gi_423297293_ref_NZ_
1 2102
3273 3539
4481 4650
7703 9333
10363 10453
10688 10979
11675 12372
13471 13700
14329 14760
15300 18167
19207 20567
21900 23620
24664 25765
26027 28013
28616 29594
31611 32923
33909 40137
41080 49712
49887 50411
52192 53025
54722 56380
57012 58042
58958 60520
61318 71410
71659 78862
80499 88811
88967 93032
94204 94553
95901 97447
97959 106735
107722 107958
108405 108495
109282 122461
123113 124595
125133 125270
125642 126018
127897 130729
131674 131726
132303 134731
135332 136130
136733 139573
141014 141306
142372 146334
146611 148803
149925 159560
162527 164730
166467 166937
167624 169427
171496 173275
174676 176034
177727 178807
180951 181472
186984 189951
198743 210623
216488 217232
219303 221696
223079 223267
223566 225811
227596 231301
232005 233112
233687 240416
240716 244589
245485 247327
249271 252675
253443 253938
255226 257077
257950 263705
264376 264492
264754 265378
265918 267459
267964 271476
271779 275640
276406 276501
278097 281227
281740 285495
286021 288347
289204 290061
290279 290941
291496 293725
294378 294657
295397 295547
296931 297018
297507 298701
299775 301021
303166 304304
304544 304645
307468 308330
308967 311371
312086 317280
318600 321388
322686 331672
333465 335848
336433 342167
343093 343563
343673 348414
349002 350953
351613 351981
352876 354579
354802 354890
355468 359854
362745 364388
364603 364674
365106 376392
376995 377318
378082 379935
381368 382537
384643 388366
388579 390283
392186 393399
394034 397620
400821 402582
402659 404233
404704 405598
406335 464278
Bacteroides_ovatus_gi_423298742_ref_NZ_
1 10818
Bacteroides_ovatus_gi_423298830_ref_NZ_
1 750
848 1110
Bacteroides_ovatus_gi_423298794_ref_NZ_
1 4084
Bacteroides_ovatus_gi_423298032_ref_NZ_
1 11139
12900 13124
13795 15677
17026 17835
19114 20585
21222 22337
23487 25295
25651 31626
32253 38410
39104 39487
40062 41958
43611 43813
45292 45646
46300 47084
48006 52720
52856 53515
54458 72393
73150 74660
78557 78684
80396 86956
87683 88237
90555 99951
101647 109050
111463 111911
112714 114682
116338 116648
117761 117938
118461 118627
119944 120245
120891 121241
121815 123934
124887 133231
134696 135105
137015 138253
140540 143389
147523 153688
154261 155373
156472 159783
163575 164970
165486 166263
167045 169078
170009 171796
172592 174312
174551 174710
175938 177431
178599 179037
179325 179414
183795 186706
187382 190899
192298 194368
196551 198698
201245 206142
206748 213667
214235 214323
214864 218941
219659 219761
220727 229028
231668 234061
237176 237443
238045 243421
243513 243695
244324 244755
266494 268043
286626 287545
287686 288866
289661 291403
292559 301057
302523 307768
309029 315306
316040 326828
Bacteroides_ovatus_gi_423297700_ref_NZ_
1 23348
26406 34489
35036 37798
39154 48440
51282 52203
52655 55016
60462 60636
63019 67011
67264 67353
68000 70270
71947 72856
73594 73824
74075 74199
74409 74577
75772 75860
79866 80392
82539 87851
89953 97550
97950 98037
98316 112892
114297 114472
116364 117007
117854 120740
133473 135317
135694 135796
136091 136465
143380 143429
149018 152935
154270 161191
162048 163360
164033 168773
169231 170446
170761 179774
180024 180760
183495 183969
184483 186337
187029 187414
189442 190166
190398 190535
191462 193134
193769 196824
197435 198151
198392 202891
203045 219872
220544 242430
243446 253155
253480 254501
255407 260313
261566 264611
265029 266237
266508 266619
266879 267951
268481 270208
270779 284240
285101 285752
290425 291988
292904 299671
299901 299994
300875 301587
302285 303005
303537 304611
305231 306295
307034 307293
310941 311900
314064 315348
316117 318872
319568 319684
320631 327211
328299 332678
333524 338804
339220 339403
339627 340734
342277 345559
346079 346267
351211 352019
354264 354682
356361 356440
358026 358201
359310 359907
360921 363161
363948 364412
366397 372952
Bacteroides_ovatus_gi_423298445_ref_NZ_
1 5867
6153 9952
10478 12587
13642 14893
16413 19425
19862 19968
20944 21132
21890 22482
23152 25315
26944 28178
31836 36844
37448 50295
51114 56654
57160 57218
57756 58212
59546 62292
62653 62735
64298 68937
69728 82787
83558 84438
85154 90205
90962 92579
93827 94474
95948 98436
99056 113102
113475 115325
115797 121421
Bacteroides_ovatus_gi_423298781_ref_NZ_
1 6915
Bacteroides_ovatus_gi_423298274_ref_NZ_
1 1282
1489 5858
7520 8886
9149 9238
9873 10645
10858 11051
11344 11569
12493 12773
13461 13552
13816 14293
15445 18237
18426 21115
21773 22196
23250 38812
39289 46167
46693 51747
52887 56585
56987 64901
67031 67495
68187 68468
69090 69380
72836 72921
73307 73435
74657 74904
75558 76149
77290 82314
82638 83924
88490 90692
91210 95732
96746 103083
104905 113028
113929 114924
116498 117554
118689 124174
124793 125572
126256 128122
129480 130903
131593 131968
132661 132832
133460 133945
135862 136734
138247 139748
140743 141063
141592 141794
142498 142685
143255 143507
143726 155145
158626 158831
160492 162937
166828 170057
172337 173317
174025 174311
175474 176814
177554 199242
200145 203363
204415 209043
Bacteroides_ovatus_gi_423298785_ref_NZ_
1 1171
2308 4243
Bacteroides_ovatus_gi_423298773_ref_NZ_
1 9047
Bacteroides_ovatus_gi_423298705_ref_NZ_
1 30545
