Clostridium_sp_SS2_1_gi_224515017_ref_NZ_
1 33940
34885 37190
38350 38931
40078 42552
43244 46834
48796 49662
50288 50577
52521 52936
54428 56248
57423 58678
60006 62183
62719 63012
63798 65851
67213 72461
74624 74967
75650 75935
76699 76953
78768 80497
82716 86149
86879 88142
90714 91036
91921 92431
93238 93595
95220 95935
99896 100206
100991 111714
114904 117858
118609 124596
125422 125873
127622 135526
137311 140502
142448 143094
144259 150392
150995 152066
152974 156008
156671 173620
173745 174108
174304 199942
200659 207476
207978 209079
210233 216869
217571 218778
219683 221525
222232 225046
225834 229797
230402 231563
232259 236514
237473 238344
239077 311775
312396 313599
314242 319642
320190 353122
353675 355087
355774 363948
364648 365155
365734 367752
368266 371816
372343 381730
382644 406689
408218 411865
413211 415816
416420 418045
418784 421482
423405 424500
425246 425562
426114 426456
427058 430242
430779 432847
433543 433599
434679 436856
437358 441140
441877 442606
443228 453032
454640 511726
512233 513913
515223 518518
519214 523265
524139 525794
527164 528408
529735 530037
530865 531254
531963 533541
535064 535628
536399 540035
541153 546924
548362 550624
551477 554770
556176 556226
556993 561666
562315 562665
563251 566386
567640 573353
573963 598191
599014 610227
611071 612279
613108 615634
616651 623675
625540 628169
629744 630516
631308 633444
633953 634637
635169 639785
640741 645696
646489 647751
648573 649245
650223 650961
654250 655741
656458 657096
657613 659828
660662 660988
661667 664144
664740 672715
673605 674222
676503 679594
680180 680847
682590 684536
685362 687054
688024 688821
690657 693927
695753 696125
696705 697567
698331 702386
703045 704230
704912 705388
706427 707183
707822 713164
713955 715622
717131 719501
720468 724183
724984 725108
728146 728638
729593 729747
731769 735230
735741 736060
736688 741399
742371 746202
746447 746604
747226 748739
750433 750943
752064 754286
755150 755352
756359 758297
760142 760224
760979 762636
763403 766555
767232 768413
768975 769693
770507 771297
771506 773553
775707 778740
780336 783800
785134 787599
788199 789234
790082 791336
792425 792704
794323 794985
796218 796559
798369 798673
799325 799861
800934 801076
801910 805267
806007 808487
809299 810227
811050 812748
813305 813519
815243 816888
817490 820294
821534 822469
823213 824101
825311 825734
826240 829985
830910 832560
833117 833914
834827 839901
840415 843609
844208 848928
849677 852702
854434 854767
855284 857573
858282 859221
860059 860728
861568 866058
867007 869140
870508 871309
871921 873865
874392 875367
876597 879324
879971 880142
880766 881671
882349 883980
884900 894488
895129 899066
899791 899887
900482 901072
901767 907673
908205 909078
910001 911565
912075 914676
915626 916665
917307 937369
938078 938144
938789 940629
941322 941949
944618 947207
947773 948142
949936 951149
952004 952615
953497 953646
956223 956400
957169 965107
966631 967336
967905 971023
972292 972835
973559 974546
975942 977703
978314 978749
979889 980665
981757 982941
985124 987338
988177 1000381
1001037 1002946
1003923 1006404
1006988 1009225
1009901 1010242
1010804 1011895
1012715 1019734
1020504 1021350
1022162 1026977
1028182 1028232
1028973 1029735
1031260 1032358
1033350 1040590
1041242 1041598
1043537 1047512
1048528 1049312
1049938 1050368
1050965 1052001
1053062 1053344
1053882 1058730
1059956 1064061
1064742 1065306
1066965 1069306
1069974 1070435
1071490 1074483
1075900 1078198
1080979 1094800
1096357 1099560
1100264 1100511
1101174 1104373
1105122 1114872
1115542 1119566
1120609 1124292
1125416 1125478
1128048 1128797
1129531 1129766
1131652 1131916
1132865 1138257
1139165 1141253
1142177 1145639
1147591 1151179
1153959 1154483
1155673 1161242
1162091 1170053
1175382 1175524
1181743 1183200
1184284 1191630
1192691 1194049
1195768 1196508
1197146 1197348
1198848 1204490
1205796 1206262
1207628 1208292
1209695 1211423
1213162 1213932
1214454 1221792
1222538 1223061
1224060 1224558
1226251 1231472
1234076 1234892
1236185 1237012
1237647 1240625
1243743 1243925
1245559 1252241
1255922 1258978
1263386 1281350
1282730 1283744
1284305 1291996
1292503 1292772
1296491 1296955
1297954 1321137
1323080 1323388
1326424 1331060
1331663 1336964
1337919 1338001
1338784 1339563
1340849 1342103
1343756 1344432
1345443 1356581
1358059 1360224
1362261 1366313
1367752 1369728
1370454 1370724
1372004 1372837
1374097 1374335
1376380 1377242
1379636 1380366
1381351 1381688
1382975 1385414
1386290 1386733
1392108 1392396
1393967 1394882
1396523 1399352
1400480 1402737
1404424 1406965
1407985 1410425
1411095 1413965
1415927 1425893
1427875 1431743
1432704 1434293
1434921 1438520
1439920 1443689
1444462 1448207
1448730 1449881
1450769 1453819
1455355 1458824
1460827 1461216
1461888 1463069
1465204 1476910
1477452 1483239
1484094 1484298
1484997 1488456
1489246 1491424
1492195 1492278
1492913 1494915
1495946 1496025
1497000 1499235
1499983 1500327
1501598 1504197
1505134 1509229
1510152 1512289
1514583 1514811
1515509 1515916
1516757 1519269
1520483 1521584
1522210 1522918
1523796 1523866
1524004 1524138
1527527 1528494
1530737 1534972
1535787 1538820
1540027 1541213
1542520 1547365
1548691 1549297
1550224 1550557
1551194 1552077
1552876 1553629
1554541 1557327
1558013 1560690
1561360 1563139
1563819 1566756
1568051 1569063
1570887 1570962
1572045 1573708
1575756 1576580
1578104 1581427
1582623 1582948
1583753 1586277
1588386 1592415
1594974 1596095
1597691 1603947
1604871 1613410
1614031 1616965
1617500 1618268
1619952 1625044
1634222 1652419
1656209 1656496
1657418 1680048
1681985 1683182
1683793 1690305
1690982 1693222
1693899 1696904
1697810 1700103
1701058 1705813
1706340 1706529
1707931 1718000
1718649 1722559
1723177 1723936
1724874 1729301
1729950 1732544
1733619 1734284
1734889 1738327
1739343 1746171
1747098 1747471
1748146 1753776
1758091 1758355
1762656 1765113
1766388 1766548
1766718 1768233
1768647 1783200
1784102 1792525
1793140 1793849
1794596 1795338
1796035 1797493
1798136 1800418
1801212 1802582
1803423 1804164
1805053 1816719
1816831 1817197
1817769 1822914
1823553 1823899
1824785 1825246
1826052 1831853
1832453 1833803
1834479 1836379
1839185 1839655
1840419 1852878
1853783 1856362
1857620 1857903
1858641 1859142
1860459 1861114
1861912 1862147
1862855 1863729
1864719 1865544
1866799 1867604
1868155 1869045
1870009 1870406
1871330 1871658
1873146 1874294
1875808 1882667
1883285 1884864
1886915 1889207
1890137 1890854
1891624 1891741
1892505 1893039
1893774 1895098
1895946 1906299
1907262 1907840
1908989 1919490
1923263 1924328
1926254 1926482
1927325 1933961
1934809 1973596
1974765 2015316
2016470 2018070
2019252 2019805
2022286 2022844
2024805 2025041
2026620 2026678
2028661 2030992
2032121 2032895
2035621 2036580
2038077 2052334
2052837 2053208
2058009 2059559
2063958 2064784
2065578 2075471
2076212 2085102
2087951 2088348
2089033 2090000
2090559 2091239
2092189 2112184
2113079 2141780
2143966 2144467
2145254 2146358
2147023 2147325
2148205 2148390
2149174 2149812
2151353 2152759
2153530 2155043
2155839 2157030
2157917 2158674
2159528 2159975
2162305 2166669
2168234 2173786
2175298 2175783
2176495 2184606
2185571 2187420
2188014 2188896
2189541 2189950
2190615 2191248
2191960 2195052
2196632 2220481
2221594 2223106
2223877 2228463
2229005 2249854
2251715 2252433
2253193 2254224
2254743 2255302
2256051 2256706
2257889 2258170
2259974 2261425
2263440 2267359
2268592 2283338
2284122 2284538
2285524 2287306
2288005 2289487
2290110 2293499
2294895 2296858
2300120 2305024
2309189 2309532
2310837 2314572
2315304 2316190
2317275 2318875
2319635 2320446
2321054 2321612
2322246 2322527
2323712 2327413
2328155 2329805
2330617 2330879
2334469 2334832
2336048 2337781
2338357 2339894
2343790 2345424
2346548 2346826
2347406 2348129
2349939 2352054
2353275 2356444
2357813 2358074
2358726 2359805
2360411 2361859
2362700 2375404
2376542 2378115
2378982 2430660
2431427 2442355
2444147 2446262
2447092 2450669
2451345 2451527
2452546 2456107
2456953 2458073
2458939 2461770
2463239 2463508
2464201 2464857
2466242 2470749
2471600 2474040
2474698 2478144
2479112 2480705
2481430 2497141
2497807 2500062
2501258 2510608
2511266 2511812
2512531 2513203
2513996 2515307
2516008 2520199
2520858 2527423
2528297 2528358
2529077 2532069
2532926 2535478
2536188 2537159
2538880 2541792
2542533 2560095
2561002 2564318
2565468 2565558
2567549 2569425
2570321 2578892
2581117 2581508
2583981 2585062
2586325 2591753
2592573 2593893
2595060 2596590
2597797 2607917
2608788 2610153
2611413 2611934
2615350 2618506
2619088 2619429
2619809 2621680
2622328 2639851
2640779 2641036
2642309 2645761
2646298 2646988
2647732 2649617
2650590 2655095
2656214 2657847
2659467 2662706
2663661 2664451
2666311 2666667
2671993 2672090
2672784 2674038
2678081 2679651
2680579 2682999
2683659 2692273
2692790 2694551
2695291 2697140
2698265 2701560
2702235 2724666
2725579 2728795
2729809 2747008
2747989 2748417
2748657 2750001
2750566 2751017
2752186 2753883
2756935 2756993
2758254 2758489
2759124 2759778
2760953 2761579
2764465 2764639
2765868 2780578
2781218 2781587
2784719 2796418
2798240 2799840
2800345 2804663
2806029 2813057
2813658 2817096
2817627 2853453
2854237 2855343
2860218 2863820
2864961 2866989
2868742 2871899
2872961 2873416
2875287 2875523
2877663 2878462
2880553 2882194
2883434 2885293
2885811 2886117
2887580 2887960
2888614 2888988
2890182 2891352
2893588 2895277
2895969 2910770
2911077 2914212
2922046 2922813
2923638 2930229
2932185 2938879
2939478 2940326
2941190 2947654
2948722 2950533
2951248 2954712
2955353 2958193
2961620 2961923
2962683 2963618
2964374 2965181
2966036 2966477
2967738 2970063
2970726 2971484
2972701 2976427
2977813 2978554
2982035 2983174
2983686 2991321
2991870 2992554
2993328 2997011
2997928 2998692
2999714 3004439
3005119 3005330
3006026 3007174
3008078 3008379
3009787 3011736
3014293 3016151
3017356 3017610
3018129 3020710
3021837 3022872
3023513 3024168
3024704 3024761
3025545 3031538
3032771 3034452
3035109 3038313
3039054 3040676
3041427 3041483
3042155 3042683
3043278 3054925
3055598 3058704
3061849 3062409
3063073 3063306
3063919 3064022
3065039 3069300
3070300 3072557
3073855 3074814
3075555 3075876
3077253 3079156
3079273 3079421
3082642 3083138
3083915 3105343
3112267 3113258
3114434 3122958
3123539 3124347
3124849 3126209
3127186 3142181
