Clostridium_sp_SS2_1_gi_224515017_ref_NZ_
1 125916
126700 128884
129650 355232
355774 453402
454875 705432
706141 784103
784607 855283
856240 856427
856930 866355
866929 871895
872599 888703
889212 894222
894422 919854
920344 920528
920637 974835
975439 1099896
1100128 1124885
1125410 1125499
1126181 1135535
1136339 1142693
1143254 1151698
1152460 1179702
1180529 1216465
1217090 1235069
1235662 1333636
1334239 1366386
1366997 1395745
1396381 1425599
1425800 1425924
1426163 1426348
1426551 1454050
1455453 1496148
1496679 1619095
1619824 1624154
1624877 1625273
1629479 1754884
1757286 1759255
1759893 1766617
1766718 1770193
1774019 1777501
1778003 1830527
1831699 1904618
1905291 1919793
1920352 1928225
1929115 1976978
1977647 1980945
1981679 2027551
2028410 2131851
2132736 2250541
2251200 2284596
2285098 2314581
2315211 2327615
2328129 2341482
2342057 2480762
2481310 2563024
2563417 2606527
2607055 2612235
2612806 2626707
2627301 2668379
2668944 2757273
2757832 2857168
2857791 2859115
2859672 2870130
2870658 2875523
2876620 2915053
2915607 2916657
2919439 2919990
2921556 2930501
2931098 2940657
2941190 2976901
2977578 2978970
2979610 2985920
2986494 2998981
2999714 3060463
3061189 3064298
3064810 3142181
