Clostridium_sp_SS2_1_gi_224515017_ref_NZ_
1 32617
33186 36763
38383 39077
40078 42331
43260 43626
44206 45502
46009 58971
60260 62163
64049 64220
67181 76942
77785 80234
82930 85690
86888 88516
90958 91036
93239 96004
99775 101830
104462 128233
129937 134648
135545 138085
139634 140792
142644 143094
144283 150372
153177 194117
194751 199184
199847 202116
202714 205249
205935 209079
210134 211680
212670 216845
217702 218682
219683 224321
224846 225109
225834 231304
232262 239926
240810 311515
312396 353122
353718 358224
358760 360078
361233 361806
362350 362844
363473 365856
366485 367634
368267 371896
372605 381108
383803 383925
384713 399639
400214 404503
405129 406683
408218 409186
410224 410919
411480 413348
415590 417405
419102 428486
429147 430975
431705 433875
434690 444019
444943 518423
519160 520756
521511 537419
538354 540227
541153 547134
548362 551895
553126 553422
554015 560201
561350 561438
562663 568278
569923 570203
570983 583841
584109 584205
584351 585171
586421 602795
603875 604558
605198 606000
606634 609577
611407 612279
613108 615464
616656 617535
618425 623686
625141 625802
626998 630516
631591 637839
638466 642233
642976 649660
650231 650775
654462 659494
660676 660956
661719 663842
664745 665129
665637 672443
673487 673863
676503 676885
678006 678321
680180 684242
685508 696103
697465 697630
698423 701428
703070 703631
704746 711248
712212 718233
719356 722949
724025 724471
724984 725390
726765 727219
728146 728411
729593 741399
742373 746157
748390 756588
757103 766222
766429 766550
767135 767267
767988 769693
770507 771297
771506 773258
775710 776033
777057 777405
777939 778740
780263 783800
788066 791076
792441 792654
793207 793305
794667 805095
806007 822447
823815 824071
825311 825510
826182 826490
827352 829974
830865 833914
835066 835463
836059 839877
840415 843057
844208 852702
854453 857573
858291 859221
859974 864547
865263 867438
868011 871602
871921 872811
873457 875984
877060 880109
880700 884264
885176 888237
889996 890095
892053 894237
894447 895650
896337 938187
938789 940684
941806 947207
949149 967313
969365 969550
970629 970772
972586 974546
975942 979162
979910 981001
981757 983040
985003 991451
992026 1004781
1005378 1005550
1007014 1007313
1008238 1011567
1012715 1014382
1015179 1021348
1022196 1026726
1028207 1029884
1030818 1032314
1033370 1037736
1038353 1038472
1039910 1047512
1047925 1048017
1048362 1049312
1049952 1050400
1050989 1053884
1054405 1057716
1058451 1058504
1059551 1059654
1060613 1062853
1063556 1064161
1065317 1070410
1071490 1074980
1075906 1077892
1078874 1081498
1081867 1094778
1096210 1098451
1100105 1104373
1105628 1106151
1106818 1106978
1107971 1108589
1109305 1112521
1113090 1116940
1119002 1121232
1121773 1129738
1133181 1133286
1134478 1136921
1137842 1139173
1140033 1140637
1142075 1145364
1147189 1147631
1148156 1150873
1153868 1154478
1155605 1155964
1156842 1160304
1161098 1177097
1181259 1182215
1183177 1184700
1185421 1186358
1187334 1194049
1195768 1197333
1198490 1200472
1205707 1206242
1207632 1208036
1213176 1214210
1217953 1218108
1219309 1221486
1222282 1223254
1224214 1228854
1231202 1243996
1245447 1248133
1253466 1256511
1258395 1258477
1259553 1283104
1284306 1304303
1305851 1306083
1307629 1315368
1316950 1317668
1318187 1318958
1320405 1320928
1321051 1321194
1323090 1323385
1326459 1327320
1328943 1331060
1331663 1333079
1335138 1360198
1362707 1372471
1376656 1377208
1381375 1394882
1395260 1396646
1396791 1399395
1400164 1406644
1407985 1410398
1411130 1413136
1413242 1416308
1416436 1417317
1417419 1425333
1426655 1426776
1428174 1433060
1433999 1434267
1434921 1439939
1441509 1442553
1443087 1448194
1448743 1449281
1449882 1453819
1455654 1458968
1460827 1461216
1461888 1463130
1464491 1467788
1468683 1481298
1481803 1481906
1482356 1488456
1489246 1489511
1490757 1494884
1495600 1499225
1499983 1504335
1505134 1512249
1513111 1513756
1514588 1515916
1516990 1521579
1522210 1524111
1525570 1528487
1530737 1540852
1543853 1550425
1551431 1553602
1555396 1555788
1556309 1559047
1559631 1579953
1580754 1581037
1581869 1582948
1583976 1588594
1589179 1592153
1593784 1594071
1595189 1607852
1609394 1609799
1611144 1612139
1613116 1615395
1616281 1630636
1631256 1652419
1657595 1657710
1658614 1679085
1679340 1685738
1686525 1691952
1692678 1694964
1695568 1698923
1699497 1702245
1702924 1704162
1705232 1705503
1707931 1709271
1710021 1712372
1713626 1714187
1714720 1723451
1724850 1728821
1730297 1732536
1733619 1734076
1734754 1736353
1736953 1738313
1739343 1740406
1740971 1746206
1747007 1753776
1754043 1764434
1765213 1766548
1766718 1767983
1768647 1769304
1775790 1776082
1776499 1786956
1787464 1792525
1793031 1796264
1796774 1800279
1800921 1804164
1804682 1814999
1815867 1825303
1825838 1827658
1828440 1831912
1832453 1835535
1836045 1836358
1837166 1842224
1843327 1843757
1845770 1852125
1853779 1856281
1857620 1859879
1860967 1861107
1861912 1863929
1864676 1871791
1872550 1876409
1877072 1887659
1888299 1889122
1890137 1890654
1891624 1891739
1892525 1894326
1898919 1913908
1914501 1925497
1926275 1926482
1927325 1928020
1929132 1978870
1981857 1994737
1997433 2015316
2016470 2018068
2018740 2025415
2027287 2028655
2032138 2055477
2056067 2060276
2063958 2064758
2066787 2066968
2067532 2073210
2073499 2082766
2088258 2088348
2089033 2089349
2090559 2091239
2092300 2096035
2096591 2099405
2099560 2111334
2112795 2114015
2114601 2120830
2121062 2140294
2141196 2141556
2143966 2147210
2147930 2149934
2151639 2158737
2161023 2161089
2161959 2165859
2168235 2174248
2175031 2175492
2176325 2181507
2182221 2184245
2185581 2188022
2189544 2189945
2190454 2190967
2191078 2191233
2191966 2221739
2221964 2222061
2222295 2222430
2222699 2227511
2229065 2248280
2248955 2249854
2251941 2253716
2255015 2255207
2255952 2257241
2257889 2258170
2259406 2266082
2266816 2267353
2268566 2269385
2269815 2283217
2284275 2284538
2285427 2286701
2288005 2290101
2292171 2294103
2294903 2296607
2297455 2297613
2299966 2301888
2302416 2303058
2304710 2305013
2305909 2306016
2310184 2310282
2310837 2310917
2311238 2317961
2318575 2318869
2320211 2321612
2322246 2322589
2325238 2327413
2328155 2331131
2332994 2336073
2337481 2337777
2339797 2340084
2343790 2344221
2345074 2356444
2357149 2362009
2362730 2364375
2365004 2365427
2365985 2366264
2366859 2373671
2374513 2381864
2382570 2431426
2432023 2443204
2443880 2445707
2446245 2446452
2446953 2447502
2448305 2452014
2452585 2453766
2454522 2455145
2455913 2457502
2458939 2464857
2465544 2469643
2470462 2470737
2471559 2480750
2482996 2485201
2486387 2503468
2504039 2508530
2509287 2510605
2511286 2513135
2513738 2514464
2514644 2522696
2522883 2527253
2528251 2529405
2531172 2532049
2532926 2534685
2535194 2538123
2538880 2541850
2542402 2544806
2545469 2560046
2561002 2561315
2562147 2564295
2565493 2565547
2567321 2578297
2581478 2585330
2586343 2590327
2591551 2591854
2592898 2599812
2600560 2602376
2603045 2609082
2611430 2611551
2612642 2612792
2614045 2623782
2624642 2625723
2627342 2638908
2639415 2652446
2654031 2656799
2660942 2662986
2663661 2666405
2670074 2672047
2672784 2673956
2675030 2676891
2677574 2680220
2681196 2682531
2683325 2689037
2689646 2692224
2692733 2701539
2702235 2702445
2703020 2703637
2705395 2747035
2747204 2747500
2748701 2749379
2751934 2753883
2754882 2759778
2760976 2767000
2767520 2768110
2769269 2769823
2770454 2775959
2777388 2777886
2778391 2785715
2787353 2787931
2788768 2797451
2798437 2798497
2799639 2804655
2805858 2813026
2813555 2814501
2816063 2864966
2866239 2867998
2868758 2871899
2872803 2874154
2875223 2887960
2888614 2888988
2890182 2891352
2893709 2895277
2895994 2897834
2898919 2916515
2921746 2922873
2923905 2933246
2934194 2940027
2941193 2942563
2943171 2943406
2944112 2947630
2948763 2949495
2950058 2950644
2951248 2951420
2952357 2954712
2955930 2958104
2962957 2963602
2964390 2970760
2972354 2974137
2975427 2976143
2977745 2978504
2982578 2983174
2983686 2991321
2991870 2996126
2997952 2999707
3000255 3000382
3002188 3002710
3005750 3008696
3009660 3011191
3014377 3015747
3016482 3016808
3017392 3017610
3018234 3020685
3021719 3022850
3025528 3025586
3025681 3026180
3027365 3029785
3030878 3032639
3033968 3037404
3039597 3040660
3041344 3041483
3042159 3042450
3043278 3062382
3063087 3063305
3063808 3064267
3065302 3068045
3069124 3069424
3070302 3078149
3078715 3080174
3082273 3083021
3083970 3105320
3112224 3127658
3128349 3142181
