Bacteroides_sp_1_1_6_gi_384096979_ref_NZ_
1 15476
16205 16590
17320 30953
Bacteroides_sp_1_1_6_gi_384096978_ref_NZ_
1 37283
Bacteroides_sp_1_1_6_gi_384096983_ref_NZ_
1 537
3705 4389
5364 5882
9682 13831
18298 18795
25089 28488
45444 52054
54222 54393
73968 74075
76274 77008
77740 79988
82974 88012
91121 91610
93462 93588
95006 97617
98657 104462
107506 108728
118346 118837
121041 121305
123075 123335
128916 129038
130316 132299
133347 133667
134734 136217
136304 136527
142195 142283
143002 143198
143955 145183
145761 147674
148756 151227
151880 153209
153900 154133
154752 155933
157157 158022
160922 161171
161809 161899
163112 163253
164127 164662
166020 167101
168314 168430
169726 231829
232358 239410
240058 241219
245560 245968
248716 252944
254531 256417
256960 258137
258640 259406
259545 259690
260680 263174
263929 264130
264944 274374
278077 278174
288257 290215
292570 292623
293140 293420
294939 297201
298856 299274
302789 303165
304659 304824
306183 309421
316277 377595
378327 450388
450782 452106
453631 453873
455184 456563
457914 458035
460682 460787
461634 463459
463695 464476
465015 465590
466211 466572
467688 468687
469644 470521
471967 473348
479045 479194
480329 480486
481601 482670
498586 502058
502346 503466
505506 505802
506511 506652
508706 509564
516820 522096
523501 538978
Bacteroides_sp_1_1_6_gi_384096974_ref_NZ_
1 158
1866 2610
7434 7501
12215 12505
20483 20585
22930 26163
26637 26840
27625 29355
30738 30801
31515 32640
34192 38095
40165 40372
43327 48209
49056 50215
50625 56632
57258 59934
66309 66512
72112 72402
91881 91982
97462 97918
99632 99791
112379 113853
115791 115926
120436 120680
121061 121995
129297 129411
141731 146955
150167 151099
153138 153810
157627 157965
164173 164565
171613 171778
174719 176688
201466 201548
220322 220669
221221 221814
222810 223601
224374 227203
227279 227390
229827 240613
246980 247161
249934 250172
255387 256826
266159 268384
274940 275438
281986 318204
325039 325387
329845 330093
331239 335518
353840 353917
361147 362214
362865 363679
367010 368290
370949 371100
372106 372310
373102 373164
383260 383665
391536 391598
397641 400938
402784 403007
403956 404275
406469 406603
412002 412222
416401 416671
421514 421711
424387 425080
427658 427857
435660 435839
439605 441669
447731 447804
448297 448446
451413 463563
474662 474779
482453 482800
491795 492518
493329 494072
495689 496192
498973 500156
501600 501843
505113 505434
513067 513471
515479 515601
518111 518198
530498 533180
533643 533982
534154 534332
534597 534880
540303 540474
540992 541044
541756 542410
542979 543347
544039 544112
547941 548262
548785 549701
551950 566931
577959 578020
585135 585436
587779 588651
594077 594359
595343 595759
596419 596749
598190 598448
601634 601884
610672 611081
619229 620879
621466 623166
624334 625258
638522 638735
639627 639738
641733 641790
643207 643627
657353 657413
667205 667455
668779 668891
671705 674433
675138 676354
677854 684624
688652 688926
689289 689765
690862 692975
693114 693683
694225 696295
697853 709008
723220 724039
725555 725665
731644 731915
734748 735721
740345 740764
765217 765769
766802 767036
768533 769103
773061 773339
779243 779530
780609 780721
782291 782477
783536 784609
787633 791400
793509 794420
795494 795863
797136 804990
806021 806243
807882 807984
813429 813728
815289 816295
825259 825513
828393 834396
838011 838064
839576 839843
841212 841646
844859 848530
854486 854776
855324 855440
863821 864242
865329 865509
866685 869857
873797 874006
876919 876985
878791 882893
886967 887130
887934 888174
891229 891537
895130 895253
896368 899529
900918 902044
902128 930410
933378 934129
935714 935973
936965 937036
944705 944816
952024 952396
955146 969625
971982 978488
986560 1026480
1033564 1043459
1047795 1048943
1049187 1049278
1050730 1051253
1054745 1055267
1060442 1061205
1062272 1064852
1071426 1131712
1132409 1132578
1135124 1135719
1143635 1143925
1145881 1148290
1150844 1163856
1167781 1167845
1170720 1172519
1200769 1201016
Bacteroides_sp_1_1_6_gi_384096985_ref_NZ_
1 24608
24861 43369
43729 62241
66813 69112
70051 70303
70967 74597
76263 76544
80730 80879
83966 84189
94763 102656
105499 105956
106478 106825
106987 108086
108660 109438
109639 111703
112486 114169
126683 128376
130077 130210
132565 132906
137895 141203
142075 142566
148852 149602
150093 151336
153183 158760
159292 160134
160756 161608
163044 163136
164423 164844
165805 165859
178526 178870
202744 210117
210908 218514
221320 223427
224870 224999
225330 225981
226514 229296
229952 230728
231531 231870
233344 234414
235847 242363
243309 262479
264598 265860
266571 283462
284212 287594
292467 293746
295426 312384
313373 317739
322286 322874
323482 324416
327351 328216
329838 330158
332614 332873
337466 338109
338741 342401
353366 353774
356746 359273
360435 361830
362653 363089
363735 363880
364999 388148
431160 438619
439594 442888
447213 447489
Bacteroides_sp_1_1_6_gi_384096976_ref_NZ_
1 344
1057 3639
7573 8202
9195 9428
10695 11434
13270 18631
19449 19895
23958 25899
27363 27857
40267 43226
44889 45728
50038 50293
54861 54962
57482 57541
63372 63557
68315 68465
73744 73894
75061 75311
75853 77553
85449 85588
92095 94922
102332 108817
111769 112146
112764 112877
117005 117659
118488 120041
127700 135908
137146 137621
140544 141700
142424 143837
144714 146024
146550 153312
155802 156222
157331 157523
160433 163287
164566 165815
169668 169968
171064 173210
174135 176127
176236 178514
178606 179339
183733 189551
203925 237647
240363 243262
Bacteroides_sp_1_1_6_gi_384096980_ref_NZ_
1 1684
2301 2545
2797 3102
3361 3535
4251 7964
9219 10899
11110 22501
23304 24409
24973 32112
32726 33132
35573 36629
37276 39525
40950 44243
45018 46196
46940 47763
49314 52580
53230 54257
54444 59240
59950 61823
62517 69218
79666 80340
81740 82027
84123 84520
85873 86057
91212 91437
94327 106502
107051 109703
112441 117755
123667 129707
133599 138066
141998 144855
146563 150982
153144 153519
154376 163411
164984 187056
188713 189115
189233 192931
196339 199752
202353 202466
203601 214516
214619 229111
235281 250660
251447 264888
272002 273027
273775 279759
291110 294801
299315 299806
303520 304069
312354 313445
316582 316692
323922 327084
334654 334769
336332 337037
338321 354859
358760 359032
360476 360799
363175 363355
366454 366748
372273 374983
377633 378265
395506 404458
406233 408061
408766 410131
410746 411591
412800 420935
421906 435816
436493 488456
500172 531279
532631 548575
552833 553542
555098 570159
571356 571412
571915 572001
Bacteroides_sp_1_1_6_gi_384096984_ref_NZ_
1 1429
2326 2520
2827 3369
4099 4362
5956 6219
7125 7344
9775 12416
13573 17151
17302 20846
Bacteroides_sp_1_1_6_gi_384096982_ref_NZ_
1 2671
6134 6598
22384 45217
47762 48244
50886 50997
53153 58836
60177 68107
69771 71035
75170 77668
78040 78138
81579 81798
84363 85687
92922 94072
95354 95967
97011 98450
106585 116465
117458 117564
120402 120688
125476 125783
126678 127234
128241 128517
129375 131315
133933 134196
138051 138148
140854 140945
145780 145857
147105 147533
148429 156195
156430 156784
158912 160558
161478 163210
166433 166568
172232 172984
174903 178691
181242 182031
183728 184894
189690 190903
192514 192671
193042 193817
194161 194778
195738 197937
209164 209373
211653 211989
220467 220701
220872 221105
222520 223056
225485 226003
226680 227458
228182 229631
230226 230372
231813 232557
233961 243221
244146 247221
253070 282973
284028 287245
289418 294434
296381 298413
312346 312492
312583 317489
320399 320472
335813 337503
338314 338400
342024 343790
345200 345444
351338 351897
354007 355645
356781 359545
370930 371054
373077 373557
380025 386853
387003 387378
388199 388316
392600 396648
402631 402772
404706 405487
407160 407331
412024 415655
419309 419618
428606 431176
432404 432682
435313 436781
440394 440485
440681 442678
445559 445640
445870 446125
446235 446284
448570 448944
451636 457095
460505 460670
462473 464678
469065 470062
471408 471821
473475 474169
477479 477769
481283 491798
504800 505039
506521 507289
507918 518292
518555 522476
523297 523619
530334 533247
534240 534331
535126 535183
535745 540147
544843 545374
545801 546668
547652 563717
564479 564614
565188 565977
567282 567392
568308 569446
579432 579709
580408 581083
590803 591256
592560 592830
596724 598113
598731 599644
601154 601273
602061 602356
608021 608424
609634 610667
612310 614660
614976 615337
620380 622516
622706 623861
625168 625719
627012 627362
629217 630338
633524 633655
634532 635704
636896 637808
639392 644882
647718 647844
648350 648834
651460 651715
653551 654317
655099 655182
656462 657352
658349 659471
660220 660514
662594 663569
663786 663919
666929 667111
669494 669763
671583 672080
673282 674198
676040 679771
682549 685628
687994 763108
764171 765323
767236 768620
770760 771730
771883 772489
773980 774321
777306 777559
779770 780787
786252 786345
787449 787574
788156 788288
793153 798283
799508 799565
802883 823278
834955 835031
838749 841221
842104 843059
843809 844161
845941 846619
847590 847674
848120 850069
850655 850994
854604 856562
857379 857683
859209 859259
859580 866337
867146 868492
869213 869546
871026 873356
875189 876154
877106 877760
878436 883073
884530 891552
893664 896500
896599 898371
901326 901588
902169 902832
904689 905261
915917 917263
918061 924802
927623 954573
955151 957372
958576 958982
959344 959467
969308 978617
984524 984679
985848 987558
989112 989335
990870 992209
992724 993136
997718 998011
999808 1000244
1001507 1003893
1005559 1005664
1018800 1019736
1026906 1029799
1030548 1030869
1031856 1032856
1034097 1034281
1034802 1035925
1042387 1042642
1044839 1044949
1047107 1050424
1056259 1056624
1063206 1063288
1072023 1072648
1083311 1083498
1086422 1088179
1089800 1089913
1092167 1093079
1104549 1105048
1105936 1106250
1112605 1116195
1116821 1116911
1122652 1125027
1125435 1126026
1133323 1135045
1136046 1137866
1140986 1141182
1147482 1147952
1150725 1151688
1153125 1153304
1156548 1156891
1158554 1161670
1163611 1165279
1165810 1167170
1167743 1170201
1171046 1172393
1173685 1174049
1175046 1177330
1179209 1179882
1191168 1221565
Bacteroides_sp_1_1_6_gi_384096975_ref_NZ_
1 5446
26821 32648
33406 35035
35694 39956
45215 45723
47010 47079
47560 51278
53934 55564
60627 60922
68534 75199
75850 75926
85408 85518
93686 93850
98747 117718
121023 121263
122406 125447
126364 129214
139264 139351
140905 141102
141736 141946
147738 148091
148906 154684
155684 157190
164752 165330
165472 167404
168867 168966
170443 170693
171587 172659
175163 175604
180037 181564
184480 186940
189446 191378
195714 196245
197217 197267
198223 198489
203447 203847
206866 207251
209496 209986
213146 213465
215904 216216
217261 219123
221622 222970
228594 240045
242009 254875
265915 267300
270420 275605
Bacteroides_sp_1_1_6_gi_384096986_ref_NZ_
1 311
822 875
6286 6446
15855 16357
18014 18264
19802 20984
21610 23090
28932 29199
38197 38318
44753 45648
46719 61686
62433 67430
68294 68436
71527 71666
73252 73489
78127 78298
89490 89595
89889 93588
97785 97845
109365 109536
112232 115584
115759 116108
126432 126690
139971 140136
144408 144511
145311 145413
149929 150106
154086 154296
155721 156310
158963 159232
161804 162443
177249 177889
184562 184627
187238 187372
189055 189739
192086 192548
193348 193559
194312 196209
199752 199915
201300 201416
203528 207603
208335 211123
212166 213189
215127 217918
218189 227595
231892 232838
243416 243519
246794 246880
254921 255193
258323 259046
261984 284312
285820 286086
288964 289319
303651 303784
309909 354277
354668 357241
360977 361136
362032 364993
368073 368704
369919 370011
370873 371210
374637 374723
377663 378257
378718 379413
380058 381099
383319 385900
387457 388111
393334 417306
417825 418264
418866 419502
421504 421928
424017 424225
426829 427101
428602 429047
431258 431547
437529 437681
457273 464874
466267 466833
467601 467739
468559 472527
473841 474624
475437 475735
476576 481010
483211 484683
485546 490139
490851 491133
492334 494764
496213 497310
498732 500418
501266 504486
505165 507751
508414 509569
510530 511457
512131 519886
520511 522824
523816 527491
528040 529344
531374 532075
536107 536842
539271 539844
540537 541517
543212 547463
548701 549264
550027 571766
583915 584819
591008 591122
593253 593391
597065 597157
598914 617975
631127 631401
633273 633457
637054 639543
642616 642792
644500 645169
647045 647982
648772 649198
654065 654247
663392 663480
666494 671293
678684 679484
681070 681182
682392 683351
684004 684137
684792 685062
688728 691592
692227 692873
693527 694182
695142 696717
697480 697646
698591 699234
699448 700161
701148 701463
702609 704404
706520 706981
710232 711285
713740 714013
714700 715810
717608 720890
722700 723465
726394 727181
729538 731128
731997 732945
733709 733792
750488 750826
768101 768799
768866 771971
787242 789086
789593 790350
798953 799130
805184 805312
805823 806412
808067 808494
810720 810943
823392 825086
825732 828831
830229 830498
832569 832694
834846 839040
839619 840937
841509 842510
844672 844826
850704 851498
855410 855526
860325 861088
863612 863835
867643 870117
871282 875781
882173 883010
887807 888007
890766 891786
901919 902258
903090 903978
906009 907797
913697 914244
923129 927152
934480 934783
936982 937107
937668 940780
941229 942717
945133 949737
952523 952619
957035 974111
991983 992175
999309 1024348
1026067 1031931
1043305 1044087
1046181 1046374
1055102 1055257
1057085 1057200
1060202 1070049
1073739 1074544
1077239 1077299
1083150 1083204
1086140 1086355
1088378 1088515
1089911 1090010
1100696 1100851
1118375 1119167
1119893 1120141
1121441 1121685
1126464 1126646
1129483 1138000
1140257 1140373
1156295 1156515
1172617 1173858
1179847 1180374
1181585 1183071
1184501 1185098
1187286 1187954
1189543 1189678
1191652 1195970
1197243 1205891
1207982 1208098
1212489 1215688
1216469 1220601
1222524 1224980
1226368 1226608
1227494 1228992
1229854 1230193
1231635 1232065
1233154 1233236
1234884 1235097
1235759 1237354
1239027 1239450
1242423 1242643
1244498 1244747
1252696 1256898
1257894 1260968
1261082 1262043
1262728 1263143
1263740 1267040
1274112 1275402
1280495 1281110
1281939 1287442
1302208 1327443
Bacteroides_sp_1_1_6_gi_384096987_ref_NZ_
1 771
12474 12939
14215 14265
24951 25049
26502 26860
28667 30288
32909 33105
33857 34332
43657 44082
50247 50466
54971 55129
60277 60770
65616 66011
71945 72580
73323 73537
74372 75016
75818 83356
90892 91344
96305 96494
100222 101260
102975 107630
108917 109140
113832 114458
118262 118772
122121 122921
129973 130374
133562 134373
139312 139792
141958 142102
144828 146761
148854 149905
155156 155383
158159 159091
168957 170525
171280 171818
175470 176150
176514 181005
184767 184917
188139 189065
196195 196371
196959 197107
203405 203907
204010 208282
209627 209955
213066 217073
217607 223667
224275 226204
229056 230258
242268 242343
257824 257922
263598 264514
273538 296886
297835 297928
298446 299154
299814 300053
305337 306113
310055 310344
319211 320126
324228 324290
335342 337744
338676 339325
340835 343030
344531 345334
348132 348308
351740 360292
365577 365950
368641 368843
372389 373105
374008 374283
376147 383195
388319 388654
397881 397943
401059 402219
402744 402993
403235 404237
411907 414012
414100 415429
416776 417113
425354 426872
Bacteroides_sp_1_1_6_gi_384096977_ref_NZ_
1 135
693 1705
18359 22866
22978 66025
66566 71814
74004 75224
77460 77663
80940 81048
81214 81598
88510 88856
94191 97044
112599 116825
123079 124573
126853 127920
130668 139533
143998 146184
146299 146372
153553 153689
163458 177498
Bacteroides_sp_1_1_6_gi_384096981_ref_NZ_
Bacteroides_sp_1_1_6_gi_384096973_ref_NZ_
1 195
1510 1847
3321 3451
4577 4677
5422 5704
6552 8637
11064 11478
21920 24116
25121 30165
33524 35466
54907 55006
61551 62174
77358 77890
90657 91219
91342 91885
92443 95273
95865 98424
101085 101270
102741 103027
122188 122951
127540 127930
131003 131129
132355 133851
136640 136898
140610 155036
155358 168168
170358 173099
173980 174092
192363 197115
206432 206782
207852 207973
209523 209951
217464 218023
219501 219623
221356 221809
222982 223413
226252 226390
234880 235786
