Bacteroides_sp_1_1_6_gi_384096979_ref_NZ_
1 30953
Bacteroides_sp_1_1_6_gi_384096978_ref_NZ_
1 37283
Bacteroides_sp_1_1_6_gi_384096983_ref_NZ_
1 36897
37085 46323
49670 57697
71900 493678
494320 510943
511549 538978
Bacteroides_sp_1_1_6_gi_384096974_ref_NZ_
1 82357
82884 202537
203223 204387
204918 237928
238429 241848
242451 243219
244048 250116
250634 253899
254414 352598
353248 384895
385609 422496
422997 599239
599896 626656
627226 651277
651869 721638
722401 899725
900918 1026849
1028232 1043459
1045756 1172513
1200769 1201016
Bacteroides_sp_1_1_6_gi_384096985_ref_NZ_
1 43369
49304 128602
129132 189723
190292 201052
201719 289447
290486 333273
334069 388224
431160 443712
447213 447489
Bacteroides_sp_1_1_6_gi_384096976_ref_NZ_
1 33121
33683 55902
56548 243262
Bacteroides_sp_1_1_6_gi_384096980_ref_NZ_
1 70203
71618 136063
137555 157453
157980 199912
200552 370668
372274 375641
376214 390552
391126 396904
398062 520529
521036 527139
528720 572001
Bacteroides_sp_1_1_6_gi_384096984_ref_NZ_
1 10693
11264 20846
Bacteroides_sp_1_1_6_gi_384096982_ref_NZ_
1 32497
32585 306373
307022 529735
530275 571303
571870 574930
575531 1148509
1149219 1221565
Bacteroides_sp_1_1_6_gi_384096975_ref_NZ_
1 275605
Bacteroides_sp_1_1_6_gi_384096986_ref_NZ_
1 100540
101200 102807
103427 116636
117171 131732
132310 159708
160247 241351
241858 446337
446904 449024
450120 598817
598914 624310
624845 720911
722288 756230
757530 761768
762314 762665
763268 766942
767542 778433
779136 779317
779848 780182
780762 781382
781883 836761
837793 883825
884821 885018
885729 917398
918349 920192
920744 921820
922491 925733
927034 930159
930667 974599
975100 989024
989783 1022422
1023046 1044662
1045391 1052372
1052930 1127525
1128089 1138956
1139559 1248725
1249257 1285352
1285856 1288441
1289128 1298982
1299574 1306130
1306649 1315156
1315953 1327443
Bacteroides_sp_1_1_6_gi_384096987_ref_NZ_
1 191212
191733 192194
192796 426872
Bacteroides_sp_1_1_6_gi_384096977_ref_NZ_
1 177498
Bacteroides_sp_1_1_6_gi_384096981_ref_NZ_
Bacteroides_sp_1_1_6_gi_384096973_ref_NZ_
1 45371
45966 54366
54906 235786
