Bacteroides_sp_1_1_6_gi_384096979_ref_NZ_
1 30953
Bacteroides_sp_1_1_6_gi_384096978_ref_NZ_
1 37283
Bacteroides_sp_1_1_6_gi_384096983_ref_NZ_
1 1251
1621 2128
2294 2519
2667 3364
3512 3703
3778 3980
4065 4609
5246 5895
6715 7715
7888 8087
8545 9318
9418 10454
10553 10906
11126 11400
11624 14230
14486 15209
15639 15926
16087 16266
16657 17463
17940 19717
20248 22167
23316 27795
28038 32038
35620 37172
39601 40528
41824 42256
45465 46446
47020 48297
49198 52122
52646 52781
52957 54632
65109 65211
72152 74372
74596 74791
75104 80632
80809 81029
81277 85155
85262 85423
85639 87863
88006 88163
88517 89371
89690 89901
90152 90356
90745 91242
91347 91627
91717 92204
92293 92490
92869 93482
93594 93788
93989 94189
94549 100367
100582 100780
100861 101027
101191 104751
105322 106333
106550 106785
106994 108598
108732 108902
109021 109092
109562 109768
109955 117258
117877 121409
121653 121854
122005 130628
130814 130977
131127 133130
133274 133396
133556 133719
133844 136766
136889 137312
138284 138543
138690 138918
139062 139221
139579 139994
140372 140614
140722 140863
141040 141889
142015 142297
142589 142764
142866 152778
152896 153042
153210 153374
153606 161603
161809 162061
162221 162723
162993 163282
163422 163547
163780 170370
170692 170890
171414 231012
231359 231718
231868 233197
233296 233545
233644 233772
234879 235126
235231 235415
235518 236575
236689 236923
237296 241612
242354 242533
242907 243118
243284 245991
247100 249798
251261 253071
253239 253463
253878 254534
254638 260084
260345 260528
260712 264134
264230 264453
264530 264728
264896 265778
265973 266202
266299 273929
274368 274505
274715 276656
277124 277264
277860 280119
280300 281830
281935 282103
282597 282763
282885 283033
283248 283456
283750 283990
284492 284682
285143 285307
285759 286741
286945 287080
287772 290397
290485 290700
290949 291113
291652 291737
291975 292145
292389 292834
293058 293939
294086 294209
294448 294888
295185 295678
296233 296439
296678 297040
297147 297443
298004 298150
298268 299802
300132 300314
300388 300616
300821 301312
301553 302185
302759 304430
304548 304854
304976 305139
305504 305666
305913 306107
306211 306396
307291 307558
307992 308223
308387 308439
308541 308714
309169 309596
310189 310357
310921 311092
311485 311613
311793 311940
312056 312567
313398 313607
313711 313894
314013 314162
314337 314496
314684 455689
455961 457031
457371 457669
457877 458064
458250 458443
459022 462804
463109 463298
463525 471379
471665 472283
472675 473941
474358 474493
474647 475946
476446 476638
476725 476936
477092 477229
477345 477593
478650 478858
479045 479232
479332 480128
480354 480531
480678 480854
481123 482803
483178 483299
483550 484119
486105 486277
487477 488013
488184 488341
488602 488798
489078 489218
489572 489701
489846 490704
491422 491765
495297 495990
496758 504401
504936 505195
505363 505861
505933 506162
506558 507888
508127 508351
508493 508572
508671 508841
509011 510106
511624 512918
513549 514988
515090 515299
515508 515643
515792 518860
518952 519206
519387 538978
Bacteroides_sp_1_1_6_gi_384096974_ref_NZ_
1 1064
1212 1354
1978 2172
2332 2859
3068 3218
3359 3521
3982 4892
5026 5249
5566 8910
9043 9234
9644 9904
10066 11190
12205 17083
17225 17457
17735 20815
21681 22178
22425 39737
39867 40095
40358 40489
40621 42732
43396 43888
44142 44300
44509 44702
44835 45553
45690 45858
46130 48284
48350 56499
56626 58319
59298 60207
60470 60609
60876 61038
61517 61692
61844 61929
63244 63414
64001 64376
64697 64924
65135 65217
65765 65891
66224 66308
66505 66667
67417 67599
67782 68196
68561 68719
68968 69098
69207 69289
69876 70124
70691 70938
71308 71512
71677 72404
72647 72823
73084 73391
74209 74428
75563 77620
78343 78475
78774 78942
80724 80983
81885 82007
82898 83171
83364 83563
84060 84248
84888 84938
85084 85208
85657 85846
86237 86323
86484 86712
87048 87189
87462 87656
88889 88943
89045 89234
89382 89635
89857 90717
90878 91031
91112 91244
91668 92766
92885 93103
93218 93409
93716 94051
94413 94539
95142 98406
98821 99473
99768 99923
100443 100821
101107 101241
101533 102158
102272 102477
102633 102762
103280 106216
106885 107020
107287 108417
109135 109272
109634 110302
110893 111375
111661 111879
112196 113635
113787 113999
114130 114585
114728 114878
115132 116433
116530 116672
116814 117004
117346 117513
117810 118432
119102 119237
119477 119690
119900 120987
121093 121299
121454 121604
121769 121913
121980 122177
123001 123229
123396 123607
123746 124367
124526 124724
124900 125117
125184 126275
126490 126717
126909 127047
127408 127564
127905 128086
128294 128458
128541 128603
129146 129412
129554 129797
129869 130505
131795 131927
132054 132185
132323 132541
133048 134440
134953 135985
136089 136329
136632 136775
136889 137067
137267 137471
137648 138304
138458 138715
139168 139356
139475 139669
139912 139981
140100 140301
140391 140559
140805 141040
141370 141497
141650 143482
143771 147664
147825 148037
148309 148555
148770 151348
151714 152353
152556 152684
152955 154577
154716 155307
155423 155909
156949 157144
157246 157442
157582 158180
158397 159156
159320 159458
159579 159748
159942 161869
162020 162239
162578 162791
162977 163793
163961 164072
164236 164377
164570 165434
165708 165920
166140 167195
167973 168530
168964 169086
169530 169696
169863 170225
170864 171308
171525 171996
172123 172308
172995 173152
173830 174028
174489 175931
176092 176262
176509 176709
177150 177343
179586 179678
180201 180347
180706 180994
181718 182268
182370 183186
183424 183600
184409 184573
185595 185865
186888 188004
188243 188368
188812 190389
191344 192387
193091 193251
194307 194979
195128 195304
195415 195589
195870 196028
196221 196351
197440 197559
198806 198990
200605 200804
201089 201327
201457 201573
201723 201884
202236 202463
203224 203945
205868 206177
207254 207770
208034 208248
209744 211095
211246 211430
211587 211715
212012 212474
213423 213646
214820 215687
215981 216213
216347 216628
217180 217505
217683 217841
218592 218800
219439 224847
225072 225262
225592 227518
227663 227803
228075 228265
228809 229156
229268 229421
229603 229751
230200 235690
236315 236522
237231 237332
237882 238944
239793 241020
241728 242134
242668 242927
243222 243576
244800 244877
245034 245236
246174 247719
249675 250907
251410 251646
253280 253491
254415 257139
258099 259625
260471 260656
261296 263880
264558 264732
264934 265007
265167 265427
265513 267407
267590 267723
268120 269150
269274 269473
270904 271058
271263 271658
271800 271990
272264 272419
272774 272956
273129 273335
273767 273945
274137 274266
274574 274795
274933 275904
276034 276278
276380 276792
276907 277368
277767 278017
278346 278397
279057 280327
280916 282956
283482 319202
319817 320343
321075 321126
321430 322048
323931 324131
324469 325586
326352 326492
326640 326781
327204 327571
327672 327882
328018 328235
328514 329808
330045 330472
330755 331423
331577 331739
331958 332130
332493 333663
334280 334462
334790 334864
335239 335487
335686 336094
337776 338515
338812 338966
339203 339423
339558 339855
340438 343113
343265 343716
343831 344027
344237 344844
345329 345549
345756 345984
346079 346212
346932 347881
348539 350149
350660 350808
353164 353371
353606 353937
354184 354341
354786 355002
356422 356553
356992 358466
360080 360263
360352 360581
360849 361376
361549 361787
362085 362626
362766 362950
363189 366199
366392 366598
366850 367050
367338 368176
368246 368473
368588 371146
371340 371528
371982 372113
372253 372430
372815 374578
374695 374873
374984 375117
375689 375816
375980 376565
376896 377038
377412 377594
377830 378021
378145 378274
378440 378656
379438 379635
380524 381065
381283 381519
382984 383939
384182 384418
384666 384904
387315 387372
389253 389464
389579 392689
392935 393146
393498 393757
393904 394071
394302 394474
394724 396532
397351 397714
397852 398010
398135 398305
398417 398596
398704 400662
400822 400972
401112 401237
402501 402678
402947 403021
403719 404639
405068 405292
405401 406916
407570 407782
408133 409151
409328 409441
410525 410596
410846 411216
411509 411759
411967 412255
413587 413825
414803 415074
416111 418787
419323 419537
419630 419873
420956 421766
421996 422182
423134 423663
424345 424575
424703 425139
425251 425564
425679 425876
425984 426177
426500 426846
427096 427319
427578 427667
427774 428014
428616 428796
428927 429089
429222 429378
429627 429853
430093 431593
431884 432020
432228 432349
432749 432833
433412 434197
434461 434652
434849 435036
435146 436633
437141 439047
439325 439447
439619 441273
442389 442445
442802 442923
443222 443683
444495 445622
445740 445976
446541 446752
446881 447325
447467 447619
447957 448391
448559 449094
449974 460004
460676 460796
460940 461134
461382 462159
463515 463594
463814 464040
464239 465228
466523 466790
467925 468076
468540 468660
469072 469255
470461 470932
471201 471329
472984 473060
473394 473578
473831 475921
476250 476380
477962 480236
480658 480833
481222 482082
482733 482798
482965 483141
483261 483389
483572 483721
483841 485928
486134 486261
486362 487611
487847 488011
488764 488897
489143 489250
489632 489880
490190 491139
491617 491781
492021 492632
492996 494741
495447 502893
503195 503438
504170 508860
509052 509262
509538 509831
510424 510708
511545 511730
512785 513110
513296 513866
513987 514187
514421 515775
517057 517285
517541 518466
519399 520223
520457 520906
521106 522128
522234 522501
523347 524555
524939 525172
525556 526278
527043 527162
527528 527879
528698 528874
529150 529358
529704 529951
530052 533154
533298 533505
533584 533736
533863 534050
534156 534299
534716 534903
534989 535273
535502 535673
535830 536362
536540 538322
538463 539538
539773 539997
540081 540313
540423 542113
542225 542410
542655 542790
542914 546368
546480 546710
546823 546939
547161 547390
547630 548083
548173 548359
548457 548591
548758 548903
549009 549970
551010 551910
552074 552289
552429 552606
554186 555941
556048 556482
556678 556808
556897 557098
557203 557290
558401 559661
560428 561834
562359 562484
562613 562793
563710 563834
564044 568891
569107 569276
570835 571006
571204 571334
571548 571783
572437 572614
572721 572966
573213 573693
574738 574813
575036 575091
575693 578546
579423 579690
579851 579903
580004 580569
580833 581771
581879 582117
582394 582633
582775 582909
582981 583223
583502 583566
584160 584573
585076 585141
585341 585571
585727 585873
585966 586132
587152 587369
587440 587635
588151 588395
588592 588977
589570 589814
590014 590778
591075 591191
592691 592939
593056 593266
593604 594094
594203 594394
594697 594851
595278 595458
595539 596488
596646 596781
597030 597196
597480 597557
597725 597874
598003 598132
598279 598491
598771 599045
599832 600282
600719 600952
601256 602615
603014 603182
603573 603699
604099 606775
607019 607297
607434 607744
609696 609833
610061 612389
612773 612946
613019 613250
613376 615730
616067 616228
617233 624974
625240 625446
625706 625827
626007 626132
627705 627883
628040 628275
628461 628526
628763 628906
629495 629635
631267 631462
632528 632750
633007 633438
633664 633832
634683 635190
635695 636220
636391 636531
636715 636881
637196 639035
639847 640659
641425 641557
641754 643793
644621 644824
645616 646916
647348 647558
650246 650996
652254 653488
653728 653982
655150 655393
655822 656012
656836 658678
659225 659495
660924 661051
661186 661340
661502 662499
663141 663876
663967 664134
664311 664489
664859 667188
667332 667456
667730 667931
668000 669679
670747 670939
671086 671294
671423 672581
672968 673150
673265 673392
673609 674214
674408 674579
674808 677711
677869 678047
678366 680843
681022 684358
684424 684643
684767 684939
685121 685351
685448 685764
685963 686087
687015 687228
687351 687412
687630 687823
688324 688460
689218 694796
694954 695161
696284 696529
696711 696848
697684 698866
699044 699270
699369 699511
699688 703429
703882 704044
705086 705444
705572 705755
705892 706018
707147 707361
707473 708317
708707 709997
710262 710784
711065 711227
712321 712769
713364 713927
716054 717966
718596 718742
719629 719728
719933 720078
720628 720763
720968 721138
722892 723041
723170 724366
725739 725895
726312 726476
726763 727121
728207 728397
730704 730899
731011 731176
731357 734770
734871 735033
735234 735420
735530 735710
735825 735972
736107 737416
738411 738656
738921 739148
739214 741023
742331 742747
743691 743773
745111 745340
745549 745656
746283 746365
747454 748358
748447 748700
749172 750931
751479 752499
753392 753445
753747 753811
753886 754104
754453 754650
754744 754960
755038 755850
757281 757414
757725 759500
760072 760761
761201 761460
761627 761721
761950 762049
762173 762381
762514 762754
762896 763022
763434 763612
763726 765528
765645 765820
765894 766106
766534 767499
767867 767984
768258 768667
768842 769051
769134 769356
769610 769773
770012 771802
772143 772415
772509 772739
772871 773024
773173 773351
773417 774063
774297 774511
774949 775113
775635 775788
776094 776374
777946 779812
780092 780303
780431 780604
780815 782180
782290 782508
782734 782934
783244 784766
784911 785136
785459 785650
785899 789110
789635 792186
792399 792504
792961 793155
793387 793756
794029 794210
794416 794742
795030 795225
795489 796440
797128 799311
800212 800944
801127 801552
804483 805188
805737 806240
806999 807880
808171 808446
808575 808725
809043 813184
813396 813634
813705 815586
815726 815888
816030 816200
816855 817234
818433 818635
818841 819990
820147 820320
820642 821263
821714 821968
822472 823736
824318 825681
825783 825955
826220 826402
826635 826806
827044 827188
827266 827898
828198 828640
829230 829375
830358 830531
830733 830986
831762 831937
832383 833361
833953 834396
834910 835225
835558 835779
836320 836498
836644 836824
837136 837385
837563 838217
838372 838579
838732 838875
839110 839283
839550 839929
840641 840831
841089 841778
842446 842635
843100 843447
843823 843997
844199 844425
844564 846392
846713 846846
847042 848200
848863 848992
849061 849380
849902 850081
850362 851200
852552 852705
852982 853117
853667 854205
854315 854481
854587 854808
855430 855607
855744 856677
856812 856949
857265 857475
857745 857865
858400 858458
858620 858802
859399 859990
860577 861139
861816 868599
868899 869085
869362 872088
873225 873471
873719 874940
875449 875585
875707 875910
876376 877096
877162 877355
877521 877699
877842 878364
878495 879427
880011 880144
880355 880752
881075 881308
881471 883703
883933 884412
884518 885138
885304 885449
885691 885847
886660 886863
887107 887305
887524 888145
888318 888462
888618 888750
888914 889750
889883 890413
890893 891081
891297 892384
893500 899732
900918 927521
928048 930732
931068 931130
931392 931786
932131 932408
932871 933521
933678 933817
934781 935304
935648 938439
939716 941826
942041 942274
942356 942594
942819 943035
943785 945612
945996 946709
947025 947206
947517 947590
947921 948113
948431 948521
948825 948934
949276 950347
950999 951228
951453 951654
951961 952110
952270 952430
952740 952904
953144 953439
953733 955394
955990 956355
956560 956815
957039 957586
957783 957939
958299 958516
958665 959094
959306 959524
959991 968547
968705 969149
969336 969931
970222 970365
970615 972484
972855 972990
973197 978908
979270 981584
981747 982896
983146 983209
983476 983538
983719 983904
984248 985311
985600 985739
986190 987266
987382 987604
987848 988011
988287 988622
988756 988881
989336 991903
992049 995502
995720 997198
997604 998686
998975 999226
999769 999907
1000038 1002041
1002231 1002394
1002533 1002689
1002814 1026937
1027965 1028542
1030438 1031291
1031675 1032518
1033427 1037053
1037597 1040482
1040780 1040940
1041400 1043459
1044118 1046081
1046246 1046436
1046563 1046761
1047146 1049436
1050238 1050364
1050860 1051029
1051187 1051428
1052423 1052650
1053202 1053413
1053652 1054018
1054192 1054322
1054702 1055723
1055850 1056311
1056472 1056635
1056917 1057156
1057676 1057803
1058082 1058206
1058380 1058518
1058796 1059426
1060211 1063294
1063397 1063622
1063695 1063867
1063976 1064143
1064306 1065112
1065184 1065421
1065527 1065588
1065841 1066425
1067097 1067294
1068655 1068725
1068861 1069026
1070375 1070815
1071338 1082430
1082553 1085571
1085755 1086104
1086413 1086595
1086792 1086975
1087151 1088685
1089098 1108096
1108728 1130676
1131087 1131230
1131360 1131977
1132103 1132336
1132441 1132706
1133134 1133278
1133984 1134073
1134679 1134825
1135327 1135467
1135572 1135758
1136109 1137671
1138906 1139146
1139447 1139592
1139991 1140133
1141311 1142551
1143162 1144686
1144843 1144969
1145383 1145651
1145877 1146095
1146176 1146331
1146449 1146641
1146840 1146994
1147151 1148725
1149785 1149984
1150132 1150614
1150844 1152233
1152344 1152568
1152702 1164076
1164380 1164575
1165049 1165500
1165770 1166536
1167403 1169702
1169870 1170125
1170386 1172166
1172265 1172521
1184369 1184708
1185321 1185397
1188769 1188909
1192351 1192506
1198436 1199981
1200767 1201016
Bacteroides_sp_1_1_6_gi_384096985_ref_NZ_
1 14051
14157 41229
41853 43369
43624 59525
60034 60173
60631 60823
61248 61474
61630 61798
62234 63095
63360 63612
63880 63949
64117 64306
65110 66190
66257 66441
66634 66825
67002 67156
67649 68699
69721 74597
75971 78013
78527 78682
79754 82207
82398 82637
82720 82863
83005 85625
85866 86045
86299 86510
86576 87970
88957 90162
90849 91005
91418 93269
93475 94099
94247 95571
96150 96401
96570 101904
102076 102266
102479 103996
104172 104332
104525 104671
104835 104915
105499 114458
114641 114820
115202 115717
116244 116506
117682 117838
118509 118693
118787 118936
119236 119498
119626 119782
119874 120067
121201 121454
122180 122341
122442 122762
123389 124185
125053 125293
125443 125623
126176 126403
126665 126812
126968 128263
128369 128550
130510 130743
132529 134852
135456 135679
135834 135980
136163 136346
136421 136661
136805 139404
139809 140074
141068 145682
147102 147281
148011 149778
149895 151965
152102 152338
152661 152821
152890 154078
154264 154436
154637 154863
155036 161825
162394 163339
163563 163766
164231 164450
164577 165637
165780 165925
166056 166277
166524 166684
166847 166909
167327 167536
167621 167801
168588 168839
169409 169533
169743 169950
170501 170743
171578 171711
172325 173158
173954 174171
174292 174548
174996 176853
176986 177201
177594 178066
178553 178764
178879 179302
180564 180707
181219 181453
181845 181895
182777 185584
186017 186140
186597 186788
187139 187359
187678 189755
190262 191040
193953 194013
194610 196432
197888 199207
199973 200095
201719 202022
202283 202460
202731 203448
205573 205763
205888 206012
206188 206528
207061 208555
209253 209820
209942 210180
210305 210561
210744 216291
216404 216963
217070 217222
217380 221040
221236 221379
221542 221683
222387 225325
225717 226222
226488 233824
233922 234159
234241 234460
234588 234757
234865 250722
250947 252207
252340 258354
258469 258876
259388 273928
274048 285615
285778 287735
288082 289192
290954 299301
299476 299712
300061 303115
303271 303452
303687 303877
304020 304294
305289 305506
305921 307435
307844 308081
308380 309572
309695 309950
310170 310391
310635 310943
311364 311545
311777 324936
325855 326095
326634 326828
327147 327287
327432 327662
327779 329611
329831 330015
330117 330325
330597 330654
331293 331514
331810 332429
332524 332698
332892 333149
333287 333443
333744 339775
339908 340103
340425 340898
341076 341249
341450 341583
341839 343077
343206 343405
343871 344426
344551 344702
345298 345475
345649 346455
346904 347089
347590 347765
348679 349611
350116 350975
351156 351344
352660 352806
353229 353732
353903 354186
356568 363089
363200 363394
363702 363880
363993 388224
390411 390671
393394 393788
427191 438619
438956 442888
447215 447489
Bacteroides_sp_1_1_6_gi_384096976_ref_NZ_
1 569
843 3574
4131 4295
4695 5352
5517 5775
5910 6542
6797 7075
7363 9223
9418 9581
9832 10132
10468 10698
10822 11003
11129 11530
11769 12219
12325 13403
13678 16181
16539 16689
17304 17405
17544 17724
18181 20655
21011 21251
22720 23543
23781 27930
28675 29330
29398 29567
29849 30007
30790 31015
31378 31616
31865 31938
32485 32976
34275 35321
35954 37924
38099 38339
38854 42909
43079 43252
43373 44229
44433 44586
44889 46903
47760 47910
48004 49481
49821 50881
51119 51262
52071 52865
53244 53393
53801 54096
54377 54581
55314 55441
56518 56672
57156 57828
58514 58981
59789 59845
60114 60333
60469 60623
60750 60903
61049 61160
62038 62230
63021 63242
63366 64200
64906 65070
68000 68183
68325 69270
69473 69639
69866 69985
70757 71437
72041 73924
74035 74209
75061 77123
77227 77364
77703 77931
78140 78270
78344 78516
79011 80157
80941 81008
81248 81311
81523 81725
81836 82620
82882 83110
83360 83482
83787 84682
85304 86038
86908 87088
87601 88286
88420 88651
88772 88971
89457 89781
90231 90443
90601 91450
92072 92313
92994 93712
94447 94922
95508 96303
97200 97264
97500 97589
97695 97919
98024 98380
98687 98877
99197 99389
100169 100404
100588 100838
101125 101677
101933 102514
102652 104384
105228 108532
108687 108848
109231 109361
110017 110074
110374 110424
110648 110789
110928 111612
111764 111901
112054 112184
112580 114424
114558 114747
114999 115224
115461 121446
121728 121893
122178 122652
123027 123445
123678 123833
124106 125416
125961 130244
130406 130582
130971 131386
131592 139079
139654 139837
140246 144404
144706 144825
145046 145433
145597 145812
146499 146804
146969 147353
147674 148586
148723 148926
149377 149868
150193 150444
150781 151011
151143 151356
151475 153677
153786 153949
154063 154232
154379 154813
155005 155132
155518 157883
158306 158536
159203 159730
159870 160081
160173 162801
163261 163472
164097 164313
164483 164932
165191 165411
165579 166761
167003 167192
167307 167454
168381 169100
169201 169356
169586 169739
169813 170382
170607 185107
186506 187895
188181 188381
188570 188748
188857 189076
189294 189432
189543 190151
191265 193363
193849 194072
194726 194908
195034 195743
196085 196240
196428 196607
197172 197319
197426 197572
197738 197933
198094 198376
198685 198840
199185 199377
199767 199938
200039 200290
200418 200673
201437 201599
202267 202465
202785 202978
203071 203516
203702 203907
204012 205100
206269 206447
206692 208966
209214 209326
209556 209759
210079 215751
216003 233863
234078 235228
235380 235614
235841 236003
236137 239767
240288 240433
240568 240914
241077 241209
241414 241561
242157 243262
Bacteroides_sp_1_1_6_gi_384096980_ref_NZ_
1 1391
1573 1712
1848 2018
2187 6204
6404 6594
6794 6970
7161 8052
8619 8755
8874 16667
16811 16963
17066 17242
17364 17571
17676 50616
50811 51040
51182 51395
51527 66388
66935 67367
67886 67950
68339 68499
68596 68790
69071 69224
69909 70083
71995 72222
73879 74041
74557 74731
74846 76051
76755 76979
77159 77358
78327 78545
79458 80406
81450 83361
83836 83963
84585 86711
86885 87096
87187 90105
90906 91527
91885 92083
92466 92607
92785 93893
94109 94350
94558 96252
97359 98088
98328 98973
99113 99291
99472 99692
99942 102994
103309 103436
104152 104342
104410 104597
105507 106900
107051 109703
111315 111727
112504 112629
112832 113239
113362 118039
118357 118488
118851 119011
119319 119487
119805 119860
120525 120708
120902 122658
122800 122937
123144 126060
126169 126359
127326 132003
132840 133024
133599 134778
135782 136063
137535 138134
139680 142219
142758 146155
146231 152032
152734 158372
159057 159360
160119 187056
187467 187605
188098 188470
188713 191153
191426 191579
192104 192517
192710 194916
195557 196655
197014 197161
197558 197788
198590 199312
199575 199734
200552 200971
201283 201474
201724 202166
202256 202452
202752 202914
203120 207890
209462 211324
211556 211767
212223 212401
212618 227104
228383 229565
229790 229961
231599 231771
232231 232990
233279 250859
251004 251636
252017 253030
253483 253702
254047 256173
256497 256642
257399 257748
258400 258713
259304 260183
260856 264888
265439 279630
280679 280776
281901 284929
285441 287122
287935 288126
288281 289261
290525 290722
291110 296311
297342 302760
303026 303190
303328 304153
304460 304706
304849 304999
305142 305651
305844 305971
306128 306311
306429 306584
306734 307336
307457 307621
307923 308079
308161 308331
308442 308592
308805 310783
311075 311306
311508 311781
312457 323229
323409 323574
323761 325007
325223 325735
326245 326737
326908 327079
327212 331214
331505 331739
331970 332186
332533 333012
333931 335588
336030 336969
337108 349920
350243 350437
350538 350722
350864 351613
351912 352090
352689 352894
353116 353412
353670 353802
354132 357865
358077 358411
358646 358788
358980 359140
359432 359581
359798 359865
360169 360319
360392 360554
360629 360845
360971 361112
361331 361991
362448 362504
363144 363758
364017 364188
364420 364507
364744 364871
365261 366702
367014 367199
368658 368796
369123 369311
370011 375006
375112 375322
376264 376409
376683 376810
376972 378976
379728 380074
381426 381778
381996 382125
382282 382413
383354 384112
384318 384531
385652 385800
386055 386862
388140 388272
388586 388641
389092 389333
389744 390533
392633 392808
393112 396906
398062 398403
399065 399137
400669 402039
403330 404686
404987 405252
405356 408822
408915 422522
422653 431972
432181 433937
434180 446250
446947 448804
450078 450684
451358 451774
452830 454703
455226 455418
455996 489322
490389 492797
495635 497295
497823 517998
519512 526018
527076 536806
537472 538822
539689 540361
541888 551097
551432 554668
555066 555655
555790 556282
556583 564741
564869 571391
571565 571733
571931 572001
Bacteroides_sp_1_1_6_gi_384096984_ref_NZ_
1 1771
1983 2200
2286 2861
3095 5981
6173 6531
7004 7132
7315 7621
8428 13210
13525 14209
14775 15567
15830 20846
Bacteroides_sp_1_1_6_gi_384096982_ref_NZ_
1 7335
8089 8439
8844 8992
9216 9380
9510 12890
13414 13628
13815 13942
14104 14240
15011 15194
16414 16566
17014 17242
17347 17557
17834 18065
18867 20373
21155 22718
23242 25847
25993 26141
26271 30820
30924 40966
41076 41290
41612 41807
42113 61229
61677 62094
62640 64793
64937 65062
65773 66315
66542 67049
67290 68818
69583 69944
70090 70283
70360 70560
70762 71165
71826 72834
73074 73180
74264 74469
74840 79747
80400 81961
82479 82823
82889 83036
83247 83474
83628 86076
86513 86571
87380 87444
87711 87837
88141 88381
88604 88970
89228 89439
90174 90358
90484 90572
90848 91070
91229 91503
91650 91790
92623 92767
92998 94930
95294 98925
99080 99244
99460 99648
99758 100201
100460 100620
101256 101460
101630 105135
105546 105699
106052 108443
108703 108840
108971 109153
109322 114407
114539 114691
114808 115345
115590 115771
115900 121461
122380 122591
122820 122887
123190 123379
123529 123660
123759 124567
124716 124883
125265 127987
128102 128255
128472 128704
128802 129056
129195 129421
129550 130250
130384 131342
131582 131661
132979 134352
135006 135558
135813 136009
136131 136275
136484 136654
136911 137117
137420 138574
138852 139027
139340 139873
140060 140591
140793 141005
141448 141798
142374 142524
143549 145866
145965 146198
146336 157901
158320 161783
161884 162057
162148 162379
162491 162676
162826 163611
163913 169798
170026 170166
170545 171070
171248 171428
171750 172364
172479 172663
172799 173005
173237 173386
173755 174199
174791 175327
175513 175682
176087 176370
176742 178727
178930 179001
179235 179288
179711 183380
183997 185304
186340 186475
186567 186742
186879 187162
187980 191435
192374 192627
192761 197657
197836 197975
198328 198838
198970 199171
199282 199485
199665 200429
201035 201312
202014 203428
204167 204246
205084 205425
205812 205949
206240 206303
206599 206915
207109 209417
209576 209633
209895 209967
210647 212090
212232 212378
212550 212783
213058 213243
213518 213707
213863 214005
214158 214297
214479 214653
214781 214954
215099 215892
216111 216290
216447 216597
216694 216917
217280 217499
217627 217824
218355 219008
219411 219627
219970 221784
222199 222338
222538 222612
222796 222927
223006 223214
223526 224240
224506 224696
224946 227490
227728 227937
228101 228761
228843 229041
229119 230528
230655 230784
230947 241876
242070 242259
242776 242968
243048 251525
252155 253841
253977 254115
254647 255304
255494 255704
256194 256315
256733 261313
261501 263631
263807 264275
264833 267385
267638 267886
268376 273632
274269 274435
275018 275157
275471 277087
277448 279689
280354 280515
280767 284728
284944 285101
285418 285629
285867 285946
286444 295043
295792 298819
299197 299361
299860 300045
300159 303849
304126 304574
306071 309876
310157 310325
311207 311373
311487 317779
318324 318492
319434 319841
320330 320499
320783 320850
321291 321412
321513 321771
321943 322196
322306 322451
322639 322750
323268 323562
323673 323848
324544 325297
325480 325597
326033 326838
327108 327300
327663 328137
328400 328679
328951 329084
329426 330319
330504 330702
331066 331729
332011 332158
332494 332756
333001 334130
334287 334450
334709 340026
340349 340462
340924 341695
342023 342151
342286 342584
342752 342870
343172 344665
345097 345286
345466 345517
345863 346053
346374 346547
346660 346936
347053 348260
348395 348560
348777 349004
349257 349545
350468 350666
350878 351043
351274 353200
353486 357845
357998 358231
358481 358602
358748 360079
360616 361716
362406 362481
362810 362949
363103 364919
365289 365461
365568 365845
365964 366202
366675 366823
366992 367288
367936 368114
368233 368321
369307 369471
369635 375675
375894 376157
376380 376978
377502 377763
378305 378536
378785 378863
379482 385583
386020 398198
398320 398534
398645 398874
399401 399568
399777 399966
400173 400320
400402 400625
400743 400958
401612 401790
401915 402409
402631 403256
404201 406195
406360 406867
407035 407545
409545 409850
410073 410302
410638 410830
411753 412642
412924 413074
413349 413554
414007 414377
414999 415161
415297 415430
415612 416314
418334 418449
418663 421456
422564 424317
424524 424664
424837 424980
425546 426058
426247 426476
427234 427436
427708 427977
428606 433300
433410 435725
436081 436314
436416 437008
437256 437444
437711 437936
438065 439190
439451 439632
439899 440181
440384 440538
440801 441209
441366 441483
441695 441839
442589 443343
444293 444478
445429 445604
445733 446268
446506 446780
447891 448747
448936 449137
449413 449750
450217 450430
451478 457134
457254 458169
458456 459321
459558 459709
459878 460659
460758 460851
461056 461823
462083 462205
462450 468862
468976 469861
469984 470138
470438 475255
475589 475779
476328 476615
476761 476941
477147 477307
477477 493116
493458 493619
493757 493928
494254 495355
495600 495745
495889 496112
496218 496913
498105 498164
498387 499242
500023 500219
500371 500528
500763 500825
501150 501368
501518 501999
502690 502876
503003 503535
504019 504178
504589 507390
507875 508112
508180 522901
523167 523363
523482 523627
524471 526749
527783 529187
530363 530595
530697 534137
534240 534456
534550 534974
535122 539047
539300 539536
539733 539890
540063 542243
542587 544683
544883 545041
545212 545405
545696 546969
547531 549111
550629 550772
551042 552295
553051 553408
553847 553902
554556 557480
558096 558286
558396 558597
558665 560730
561300 562206
562321 562517
563433 563547
563678 563821
564032 564247
565100 565266
565451 566036
566234 566382
566545 566799
566918 568947
569065 569172
569409 569484
570066 571302
572423 572777
573042 573237
573517 573684
573875 574598
576119 577166
577534 578309
579429 582744
583221 583349
583569 583733
584572 584783
584946 585068
586185 587096
587846 588003
588126 588312
588500 589572
590283 594614
594771 594937
595139 595258
595436 600121
600383 600550
600619 600860
601139 601363
601472 601673
601886 604098
604190 604386
604461 604625
604990 605760
605903 606149
606346 606556
606988 607356
607627 607848
607974 608510
608642 608835
609277 609429
609582 610918
611326 615863
616252 616408
616575 617432
618401 618529
618675 618859
619026 622321
622588 622813
623058 632448
633251 633445
633661 633779
634121 634277
634530 635374
635503 635735
635986 636126
636279 636409
636548 636737
636885 639899
640098 641374
641622 644625
644802 645332
645614 646047
646339 646622
646778 646956
647112 649735
649858 650007
650199 650318
650844 657369
658009 658141
658294 658458
658610 660689
660821 660992
661219 661491
662436 663166
663452 663967
664696 666962
668345 668464
668929 669019
669328 669565
669716 669905
670301 671755
671978 674261
674876 674996
675114 675558
675988 676682
676947 677127
677289 677795
678056 678194
678338 680920
681630 684722
684855 685628
685865 686559
686941 688641
688889 689110
689358 691115
691383 691584
691778 694380
694957 761583
761954 762075
762441 764758
764900 765051
765184 765357
765572 765713
765982 769790
770003 770192
770458 771968
772105 775258
775652 776854
777310 777542
777658 779914
780135 780320
780420 780580
780742 781473
781852 786389
786533 786940
787101 788873
789129 789496
789787 789969
790167 790273
790512 790743
791084 792079
792653 793886
794106 794244
794382 794559
794734 823594
823719 823863
824314 824463
824650 825043
825642 825886
826149 826458
826763 826981
827213 827439
828376 828951
831779 832021
832814 833189
834636 835656
837258 837813
837956 840437
841002 844236
844380 844571
844647 844828
844918 845107
845193 845367
845475 845698
845887 849359
849456 849607
849743 849897
850010 850249
850423 850598
850707 853590
853775 853940
854061 854218
854478 866435
866605 866755
867180 874164
874348 874585
874854 882941
883051 883252
883441 883688
883755 889646
889772 889899
890055 890184
890251 894277
894917 894978
895260 895312
896083 898062
898309 898500
899121 899330
899593 899743
899957 902820
903006 903184
903467 903614
904147 904716
904822 904970
905150 905344
906604 906666
906844 907018
907426 907546
907732 907931
908302 912161
912759 912947
914372 914499
914678 915306
915837 915907
916056 916183
916348 916494
916676 924168
924301 924490
924712 924841
925106 925166
925276 925451
925567 925796
926037 932170
932329 953065
953295 953528
953670 958068
958193 958390
958508 958657
958892 960121
960847 963428
964161 964325
964459 965424
965929 966171
966574 966768
967137 967599
967733 967903
968497 968633
969015 971044
971735 971952
972150 979988
980278 980429
980565 980740
980950 981040
981202 981439
981658 981926
982191 988057
988173 988338
988582 988826
988935 990133
990572 991833
992065 992251
992567 994664
994961 995218
995814 995950
996114 998283
998617 998783
999075 999234
999409 1000527
1000651 1001210
1001507 1004750
1005305 1006443
1006587 1006817
1006899 1007348
1007461 1007622
1007730 1007897
1008188 1009030
1009321 1009536
1009870 1010078
1010235 1010394
1010584 1010716
1010893 1011033
1011299 1013009
1013111 1013353
1013721 1013880
1014359 1014589
1014874 1015157
1015873 1016082
1016260 1016472
1016716 1016863
1017200 1017547
1017711 1017829
1018111 1020360
1020661 1020752
1020885 1021050
1021233 1021440
1022335 1022515
1023571 1024067
1026207 1026382
1026508 1026963
1027130 1028276
1029042 1030036
1030204 1030337
1030472 1030651
1030862 1037082
1037624 1037850
1037983 1039407
1039518 1039735
1040517 1040642
1040798 1041053
1041179 1043480
1043860 1044016
1044400 1045612
1046143 1046371
1046477 1048251
1048384 1048615
1048834 1048992
1049158 1050776
1050896 1051066
1051185 1051392
1051469 1051607
1051791 1052028
1052194 1052384
1052936 1054648
1054862 1054989
1055292 1055969
1056259 1056335
1056481 1056644
1057280 1058208
1058444 1059405
1059957 1061264
1061469 1061675
1061837 1062009
1062333 1063456
1063902 1064688
1065204 1065339
1065669 1066311
1066979 1068183
1068982 1069486
1069665 1069813
1070038 1070241
1070696 1070974
1071923 1075191
1075604 1075919
1076293 1076481
1076623 1077037
1078261 1079442
1079986 1080122
1080875 1081056
1081258 1082613
1082977 1083145
1083246 1083748
1084091 1084316
1085222 1090785
1091623 1093079
1093904 1096364
1098171 1098252
1098421 1098678
1099218 1099442
1099921 1101149
1102029 1102159
1102431 1103276
1104082 1106361
1107053 1107213
1107416 1107596
1107727 1108405
1109274 1109772
1109959 1110132
1110524 1110942
1111505 1111708
1112123 1116961
1117672 1117752
1118708 1118954
1119401 1119668
1120374 1120957
1121266 1121421
1121633 1121920
1122447 1123555
1123735 1124249
1124449 1125170
1125286 1126346
1126465 1126703
1127370 1127544
1127974 1128378
1128894 1129304
1129843 1131464
1132157 1135924
1136054 1136320
1136400 1136639
1136798 1137343
1137464 1137631
1137806 1137983
1138245 1138396
1138909 1139111
1139227 1139684
1140330 1141193
1141523 1142001
1142306 1142606
1142995 1143157
1143406 1143519
1143831 1144436
1144761 1144979
1145278 1145604
1145757 1148210
1150253 1152170
1153125 1153576
1153950 1154053
1154165 1154335
1154667 1154919
1155363 1155575
1156324 1156863
1156953 1157148
1157524 1158040
1158321 1158546
1158679 1158907
1159192 1159397
1159831 1159958
1160113 1160277
1161052 1161360
1161573 1161704
1162224 1162442
1162584 1174748
1174925 1175099
1175322 1175515
1175634 1177115
1177333 1177563
1177817 1178262
1178747 1178882
1179154 1179939
1180162 1180304
1180855 1181028
1181321 1182230
1183235 1183555
1183757 1183942
1185213 1185348
1185523 1185649
1185932 1187241
1188200 1188616
1189513 1189945
1190271 1190441
1190584 1191940
1192212 1192332
1193033 1193297
1193676 1193799
1195427 1195779
1196827 1196959
1197254 1197518
1197719 1197869
1198255 1198461
1199681 1200513
1200774 1200976
1201270 1202618
1203080 1203340
1203695 1221565
Bacteroides_sp_1_1_6_gi_384096975_ref_NZ_
1 5632
6289 6338
6596 6735
7062 7589
7903 8093
8255 9146
9686 9930
10186 10533
11292 11527
11876 11959
13640 13700
13938 14159
15383 15720
16101 16343
16713 17006
17190 17372
17721 17864
18261 18310
18724 18918
19100 19406
19549 19707
20161 23971
24873 37925
38447 38617
38736 40382
40968 41223
44298 44480
44589 46336
47003 47082
47285 47456
47525 50854
51107 51157
51616 51775
51939 52300
52716 53168
53355 55156
55540 55727
55841 56019
56370 56774
56867 56943
57189 57253
57478 57535
57957 58078
58185 59029
60612 60661
60865 61033
62370 62516
63081 63646
63966 64132
64392 66003
66245 66486
66568 66775
67540 67629
68293 68748
68929 69148
69364 69536
69706 69922
70065 71276
72143 72716
72965 73171
73268 73517
73695 73868
74703 77600
77976 78248
78395 79113
79327 80074
81152 81366
81652 81866
81943 82136
82477 83209
83314 83522
83633 83793
84637 91625
91863 92095
92916 93762
94009 94164
94806 94934
95282 96396
98363 98917
99024 99197
99490 101517
102029 102567
103238 103451
103610 103770
104190 104250
104808 105216
105739 114575
115012 115503
115763 115844
116489 117347
117581 117730
118211 119282
119581 119749
119974 120164
120371 128174
128310 128475
128649 128864
129039 129318
129537 129761
130000 130572
131178 131409
131688 131854
131976 132559
132881 133026
133357 135048
135390 135579
135697 135874
136016 136214
136567 136694
136920 139352
139498 139690
140852 142282
144092 144259
145324 145453
146602 148181
148788 159938
160292 161331
161573 161785
162443 162557
162962 163375
163641 163786
163949 164123
164243 164455
164748 167464
167561 167682
168339 170455
170703 176020
176328 176536
176927 177283
177458 177582
177719 177777
177938 178163
178984 182791
183295 183425
183733 183900
184076 184240
184421 184788
184965 185185
185266 185513
185740 192172
192507 192701
192812 197576
198072 198269
198477 198959
199111 199283
199998 201821
201981 202133
202260 203847
204003 204289
204435 204517
204817 205020
205169 206134
206681 206882
207043 207569
207679 207919
208063 208231
208941 210472
210832 211301
211523 211683
211818 211964
212080 212251
212490 212616
212875 213427
213581 213766
213928 214080
214456 216411
216547 216708
216816 217015
217122 217539
217743 217931
218271 222461
222683 222874
222996 224009
224221 224350
225125 225332
225571 241203
241426 253725
253971 254101
254356 257473
257978 258040
258158 258354
258956 259013
259132 259295
259404 259455
259575 259720
260407 260593
261150 261838
262341 262555
262838 262994
263126 263340
263947 264084
264309 265302
265587 265716
265825 268793
268926 269085
269185 269374
269774 269955
270197 275605
Bacteroides_sp_1_1_6_gi_384096986_ref_NZ_
1 442
767 1002
1196 1335
1627 1799
2445 2578
3050 4629
5019 5247
5477 6430
6662 6827
7397 8990
9641 9726
10562 10913
11196 11695
11813 11992
12106 12606
12732 12791
13130 13276
13474 15591
15928 16548
16762 16903
17228 17410
17505 17669
17937 18544
18727 18857
19036 24888
24990 25187
25326 25513
26302 26485
26830 27069
27568 28530
29152 29360
30127 30425
30528 30772
31126 31267
31438 31670
32064 32249
32763 33284
33402 33541
34484 36577
37189 41328
41474 41656
42474 42982
43275 44389
44746 57651
60891 61139
61208 63124
63824 64086
64923 67291
67556 67777
67954 68135
68294 68445
69400 69548
69709 69913
70228 70405
70969 71792
71971 72097
72347 72580
73206 73505
73871 74020
74709 76475
77362 78765
78901 79058
81257 83527
84137 85635
86953 88278
88534 88728
89082 89271
89437 89837
90427 90601
90814 90932
91100 91248
91447 93591
93804 93940
94287 94571
95092 99181
99540 99810
99937 100240
101695 101812
102394 102831
104993 105204
106792 107022
107126 107339
107755 108144
108471 108686
109022 109467
109653 109908
111480 111627
112089 116258
117386 118645
119197 119587
120306 120837
121737 122728
123648 123857
124597 124726
126322 126690
126793 126932
128202 128423
128677 128899
129419 129548
129788 130480
130727 130863
132394 132854
133162 133412
133634 133834
134052 134920
135361 135475
136463 136605
136868 136917
137918 138338
138527 140984
141203 141409
141642 142349
142748 142995
143342 143563
143679 143820
143968 146566
146633 146758
147033 147183
148458 148700
149166 150970
151120 151357
151492 151991
153064 153140
153211 153315
153952 154121
154382 154606
154923 155101
155724 157148
157251 157502
158117 158286
158688 159605
159918 160165
160720 160866
161376 161552
161651 161850
161952 162632
162936 163206
163453 163722
163865 164011
164498 164942
165966 166134
166324 166483
166662 166833
167697 167944
168409 171563
171773 172006
172953 173089
173541 174278
174519 174666
176276 176344
176891 177101
177237 180197
180897 181916
182900 183052
183257 183913
184519 184709
185463 185588
185882 186033
186772 186937
187136 187197
187265 187412
187616 187882
188101 188246
188412 188566
188774 189739
189895 190113
190480 191033
191446 191598
191759 191955
192077 195198
195295 195517
195705 196223
196415 197354
198849 199038
199151 199501
199684 199813
200416 200541
200810 201313
201953 204631
204865 205014
205508 205748
205898 206063
206576 211335
211862 212194
212434 218562
219634 219840
223044 226171
226686 227916
228945 229642
229962 230234
230380 231331
231893 232594
232739 232874
233079 233577
233706 235072
235589 237286
237516 238010
238375 239410
239649 240165
240825 241011
241154 241335
242116 242432
243192 243427
244059 246280
246395 246592
246766 246978
247110 248005
248612 249201
250238 250365
250638 251230
251965 252235
252776 252976
253144 253391
253562 259408
260613 260667
260921 261051
261308 280833
281118 281338
281475 281719
281965 283073
283186 283421
283903 284117
284259 284440
284628 285298
285700 285824
286098 286602
287279 287720
288143 288327
288462 289244
289370 289531
292127 292307
293589 293652
294137 294298
294405 294663
297151 297329
297463 297651
297756 297908
298180 298475
298824 299363
299538 299765
300260 300433
300538 300752
301038 301270
301556 302308
303069 304064
304376 304542
305357 305540
305716 305864
306514 306742
307323 307455
307797 308771
308965 309142
309437 309842
309909 353875
354081 356534
356800 356972
357268 357532
357737 357913
359238 359379
359552 359692
360045 361136
361276 361450
361963 364008
364562 365031
365946 366467
366706 366894
367013 367069
367586 367844
367952 368169
368489 368710
368798 368874
368977 369031
369706 370313
370886 373417
373588 373724
373891 374485
374616 374808
375146 376072
376387 376596
377179 377417
377708 378006
378308 378451
378683 378939
379042 381387
381648 381821
382746 385900
386478 386657
386888 387016
387122 388445
389100 389479
390443 390631
391914 392485
392919 393096
393423 393600
395045 395448
395588 395747
395974 396105
396754 397004
397117 397472
398062 411243
412301 413288
414682 414889
415535 419789
420446 420656
421033 421152
421456 421928
422118 422419
422571 422707
423806 424367
425643 425729
426018 426154
426247 426309
426544 426614
426740 426927
427037 427193
428257 428451
428553 428686
428878 429577
429868 430290
430804 432912
433412 433558
433841 434012
434324 435960
436271 436443
436519 436719
437167 437374
437474 437681
438049 438321
438604 438674
439906 441880
442560 442684
443380 444262
444577 444827
445261 446019
446139 446263
447047 447129
448208 448389
451231 451466
452543 452622
452790 452915
453042 453203
453321 453556
454004 454136
455288 455761
455881 456021
456433 475915
476145 476276
476422 476596
476737 489919
490036 490261
490443 490632
490772 493279
493461 493674
493810 494045
494264 495385
495586 495814
496338 498730
498869 499021
499171 499308
499389 499561
499669 509580
509735 509928
510159 510309
510473 512564
512683 512896
513064 513196
513359 515590
516003 516205
516589 516725
516849 529672
529846 530022
530647 530961
531087 531144
531259 531535
531850 532075
532249 533379
533915 537789
537989 538134
538554 539036
539327 541195
541410 541874
542186 547800
548007 568308
568450 568629
568888 569567
570134 571841
572959 573142
573340 573527
573970 574493
574617 575157
575292 575431
575572 575754
575903 576177
576416 576648
576853 577087
577441 577601
577939 578203
578525 580615
580793 580918
581083 581253
582264 585417
585726 585933
586499 586698
586948 587596
587705 587911
588004 588167
589484 589727
590218 590455
590605 590680
590990 591130
591468 594549
594799 594977
595533 596733
597420 617224
617494 618016
618087 618253
618353 618607
618783 619299
619574 621254
621398 621531
621669 621895
622062 622620
623261 623432
623835 624742
625076 625274
625393 625624
626153 626310
626810 628967
629142 629310
629635 632346
632451 632581
632994 633965
634115 634301
635693 635847
636685 638660
639368 640075
640422 642005
642602 647580
647885 648013
648222 649943
650095 650302
650816 650897
651362 652531
652723 653372
654050 654247
654408 654460
654576 654791
656706 656840
658076 658201
658725 659091
659780 659971
660511 660680
660978 661309
661647 661813
662090 662289
662521 663359
663489 664055
664790 666608
666737 666979
667324 670004
670246 670391
670530 670672
670842 672009
672109 672868
672979 675791
675932 676155
676323 679446
679728 679977
680450 681182
681338 681549
681757 682865
683071 683297
683367 684835
684954 685187
685278 685416
685647 685937
686062 686291
686427 686535
686975 687123
687264 687466
687784 688291
688700 689254
689420 693197
693328 693570
693676 695964
696093 696270
696421 696575
696999 697083
697318 697823
697939 698383
698713 698879
699034 700212
700850 701624
701916 702100
702450 707663
707887 708065
708963 709103
709835 709962
710232 713026
713740 715806
715931 716088
716493 716649
716817 717011
717257 720890
722258 722399
722514 724242
724938 725439
725571 725831
725970 726192
726346 726614
727123 727242
728343 728480
728608 730027
730143 736262
736418 736595
736722 736967
737194 738462
739404 741413
742655 742828
742986 743417
743593 743831
744173 744342
744456 744582
744734 744879
745166 745293
745519 745673
745864 745956
746202 746387
746674 746820
747038 748794
749255 749422
749587 749726
750101 750309
750421 750559
750745 750923
751807 752018
752202 752272
752494 752712
752801 753063
753189 754796
758108 758248
759167 760421
760660 761182
761509 761675
762499 762695
763575 763791
764051 764641
767560 771971
772334 772567
773660 774183
776338 776426
776668 776842
777599 778032
781190 781402
781989 782234
783467 784794
785399 785482
785687 785892
786446 790428
791276 791404
791699 792326
792498 793026
793296 794067
794242 794879
795354 795576
795710 795957
796313 796480
796885 797154
797919 799328
799455 799588
799773 801366
801534 801773
801976 802464
803283 803525
803746 803819
804036 804215
804487 804703
804807 806143
806247 806443
807079 807278
807370 808605
808736 809845
809987 810135
810404 811043
811795 812600
813583 814526
814636 814875
815556 815783
816010 817717
818403 818529
818753 818807
819368 819655
820401 820574
821293 821496
821913 822157
822500 825766
825861 826040
826243 826481
826665 826861
826988 827225
827331 830277
830456 830614
830999 831656
832227 832826
832955 833188
833274 833454
833672 834186
834421 834572
834727 834971
835087 836889
837898 842510
842747 842876
843253 843527
844140 848004
849538 850858
851000 851194
851342 851512
851600 851836
852610 853066
853705 854350
855165 855266
855507 855633
855840 855974
856599 857088
857261 857368
857667 860991
861093 861301
861672 864696
865589 865808
865969 866139
866377 866992
867419 867565
867634 875903
876064 876255
876602 876860
877337 878518
878858 879002
879200 879652
880799 881022
881842 881982
882165 882541
882832 883035
883304 883670
884822 885019
886901 889802
890067 890199
890452 890697
890766 892049
892598 893988
894233 894749
895023 895263
895499 895664
895941 896014
896137 896304
896577 896776
896892 897611
898013 898263
898743 899545
899707 900567
901283 904470
905178 905318
905632 905829
905947 906060
906158 906379
906933 908495
908636 908771
909115 909616
909824 910065
910201 910410
910534 910637
911079 911263
911541 911706
911819 912002
912234 914070
915546 917397
918982 919169
919310 919495
921444 921735
922415 923793
923999 924232
924421 925733
927004 927152
927425 927498
932419 932538
933219 933864
934129 934320
934473 939733
939849 940227
940508 940584
940767 940924
941042 945824
946028 946123
946555 947093
947525 947698
947798 947847
948008 948245
948884 950239
950410 950545
950722 951001
951673 951731
952511 952687
952798 953090
953540 953693
953856 954394
954863 955274
955369 955536
956626 956804
956987 957053
957232 957387
957910 960379
960678 960868
961207 961328
961459 961657
962455 962879
963300 963624
965105 965339
965691 965907
966107 966268
966423 966645
967050 974492
975139 979357
980573 981318
983381 983539
984258 985788
988265 989023
990185 990316
990483 990637
990786 990977
991250 991646
991918 992104
992254 992439
992566 993217
994012 994667
995258 998511
999135 999786
1001039 1001832
1002982 1003131
1003419 1003644
1004084 1004281
1005278 1019888
1021503 1021880
1023046 1024524
1024730 1024849
1025090 1025264
1025568 1025838
1026022 1026302
1027414 1027969
1028408 1028595
1028871 1029591
1030351 1030422
1030963 1031167
1031381 1031599
1031709 1033094
1034663 1034899
1035014 1035227
1035688 1035930
1036266 1037095
1038902 1039065
1039145 1039378
1039815 1040029
1040468 1041434
1041545 1041676
1042090 1042302
1042529 1044087
1045480 1045885
1046273 1046821
1046992 1049839
1050083 1050261
1050505 1050743
1051329 1051386
1051659 1051826
1052074 1052359
1053146 1053230
1053507 1053704
1053935 1054083
1054260 1055794
1056648 1056917
1057032 1057244
1057534 1058058
1058172 1061727
1062073 1062255
1062497 1063252
1063354 1063490
1063646 1063819
1063901 1064033
1064198 1064262
1064447 1064528
1064724 1064878
1065571 1068086
1068304 1068530
1068598 1068840
1069778 1070110
1070366 1070549
1071440 1071565
1071744 1071977
1072081 1072207
1072756 1072903
1073099 1074939
1075131 1075259
1075617 1076293
1076423 1076666
1076997 1079227
1080131 1080320
1080691 1084549
1084648 1084831
1085704 1085956
1086059 1087206
1087375 1087523
1087875 1088113
1088292 1088546
1088707 1088928
1089036 1089166
1089253 1089406
1089978 1090221
1090585 1091269
1092269 1092757
1095024 1095219
1096362 1096638
1097529 1098725
1098829 1098982
1099134 1099295
1099872 1100006
1100423 1101777
1102436 1102970
1103358 1103594
1104928 1105174
1105449 1105619
1107500 1108007
1108181 1108366
1108549 1108666
1108975 1109306
1110439 1111346
1112339 1112477
1112712 1112766
1113362 1114117
1114281 1114375
1114502 1114654
1115486 1115643
1115939 1117869
1118208 1119233
1119386 1119503
1119646 1119903
1120008 1120097
1120477 1120640
1120867 1121059
1121165 1121731
1122227 1123144
1123786 1125445
1126100 1126657
1126928 1127139
1127512 1138247
1139610 1139807
1139930 1140061
1140217 1140373
1141262 1142431
1142551 1142718
1142841 1143058
1143146 1143325
1144121 1146711
1147560 1148511
1149031 1149276
1149888 1151600
1151817 1151936
1152639 1152828
1152923 1153092
1153231 1153334
1153505 1153652
1154741 1156787
1157016 1157143
1159568 1159845
1160643 1160817
1160942 1165487
1167212 1167294
1168262 1168718
1169012 1169162
1169394 1171599
1171778 1171956
1172166 1174699
1174778 1174997
1175397 1175555
1175714 1175865
1176192 1176849
1177303 1177483
1177584 1177756
1177880 1178072
1178659 1178908
1179122 1180324
1180480 1180643
1181166 1184057
1184467 1185478
1185586 1185775
1186102 1186279
1186397 1186959
1187258 1188072
1188212 1188271
1189236 1190118
1190552 1190774
1191177 1192017
1192130 1204120
1204554 1205832
1206099 1206328
1206781 1208070
1208222 1208447
1209261 1209427
1209834 1220675
1221872 1222069
1222259 1225427
1225724 1227559
1227755 1228457
1228604 1230263
1230919 1232142
1232329 1232460
1232861 1233406
1233541 1233667
1233841 1234022
1234230 1236802
1237014 1237492
1238798 1240087
1240890 1242277
1242383 1242827
1242931 1243084
1243235 1243399
1243719 1245265
1245448 1246691
1246790 1248256
1248385 1248516
1249873 1250071
1250283 1250684
1251056 1252056
1252696 1257092
1257873 1261276
1261401 1261544
1261689 1261883
1261956 1262139
1262253 1263753
1263880 1264304
1264431 1264581
1264740 1267713
1269365 1269640
1270038 1270272
1270628 1271068
1271198 1271685
1272061 1272261
1272340 1272606
1272867 1275679
1275784 1276010
1276080 1276332
1276551 1279709
1280130 1280240
1280489 1280587
1280713 1280892
1281127 1281302
1281401 1283309
1283536 1283746
1283824 1284023
1284122 1284884
1285874 1286091
1286271 1286467
1287143 1290900
1291835 1291892
1293367 1294169
1296163 1296351
1296527 1296687
1296929 1297364
1298134 1298987
1300071 1300283
1301224 1301352
1302071 1302209
1302315 1302497
1302690 1302769
1303760 1304593
1304804 1304935
1306987 1307196
1309571 1309758
1310039 1310292
1310833 1311955
1312307 1312436
1316188 1316533
1316748 1316986
1317550 1317762
1317891 1318067
1318223 1320005
1320292 1320484
1320759 1320883
1321005 1321196
1321372 1321538
1321758 1321814
1322370 1322574
1323386 1323516
1323741 1323827
1323948 1324131
1324822 1324991
1326370 1327443
Bacteroides_sp_1_1_6_gi_384096987_ref_NZ_
1 1171
1348 1545
1931 2062
2416 2745
3351 4349
4498 4706
6063 7190
7764 8500
9639 11177
11277 11488
11588 11827
12037 13232
14215 15054
15468 15631
16676 16951
17118 17322
17650 18774
18973 19102
19310 19484
19945 20081
20688 20884
21020 21935
22126 22356
22713 23323
23470 23687
23776 23986
24106 25924
26311 27231
27379 27507
27672 27859
28519 28714
28868 29021
29350 29565
29700 29863
30070 33931
34041 34502
34905 35055
35642 36115
36382 36541
36935 37620
38624 38780
39210 42933
43078 43314
43505 43628
43827 43946
44346 44540
44994 45192
45260 45790
46131 46310
47058 47123
48072 48803
49651 49862
50250 51113
51704 59370
60295 60505
60714 62880
63052 63275
63612 66382
67228 68819
69291 69513
69966 70135
70314 70970
71575 72949
73260 76507
76620 76782
77047 84848
85318 85872
87922 88296
89056 89278
89344 89501
90869 91820
91929 92109
92420 92560
92804 93359
93468 93816
94980 95122
95519 95677
95770 96625
97005 97222
97388 97630
97727 97953
98220 98666
99435 99673
100012 100884
100985 101156
101345 101617
101817 102695
102781 103038
103928 110424
110996 112456
112733 112912
112982 113128
113285 113952
114179 114491
114661 114877
115566 115786
115934 120130
120945 123223
123670 123805
123923 124056
124719 124935
125106 125332
125623 125781
126284 126655
126926 127118
127631 127787
127960 128028
128713 131540
131878 132479
132972 133656
133756 133904
134131 135094
135302 141495
141959 148303
148504 148655
148797 148945
149141 150055
150192 150738
150948 151143
151396 151527
151645 155947
156177 156300
156526 156686
156986 157457
157783 160182
160356 160498
161307 161452
161591 161797
161893 162045
162563 162632
163214 164251
166007 166131
166882 166940
168823 173554
173785 174027
174367 177332
177429 177583
179415 180282
180498 182778
183290 183488
183630 188337
188719 188965
189759 189909
190080 190260
191843 192159
193366 193561
194152 194387
195046 197937
198073 198240
198582 198711
198985 200802
201158 201358
201491 201699
203120 205020
205220 205355
205521 205652
205754 205945
206047 206278
206524 208300
208498 208621
208936 208998
209228 209363
209469 209958
210225 226636
226853 227094
227360 227525
227675 228026
229056 232690
233532 233760
233919 234076
234197 235974
236351 236527
236710 236854
237627 237854
238136 238264
239109 239475
239993 240199
240553 240731
240833 242740
243364 243486
243728 245363
245539 245654
245958 246124
246323 250198
250502 250613
250941 251125
252246 252832
253558 254940
255371 255496
255781 255914
256316 256468
256927 257084
257252 257461
257576 257731
257857 261075
261975 265235
265948 266070
266403 267110
267303 269844
270010 270146
270839 271009
271498 271727
271903 272068
273254 274248
274494 274688
274855 275904
276551 277309
277573 278557
278754 279242
279785 300242
300618 300816
301069 301980
302295 304601
304756 304931
305134 305290
305446 305563
305806 306115
306331 306844
307040 307269
308278 309162
310018 310067
310275 310432
310817 311190
311823 312068
312219 312387
313138 313466
314871 315166
315331 315564
317168 317349
317535 321380
321491 321693
322145 327305
327414 327664
327790 327986
328451 328622
328929 329148
329637 332381
332507 332916
333171 333389
333514 333676
333919 334100
334226 334444
334611 340241
340810 341021
341110 341289
341423 342562
342760 342893
343131 343284
343440 343637
343881 344164
344313 344534
344628 344768
344921 345649
346243 346376
346578 347128
347755 348038
348261 348605
348687 348891
349009 349067
349695 349929
350037 350152
350296 350477
351158 355234
356930 357175
357634 357844
359382 359449
359762 359895
360116 361777
362022 362235
362466 362621
362859 363010
363608 365205
365447 365568
365872 366099
366465 366642
367089 367310
368049 369527
369763 369997
370213 370397
370848 371384
371538 371728
372152 372993
373105 373318
373695 373883
374008 374898
375198 375375
375819 380681
380834 380956
381607 381792
381929 383522
383680 383843
384475 384965
385031 385297
385432 385668
385908 386113
386305 386677
386786 386918
387186 387348
387535 388220
388330 390165
390336 390491
390836 391585
391905 392080
394607 394780
395037 395666
396411 398814
399109 399164
399254 399313
399816 401310
401429 401963
402059 405207
405449 405702
405972 407480
408155 408204
408384 408506
409117 409524
409654 409833
410260 410320
411028 414832
415353 417416
419128 419214
419410 419600
420020 420451
421099 421323
421828 421973
422852 423969
424216 424426
424803 426872
Bacteroides_sp_1_1_6_gi_384096977_ref_NZ_
1 3314
4051 4360
4797 4976
6435 6750
9135 10262
11440 11579
12117 12220
12467 13910
13979 14179
14405 14542
14806 14961
15115 15335
15420 16295
17223 19008
19083 66098
66325 71992
72254 72441
72806 72974
73112 76630
77166 77715
77845 77998
78202 78436
78566 79591
79720 79914
80620 80815
80924 81065
81214 81346
81466 81658
81747 81908
82416 82543
82818 83048
83274 83414
83538 83590
83687 83852
84196 84420
84754 84943
85087 85577
86381 87292
87400 87615
87848 87972
88072 88856
89106 89336
89550 90136
91131 91260
91430 91662
92093 92364
92612 92763
93400 93528
94194 98324
98532 98706
98785 99038
99200 99393
99712 100784
100890 101010
101507 105906
106603 106729
106851 109845
110175 110391
110833 110905
112254 112303
112511 112646
112748 112916
113242 113447
113649 114101
114611 114743
114894 115203
115343 115521
115615 115925
116309 116952
117910 118123
118624 118870
119017 119218
119429 119552
119712 119835
119995 125034
125233 125386
126041 126094
126313 126479
126721 127828
127949 128079
128226 128451
128831 129012
129121 129303
129903 131491
131757 131891
132141 133347
133885 134104
134352 134894
135703 139537
139872 140019
140195 140507
140764 140917
141020 141212
141439 142957
143786 144212
144776 144918
145029 146472
146857 146980
148558 148936
150011 151070
151799 152023
152580 152660
153399 153986
154353 154850
155219 155405
155628 155861
156217 156267
156606 157311
157389 157671
157755 157911
158773 159313
159780 163006
163366 168696
169326 169470
169722 170302
171192 175307
175536 175767
175914 176110
176325 177498
Bacteroides_sp_1_1_6_gi_384096981_ref_NZ_
1 1661
2814 4138
Bacteroides_sp_1_1_6_gi_384096973_ref_NZ_
1 532
886 1096
2035 2154
2654 2793
2974 3231
3328 3525
3828 4008
4567 4787
5503 5741
5851 6043
6363 6443
6582 6779
6900 7131
7267 7535
7744 9443
10370 10595
11508 11564
11942 12549
13456 16929
17544 19574
20471 20660
20931 21070
21636 21896
22107 22339
23262 23801
23974 24262
24782 24952
25120 25685
26608 26749
27049 29552
29677 29853
30052 30444
30593 30732
30905 31046
31772 32987
33069 33257
33452 33873
33999 34211
34321 35650
35736 36213
36444 37979
38101 38286
38651 39252
39983 41393
42710 42840
43108 43777
43915 44130
45017 45233
46364 51820
55823 56068
56224 56407
56877 57152
57869 58285
58795 58957
59085 65176
65594 65830
66753 66918
67207 68111
68427 68559
68942 69010
69802 69925
70511 71584
71747 71877
73464 74227
74802 74975
75327 75408
77369 77977
78109 78302
78564 78740
78864 79006
79676 80706
82534 82673
82946 83125
83221 84633
84992 85224
86477 87407
88287 88435
88569 88758
88966 89137
89338 98979
99404 99634
99915 105443
105579 105760
106384 106632
106760 106942
107172 107514
109854 110007
110881 111447
111715 111941
112099 114112
114283 114417
114751 115242
116034 116244
116449 117423
117634 117857
118378 119156
120235 120481
120598 120830
121602 121783
121852 122157
122302 122967
123324 123510
124136 124638
124795 124970
125449 126185
126413 127298
127522 128427
128577 128798
128881 129123
129212 129489
130839 131138
131258 131486
131695 131899
132018 132172
132338 132786
133000 133358
133564 135183
135287 135529
135780 135908
136242 137590
138591 138950
139275 139431
140088 140319
140487 145523
145685 145825
146164 147614
148253 150693
150953 151076
151335 151802
152053 152202
152796 153540
153731 153875
154173 154323
154468 175113
175282 175476
176140 176278
176441 176629
176762 178358
178701 178824
179333 179397
179496 179721
179976 180103
180178 180438
180779 181079
181512 181582
181959 182218
183294 183525
183789 184249
184572 184735
184895 185041
186221 186446
186804 187018
188891 189063
189539 193564
194734 194974
195141 195323
195561 197572
198717 199066
199176 199376
199573 199729
199970 203682
204797 205626
206305 208617
209211 209960
211396 217072
217320 217518
217598 217768
217888 218466
218691 218873
219118 219315
219469 221648
221801 223816
224321 224447
224561 224729
225109 225246
225424 226800
227074 227214
228052 230247
230636 230849
231556 232149
233279 233396
233663 235786
