Bacteroides_sp_1_1_6_gi_384096979_ref_NZ_
1 15469
17028 30953
Bacteroides_sp_1_1_6_gi_384096978_ref_NZ_
1 37283
Bacteroides_sp_1_1_6_gi_384096983_ref_NZ_
1 1990
3672 3892
7049 9344
9682 10457
11326 11784
12335 14131
15896 16212
19487 19686
21240 22128
25089 50543
54268 54393
55374 72545
73968 74075
75127 75593
76297 78226
79217 79606
80325 83116
84330 84583
85463 88003
93466 94946
95536 97612
98681 101687
107506 107943
109563 109734
111636 111754
123211 123335
127923 129537
132427 132495
133007 137279
137888 138321
144189 146060
146184 147833
148772 151108
152144 152647
153655 154081
155164 155974
157162 158016
161018 161899
163094 163268
163931 164749
166223 185655
185931 231727
232354 235673
237299 237891
238421 239492
240091 241344
245595 245751
248900 249007
249456 252712
254335 255472
256028 256472
256986 258252
259262 259377
259545 259690
262099 263153
263829 263928
264944 269311
269432 272073
275530 276158
277014 277068
281227 281932
284840 285419
287604 288074
288637 290653
291652 291876
293145 293504
294858 295538
296687 297028
300138 301410
302747 304538
304752 304964
306475 307299
311613 314965
316205 366181
366767 378374
379004 387108
387796 459763
461634 463286
463787 464470
464999 465661
466215 468831
469644 470521
481161 481294
482100 482252
497394 497912
498809 501955
502696 503458
504011 504198
505040 506524
507199 509302
515009 515611
516751 518960
519831 538978
Bacteroides_sp_1_1_6_gi_384096974_ref_NZ_
1 594
1952 2147
3139 3415
4026 8879
13391 16154
18640 24309
24486 24702
25445 26163
26849 32160
32503 32691
33354 40351
41198 65266
66532 66735
72138 72793
90893 91083
91931 92016
97812 97918
103289 105491
109289 109386
111862 112671
114708 115093
115803 116025
117186 117528
119136 125384
126290 128656
129210 129391
130580 130941
132584 132651
139881 140891
143754 152458
153154 155030
157703 158086
164089 166391
170191 171207
171765 171923
173710 174339
210385 215681
220032 220416
221589 221860
223597 223705
224225 224357
225582 227698
230217 235667
249934 250172
255387 255512
265457 267396
268250 269083
274462 276492
279897 280019
281707 287495
287774 287858
288078 327764
328698 330132
330818 336080
340634 340809
343447 343586
353840 353917
363505 364912
365558 371285
372118 372371
373102 373265
373931 375052
390305 392374
397580 399839
400682 400938
402959 406467
424714 425118
427850 430077
437192 443605
451443 461837
474662 474779
479994 480086
482498 483868
487167 489138
492028 492590
493563 493803
495689 500130
502616 502727
505156 505448
518111 518198
530498 533141
533643 534194
534566 534791
535889 535988
540293 540446
541756 542401
542891 543317
547941 549760
562628 562901
563846 569975
577819 578020
582489 582580
585404 585513
587760 587914
588630 588716
594077 594359
595277 595759
597480 597560
601605 601685
607755 610052
610849 611081
613376 613894
614718 615757
619276 619420
619657 620879
621794 621890
622760 622834
623063 623160
624334 625115
638554 638815
641544 641750
643276 643618
662261 662323
663712 663789
668779 669171
671691 673586
674445 676354
677590 679229
679842 681911
689289 689765
690862 692945
693114 693683
694223 694746
694956 695124
697881 698036
699130 699954
700170 724039
731887 731995
734558 734762
735334 735654
740195 740939
748851 749164
758070 758959
759540 761991
762656 765608
766741 766792
768551 771577
773366 773429
782296 782472
783246 784893
785826 785894
787633 789773
790562 804990
806021 806243
809056 813658
815273 815839
819555 820012
823271 823368
825446 834396
835055 835208
840954 848195
854039 858759
863786 864216
869809 869911
870975 871120
876915 883423
886878 889163
896368 930308
933103 934129
934834 935921
936592 937973
943807 946595
951341 951446
960323 968561
968724 969867
972258 978382
986611 994071
996032 997220
999010 999193
1000038 1001577
1001743 1015211
1015406 1026480
1033564 1040753
1043206 1043459
1045937 1046065
1048022 1048810
1049187 1050334
1054766 1054948
1055258 1057148
1058161 1058364
1059150 1059287
1060075 1062596
1063100 1063430
1064524 1064852
1071572 1130243
1130371 1130651
1131365 1132109
1132335 1133390
1134043 1136892
1139329 1140094
1141996 1142123
1146057 1146281
1146929 1147343
1149195 1149298
1150844 1164059
1167562 1169549
1200769 1201016
Bacteroides_sp_1_1_6_gi_384096985_ref_NZ_
1 24611
24861 24960
25232 43369
49304 60068
65750 66488
67019 71620
72532 74133
74438 74591
76273 76535
80730 81214
81915 81987
83656 83746
84268 86642
91392 92092
95242 95335
96272 102561
104225 104319
105601 106825
107116 107222
107482 108072
108996 109138
109676 111854
113030 113978
119626 119739
121268 121379
128021 128372
132882 133050
135716 143013
145555 145612
148579 149353
149491 149602
150093 150255
150534 150672
151192 151320
153680 154024
154740 160106
160756 161608
163188 163339
164423 166533
182862 182921
186376 187669
202931 203062
209781 212285
212597 217760
222629 225981
227064 228397
228901 229284
230171 230728
231380 231675
233168 234565
235847 242355
243192 265862
266571 283638
284186 287383
291431 292728
297425 303419
308848 308943
312347 317689
320813 320944
322630 322854
323533 323839
326693 326827
327351 330283
331924 332111
333805 335657
336546 339254
347472 347728
348552 348662
357021 359260
360440 361996
362498 363083
363735 363886
364890 388224
431160 438619
439365 439499
439594 442888
447213 447489
Bacteroides_sp_1_1_6_gi_384096976_ref_NZ_
1 696
1030 3298
3564 6521
7539 8273
9346 9465
9841 13259
13775 19895
23959 26036
27319 27518
38342 44026
44976 46705
57482 57541
63372 63563
65113 67012
73725 73890
75312 78094
93006 95383
100796 103933
106124 108797
110659 116432
117242 117637
118565 120041
124999 126425
128375 132133
132568 135926
140338 142779
142885 146014
146849 150424
150968 153825
156130 158491
160369 164698
165373 165776
167340 173042
174070 174183
174717 178725
178939 179164
184583 184708
188228 188923
192981 193086
197564 197910
202812 202927
204478 204552
209194 234642
235070 235453
236995 238848
240410 243262
Bacteroides_sp_1_1_6_gi_384096980_ref_NZ_
1 1110
3575 4456
4990 7718
9821 13394
13990 20086
20798 22641
23884 24409
25289 30453
30977 33252
34046 34261
36332 36621
37276 37595
37922 38022
38441 38703
39218 39525
40140 40542
40908 41927
42213 42342
42566 43547
45345 45549
46824 47763
48208 48434
49159 50425
51397 52580
53230 54229
54755 54848
55544 56944
57694 63996
74877 74977
78476 79985
84822 85116
85625 87454
88505 89026
91220 91396
93437 94318
98370 118013
123650 129685
133599 137725
138172 145094
146330 151057
151651 152030
153363 155302
156128 158645
162641 194791
196339 196521
202744 204218
206436 232200
235105 250709
252833 264888
268373 268916
271786 280733
291110 294801
297450 297709
298767 305819
309153 310609
311394 311681
312990 314090
315263 316903
317622 319012
319945 323771
324677 329615
330215 330396
334092 336729
337352 351463
352763 360583
362360 363152
372272 372743
373124 374983
390519 391519
392815 396904
398062 401111
401988 408061
408764 410118
410751 411737
412850 418404
419389 432747
435347 435848
436566 453921
454105 482228
483677 488456
500172 524175
532706 534483
535097 544278
545398 548085
555070 557335
561034 572001
Bacteroides_sp_1_1_6_gi_384096984_ref_NZ_
1 1346
2053 3369
4099 4401
5604 7616
8136 11940
12271 12416
13540 13694
14368 15535
16579 17139
17302 20846
Bacteroides_sp_1_1_6_gi_384096982_ref_NZ_
1 283
1170 3768
6126 6598
17353 17492
21697 32497
32585 36173
37511 40893
43939 45587
48255 50176
53003 62083
62973 64143
64460 64553
74107 78527
79629 79746
83293 85915
91620 93515
94755 94922
98372 98633
100888 100963
106658 107484
109352 116465
117459 117854
120402 120869
124025 124278
125476 125851
126402 126919
128520 129174
129572 131604
133939 134157
138051 138296
139717 140970
142433 143037
146898 147083
148856 156880
158693 159771
162891 163256
164190 165557
166591 168430
172335 174122
175556 177534
180028 181902
186712 188354
193272 193597
194161 197852
198638 198715
199835 204510
211684 213923
220467 222782
224995 225693
226690 227289
228139 228748
229083 229631
231668 242006
242730 246766
247463 253972
256083 270440
275456 277436
278444 278536
282874 287245
288608 293845
296373 298518
300388 300528
301531 310307
312328 314004
315425 315980
317216 317802
327308 327462
333045 338400
342032 344005
346633 346721
351338 351863
351966 354350
355577 355676
356694 359543
365341 365793
366570 366684
367123 371062
372537 372896
386318 386853
387003 387413
388245 389235
392600 396648
400759 400909
405018 405487
407160 407243
409546 412051
414221 414380
415010 415655
418369 419680
424543 424735
428635 433275
435301 435408
436525 436762
439225 439274
445560 446285
447184 448897
451550 451749
452740 453209
454112 456038
460168 462688
463384 466262
469065 472295
473524 476772
482349 488524
489660 491753
498547 499022
506610 507289
507911 510438
510517 510638
511157 515101
515611 515753
516078 517254
518115 521421
521799 521903
522109 522476
522890 523619
530334 530867
531591 532954
533244 533336
534240 534418
535745 536096
536825 538299
538402 545374
545801 546806
547652 562715
566278 568945
580384 580670
589071 598089
599525 601170
602061 602367
607816 608154
612455 613370
614056 614485
619434 619581
620637 625750
627028 627321
630527 630801
631793 633399
635471 635993
639392 645028
648350 648796
651194 651691
653847 654084
655047 655180
657089 657352
660220 660502
662643 663923
669449 672317
673888 674237
677832 685628
686941 687081
688104 690576
691807 692076
692518 692702
693377 693796
694253 761358
764117 765215
767071 768139
769509 769919
770755 772690
772993 775137
779816 779933
780154 788265
789337 790162
793058 795323
796084 796837
799012 799720
801231 801324
803145 822266
822470 823278
834455 835375
839614 841551
841975 842112
842337 843059
843809 844926
845944 846303
848125 848420
850459 850585
850655 850763
854506 854596
855340 861581
861705 863447
863567 865106
865376 865456
865847 866307
867476 867919
868442 872575
875189 876115
877134 877823
879657 883186
884683 888321
888894 890935
896414 897191
897727 898060
899703 902490
908690 910872
916430 917052
917804 925118
927486 954533
955400 957727
958338 959012
959344 959467
969308 969452
972991 973079
977337 977426
978376 978630
986091 987547
988111 989501
991472 992090
992826 993136
994085 994180
996635 998069
1000102 1001210
1001514 1002709
1003251 1003947
1005396 1005676
1007089 1007314
1011791 1012248
1018579 1021432
1023907 1029777
1031856 1032856
1033741 1036005
1037880 1040962
1042387 1043101
1046894 1050402
1051501 1054209
1056590 1056722
1072334 1072457
1075486 1075729
1079414 1079510
1086763 1087621
1089714 1089957
1092142 1093079
1109324 1109484
1112605 1116096
1116663 1116961
1122652 1123122
1124170 1124740
1125511 1134781
1135813 1135917
1136126 1137086
1140986 1141160
1145616 1146031
1147861 1147966
1150510 1151795
1153167 1153301
1156392 1156471
1158554 1163807
1165620 1167128
1167763 1170192
1171277 1172393
1173004 1193443
1201712 1202583
1205473 1205534
1206871 1221565
Bacteroides_sp_1_1_6_gi_384096975_ref_NZ_
1 4619
5284 5380
14702 22095
26821 26951
28234 32690
33628 33820
34349 34904
35707 45723
47883 48173
48641 48756
49870 50288
52022 52673
53377 56936
57652 57703
65444 75128
76004 76371
78967 79664
81732 81927
89622 91521
98581 98756
100345 113785
115791 121894
122377 127516
128846 129855
133636 133863
135149 138765
139347 141817
146926 148091
148889 162128
165632 166394
167002 167169
170351 170450
171087 171183
171620 171908
174531 174651
175416 175604
180037 181564
184544 186647
189663 190842
195734 196067
200023 200709
201525 205957
209795 210982
212888 217877
218900 219072
221464 222032
225337 225503
228594 239688
242009 255264
259022 259272
259870 264224
265915 275605
Bacteroides_sp_1_1_6_gi_384096986_ref_NZ_
1 875
7939 8238
12335 12517
13276 14028
14592 15019
16080 16676
18129 20857
21610 22119
22860 23603
28016 29315
31252 40757
42544 42770
44932 57489
62461 62556
71540 71651
78132 78755
81189 81379
88285 88689
89622 93881
109076 109421
109922 114393
115759 116089
120129 120393
126473 126687
129945 130395
138562 139666
142957 144210
155773 156902
161644 162151
170403 170572
177736 178052
187238 187698
189003 189738
193442 193523
194400 196192
208538 208653
209605 213716
214375 214479
216145 216509
217112 218562
220599 225781
231892 232999
234112 234254
236446 236714
237870 237987
239308 240259
250473 250636
253443 253540
254929 255193
258734 286086
307507 308495
309341 354277
354804 357603
360977 361101
362032 363850
364694 366291
368504 368689
369929 373550
376918 377253
378718 381202
385762 388266
393111 417306
417872 418257
418765 419502
421504 421928
423815 424052
425558 425658
426740 427095
428888 429327
431259 431402
435897 436658
455665 455869
457594 464564
466139 466833
467601 467739
468671 468758
470013 470497
471065 472301
473841 474608
475609 475713
476586 481010
481515 481876
482227 482278
483767 484834
486705 489181
490851 491292
492334 493991
496213 497079
498579 500405
501163 501261
501916 504193
505873 505961
507174 507851
508414 509550
510474 511561
512218 512502
512725 512845
513070 515000
516927 519758
520423 520624
520850 520929
521137 521559
522077 522789
523600 525960
526241 532075
536739 536842
538098 538700
540077 540513
540727 540862
542546 542692
544201 547463
549015 571766
578525 578619
580411 580467
584509 584786
593415 617863
637054 643105
644918 645049
646622 646837
652342 652657
654122 654247
662822 671799
678722 679434
681070 681182
683087 683527
685593 685644
689467 689624
689876 690839
693837 694164
695054 696795
697482 697615
699070 700122
702588 704843
706988 707109
710236 711318
713740 714208
714737 715951
716569 717793
718342 720900
722563 722723
723058 726542
729585 729694
732526 733488
733715 733792
734865 734962
742797 743240
746715 747679
750961 752922
766839 783574
787242 789093
789662 789858
790069 790170
798953 799130
799927 800803
802074 806408
806965 808494
811019 811155
816889 817001
823392 825086
825749 828903
833338 833396
835096 835656
836228 839133
839553 839610
840198 840937
841509 842510
844681 846442
847440 847980
850704 850844
858732 861141
862208 862269
867643 870172
871530 874814
875371 875474
875769 875848
879194 879327
882482 882654
883013 883064
887463 888124
891079 892906
896331 898079
898879 899850
901941 902258
903520 903978
906907 907853
923867 924674
933379 934242
934750 935338
936043 936383
937668 937884
938072 944242
945030 945529
946029 947822
949619 949786
952523 952829
955361 955560
956763 960695
963333 965832
967615 975449
992039 992308
996038 996322
999309 1024220
1025221 1025362
1043305 1044087
1047686 1049221
1056709 1059522
1060863 1062742
1063816 1072090
1073488 1075895
1084579 1084674
1086100 1086453
1088529 1089345
1090026 1090125
1100746 1100851
1101608 1101776
1103340 1103555
1107795 1107888
1113943 1114256
1115397 1115530
1117486 1119984
1129646 1137955
1140257 1140364
1150549 1150885
1168729 1168982
1174616 1174739
1177889 1177996
1183637 1184803
1186743 1186898
1187327 1187954
1189509 1189734
1191428 1191597
1192130 1193093
1193802 1195847
1197332 1199182
1199745 1199830
1200062 1203771
1205167 1206120
1207043 1207128
1208275 1208357
1212839 1215660
1216469 1220601
1222368 1222683
1223231 1225375
1226607 1227225
1231544 1234859
1235069 1235164
1235788 1237424
1239217 1239825
1242196 1244747
1250937 1251307
1252696 1256898
1258203 1258784
1259286 1259607
1260038 1261813
1262732 1262912
1263740 1264212
1264835 1266945
1274202 1274576
1275236 1275423
1281939 1287442
1302213 1311593
1322421 1327443
Bacteroides_sp_1_1_6_gi_384096987_ref_NZ_
1 250
11445 11574
12370 12937
17278 17584
17867 17993
19312 25282
26472 26851
28878 28994
32489 34464
35853 39226
41301 41630
42435 44003
48315 54761
60197 61118
62083 62328
64526 66140
70378 70761
71983 84755
90711 93272
97093 98488
100394 101041
103949 104387
106031 107177
107706 107886
108947 109140
114179 114661
118441 118772
121261 121383
124827 124899
129945 130395
134154 134245
139326 139428
139667 139792
141958 142102
145260 147640
148835 149014
150614 151666
154073 155064
158338 159029
168891 172161
175380 186606
187046 187156
195904 197029
197809 198200
199734 199894
201223 201483
203581 203907
205982 210995
213342 217073
217608 226204
227695 227801
229060 230258
230771 230822
237710 238075
240789 241952
245112 245259
263193 263594
269828 270050
274179 297111
297783 297907
298697 300040
301488 301628
305482 305575
305794 305905
319403 320460
326477 326570
328950 331739
338377 338821
341015 345363
347698 348130
352075 354236
360212 360334
361545 361713
362311 362542
365911 368843
372419 373105
374009 374283
376156 376250
376904 380736
382904 383199
386045 386140
386414 387117
387994 388351
395504 395606
397075 402993
408384 425800
425939 426872
Bacteroides_sp_1_1_6_gi_384096977_ref_NZ_
1 219
705 1705
16246 19865
19988 66098
66566 71209
71593 71988
72844 73421
73974 77439
78256 81298
84653 85797
95994 96830
98317 99482
100299 100891
101817 103628
112359 112518
114909 115539
116351 116889
119997 120456
121509 121661
123790 124462
126321 126443
126650 128426
130321 141177
143998 146447
150841 150896
160476 168669
175179 176412
Bacteroides_sp_1_1_6_gi_384096981_ref_NZ_
Bacteroides_sp_1_1_6_gi_384096973_ref_NZ_
1 2317
3287 6550
7145 10514
14684 15840
18178 18811
21920 22342
23567 24926
27488 29888
31796 34824
37290 37953
43588 43918
45048 45189
67470 67544
83308 83738
90512 90654
91200 93267
93504 94016
94512 95273
95784 97713
98442 98530
101039 101673
102623 103395
112950 113022
121924 127255
127759 131105
132443 134110
135298 136631
139322 139596
140436 140612
142118 144797
152823 153093
154500 155053
155358 168168
170378 172130
173060 176165
192328 197116
198832 198977
202679 206452
207786 207973
209774 209951
217472 217982
219158 219597
221664 223507
229430 229597
234840 235786
