Lachnospiraceae_bacterium_2_1_46FAA_gi_514340182_ref_NZ_
82201 82254
84281 84334
85637 85770
92946 95640
127702 128440
140613 144877
200541 201931
231325 231420
231850 232827
272350 273021
326758 326997
411672 412732
414072 414359
415313 415410
417226 417703
418197 418588
485665 486358
496325 498876
615316 615666
637300 638552
648401 649870
697271 697327
783837 785001
841079 841678
934803 934853
955751 956893
1096108 1096158
1193059 1193113
1208854 1210135
1235642 1237332
1255776 1255992
1269258 1270402
1325232 1326400
1344531 1344764
1375288 1375360
1409585 1409635
1412517 1412566
1423890 1424431
1453611 1453709
1510857 1512351
1514654 1516329
1559135 1559295
1594341 1598376
1620927 1622454
1622733 1624383
1641766 1641880
1674641 1677118
1677641 1679592
1680335 1682048
1725572 1725826
1733972 1734118
1769722 1769794
1793907 1793956
1802995 1804584
1814182 1814237
1846409 1846482
1860139 1860320
1991743 1991833
2001429 2001571
2100141 2100237
