Lachnospiraceae_bacterium_2_1_46FAA_gi_514340182_ref_NZ_
1 334
1024 1892
2633 2744
3980 4032
5265 5411
5961 6627
7497 7714
8414 9320
10071 10418
11271 12216
15376 15446
16698 16763
21129 22114
22635 24451
25866 26191
29549 30280
32044 32988
34777 34869
35658 35956
36656 37044
39290 39542
41392 43116
43775 44033
45573 46876
48193 48946
50744 51907
53685 54005
54633 54785
55720 56152
57334 58558
59156 59932
60913 63133
63914 64181
65227 65373
67013 67342
68550 69314
70459 71572
72629 73440
74872 75207
78393 78803
80585 80659
81175 82377
82893 84427
85571 87993
91065 91145
92491 96339
96842 97017
97599 99307
102161 103452
104186 104446
107692 108150
108762 109876
111914 112396
112928 114412
116377 118041
118677 119147
119787 120128
121409 123108
123831 124000
125714 126088
127728 128383
128885 128984
130114 131168
134702 137521
138434 139084
140595 140723
141721 143866
145051 145124
145990 146376
146993 147814
148398 148941
149647 149829
150458 150994
151515 151980
152867 153291
154621 155220
155891 155964
156596 157307
158636 159008
159655 160137
160783 161947
163944 164085
164894 168761
169274 171029
172353 172741
173987 174448
175917 176617
178412 179210
182265 182641
183323 183900
184998 185781
186968 187603
188234 188685
189363 190637
193189 193341
195866 196410
198173 199062
202009 203119
203778 206309
208428 208572
209306 209553
210198 210480
212758 212826
213743 214087
214604 214819
216259 216725
219787 220180
221499 221780
222904 226430
227628 227826
228786 229242
230833 233775
234556 235286
235929 236104
237297 237385
238087 238344
239444 241846
242755 242997
243701 244184
245479 246063
248832 248992
250213 250377
251523 252128
253124 253720
254378 254662
255786 256407
260826 261317
264933 265257
266007 267200
267833 268337
269659 270589
272347 273787
277109 277430
278717 278990
279574 279668
282244 283484
284106 284305
286582 286898
287756 287857
288515 290123
291993 292566
293075 293462
294007 294086
295519 295804
298538 299241
300633 300827
301984 302154
304331 304889
305703 305756
307118 308737
310065 310165
312868 313050
313915 314350
315361 315552
319752 319808
321162 321591
322688 323566
324964 325697
326419 326866
330016 331935
332939 334904
336602 337057
337599 337802
339373 339809
341775 342066
342793 343578
344806 345464
345985 348943
352052 354240
355558 355615
356175 357504
358381 359017
360843 360922
361467 361585
365161 365875
367084 369594
370472 370844
371780 371932
374597 374734
375779 375988
379245 379381
381665 381996
382605 383815
384335 384834
386059 386847
389138 390498
391359 391876
392613 392994
394761 395081
395821 395892
397086 397999
398825 400338
402719 404243
405092 405356
406533 407578
411270 414554
415294 417236
418106 418767
419418 420009
420603 421382
422050 422198
424869 425727
426585 426823
429133 429379
430052 430265
431326 432663
434779 435111
436301 437152
439095 439424
442704 443074
443820 444020
444725 445143
445704 446068
446692 447537
449373 449729
450426 452646
453363 454729
455451 455529
456285 457241
459566 460772
461912 462967
463544 465959
468136 468773
471561 471749
472897 473153
474758 475554
476394 476660
477377 477611
478190 479038
480624 480846
485260 485759
486481 486560
487109 487322
487907 487966
488621 488819
489551 489751
491252 492567
493978 494114
495157 499288
501944 502100
502617 504008
504609 505607
507637 507943
508535 509050
509576 510528
511553 511780
512356 513169
514510 514773
516115 516485
518025 518254
521159 521248
523474 523760
524536 525501
526113 526291
527099 527563
530142 531142
531839 533764
534414 534599
536044 536111
536650 537178
537962 538297
540090 542071
543404 544663
545883 546751
547393 548375
552263 552988
554933 555563
556989 557342
558808 558896
564642 565007
565869 566601
567112 568043
569184 569289
571121 571466
572699 572784
573571 574858
575514 576026
576545 576659
577258 577366
578483 578938
579542 579652
581953 582806
583486 584484
585676 586950
587884 588223
590730 591622
592201 593758
595857 596017
597988 598416
600027 600186
600749 602278
605409 606502
607854 608099
609742 610670
611287 611624
612443 612868
614497 615801
616528 616651
617544 617885
619651 619866
621264 621962
623456 623785
626285 626682
627344 627961
628681 629237
633537 634022
635703 635892
637224 639388
640876 641795
642476 642674
643241 643487
644422 645038
645638 645858
646680 646739
647410 647618
648471 649951
653087 653192
654526 655005
655770 656469
657820 658161
660220 660293
662475 662795
663581 663697
664519 665412
666996 667262
668092 668630
669366 669587
670731 671029
671927 672956
673781 675399
676524 677395
678107 678284
679770 681459
682079 682628
686536 686954
688059 688518
689446 689498
690351 690769
691534 691764
693591 694481
695527 695593
697270 697516
698230 698838
699940 700500
701636 701766
704656 705607
708429 709839
710527 711687
720572 722910
723562 725386
727271 727558
728265 729260
730181 730272
731831 731968
732832 733020
733693 733772
734505 734853
735713 736199
737558 737716
740749 740890
742814 743029
746570 746681
747327 749542
750050 751836
756551 758140
758750 759249
759812 762014
764277 765101
765988 766104
766747 767760
769449 769607
770990 771785
772380 774065
774732 774782
775573 775661
777095 777451
778011 779484
780014 781950
782766 782930
783558 785066
785644 785783
787550 787850
789313 790666
794030 794447
795709 796349
798179 799037
799747 800052
800642 801332
801950 802310
802875 804730
807060 807640
809338 809454
810347 810639
811593 812568
814068 814377
815793 816069
817159 817604
818114 818465
819178 819945
820691 821451
822737 823040
823815 824087
825366 825776
826593 827120
828698 828951
829630 830812
831487 831879
833867 834384
835132 835301
835928 836179
836957 837336
839392 840979
842880 843307
843816 844866
846645 847865
848899 851074
852947 853024
854227 855011
855595 855802
857857 857948
860439 860821
864218 866131
867757 868002
868839 869924
870971 871045
871738 872807
873311 873382
875660 876153
876655 877757
880025 880144
881976 883216
883932 884240
885289 885460
886170 886463
887585 887782
888983 890765
892125 893574
894118 894384
895067 895448
897533 898700
899543 900764
901306 904099
906592 907097
907630 907949
909550 910849
912210 912337
913326 913975
914858 915313
918407 918654
920104 920304
921298 921715
922242 922814
923650 923890
925844 926244
928680 929022
930658 931086
932272 932401
932951 933186
933952 934842
935676 936612
938023 938270
939584 939871
941487 942649
945979 946753
949562 949787
950825 951256
951971 952513
953161 954563
955698 956938
959115 959480
960047 960384
962535 964283
967075 967466
969030 969127
970074 970283
971112 971781
972815 972900
973544 973837
974960 978130
980048 983987
984601 985541
986131 986908
988633 989214
989885 990152
990780 992616
993462 994342
996124 996932
997981 999825
1000887 1002250
1002871 1003931
1006342 1007838
1009129 1009292
1010433 1010572
1012222 1012646
1013355 1014538
1015892 1017269
1017907 1023789
1025279 1025412
1025981 1026889
1028406 1028748
1030203 1030280
1031602 1033091
1035816 1036604
1038788 1039353
1042490 1042552
1043116 1043237
1045350 1045927
1046495 1046551
1047367 1047700
1048923 1049239
1053526 1054791
1057705 1058593
1059226 1059470
1060078 1061585
1065349 1065913
1066494 1067312
1068349 1068559
1069571 1070042
1071984 1072342
1073040 1073138
1075067 1075180
1076387 1076439
1078184 1078609
1080156 1080940
1082423 1083094
1083623 1085703
1087341 1087488
1088606 1088818
1090515 1092751
1093939 1094643
1095437 1096947
1097452 1097724
1100245 1100556
1103059 1103850
1105948 1106289
1107643 1107823
1109737 1112035
1112764 1112910
1114646 1117247
1118834 1119158
1120367 1120689
1121714 1123320
1124554 1124807
1126260 1127710
1129548 1129623
1130232 1131425
1132002 1132811
1134688 1134878
1136546 1137189
1138117 1138890
1140716 1142125
1143420 1144109
1146234 1146765
1147746 1148253
1149102 1150491
1152259 1152379
1153752 1154758
1155331 1155826
1158145 1159320
1159884 1159953
1160867 1162156
1162961 1164623
1165213 1166194
1166826 1166924
1168290 1168472
1169177 1169447
1170097 1170198
1172505 1172582
1173140 1174058
1175302 1175822
1176685 1177337
1179772 1180701
1181688 1183242
1184337 1185417
1186112 1186266
1188313 1189059
1192619 1193902
1194529 1194606
1195838 1196176
1198977 1199475
1200324 1201002
1202997 1204079
1204653 1204801
1205470 1205907
1208027 1210561
1219321 1221077
1223006 1223187
1224613 1225068
1227963 1228527
1230031 1230580
1231509 1231966
1232725 1233115
1233758 1234785
1235637 1237388
1240013 1241232
1242161 1242643
1243335 1243677
1245947 1246170
1247426 1248073
1249735 1251839
1252719 1253150
1253780 1254761
1255318 1256712
1258049 1258813
1259733 1261063
1262074 1262374
1263946 1264626
1265976 1267180
1267921 1268283
1269182 1271545
1273562 1274132
1274892 1275465
1277165 1277616
1278826 1279122
1280578 1281297
1281922 1283277
1284041 1284244
1286210 1286391
1289309 1289510
1291259 1291648
1292360 1292572
1293174 1293559
1298573 1298724
1301131 1301993
1302732 1302847
1304191 1306198
1306699 1308603
1309826 1310941
1311623 1312011
1313077 1314089
1315706 1316654
1317532 1317586
1318296 1319370
1320598 1320697
1321584 1321771
1323617 1323853
1324604 1326529
1334711 1335033
1336083 1337651
1340317 1340648
1341561 1342642
1344475 1345111
1345855 1346018
1346944 1347705
1348409 1348613
1351732 1352326
1353200 1353401
1354847 1355945
1357621 1357882
1359071 1359574
1360561 1360632
1361187 1361544
1362150 1363001
1365734 1367617
1369067 1369124
1370202 1370448
1372319 1372674
1373292 1373485
1373993 1376728
1377276 1377918
1378613 1379846
1381852 1382152
1385340 1386099
1386699 1387856
1389420 1390201
1396619 1396843
1397709 1398154
1398948 1399230
1400128 1402259
1402870 1403647
1405011 1405161
1405668 1406726
1409276 1409705
1411557 1411803
1412546 1413340
1414224 1414703
1416291 1418423
1421601 1421654
1422196 1424492
1425450 1426551
1427134 1428202
1429106 1429421
1431428 1431607
1432448 1433291
1433797 1434297
1435318 1435467
1436604 1436757
1437519 1437647
1438433 1438504
1439613 1439818
1442202 1442413
1443345 1443782
1445437 1446522
1449343 1449433
1450388 1451011
1453644 1453771
1454514 1455068
1455700 1455918
1457107 1457162
1459773 1459852
1464246 1464680
1465278 1466259
1467278 1467944
1471782 1472603
1473534 1473654
1475021 1475348
1476685 1477034
1478571 1479285
1480320 1481056
1482042 1482208
1482743 1484044
1485923 1486004
1486705 1490942
1491721 1492278
1494480 1494732
1496990 1497207
1498397 1499732
1501496 1501558
1502160 1502385
1504085 1504309
1505485 1506206
1506897 1507344
1507878 1508169
1508800 1510121
1510699 1512472
1512999 1513077
1514609 1516876
1517591 1517757
1519218 1519790
1521333 1523025
1526169 1527798
1530390 1530994
1532226 1534027
1534537 1534976
1538500 1540791
1541446 1542128
1542653 1542846
1544125 1544606
1545902 1547059
1547910 1548614
1552270 1552566
1555060 1555386
1557127 1558145
1558716 1560285
1560976 1562122
1563547 1563624
1564240 1566732
1568067 1568489
1571270 1572571
1573550 1575134
1576638 1576745
1577666 1577998
1579293 1579716
1581666 1581835
1582609 1582849
1583650 1584375
1584989 1585715
1587081 1587795
1589708 1590505
1591215 1592029
1592796 1592977
1594352 1598608
1600637 1602816
1605780 1606590
1607096 1607292
1609171 1609757
1610353 1610727
1613117 1614213
1616171 1616338
1617817 1617994
1619524 1619595
1620173 1620278
1620902 1624614
1625852 1626425
1627633 1628357
1630915 1631081
1631760 1631924
1632748 1635048
1638079 1638164
1638764 1639298
1639908 1642959
1643857 1644753
1647368 1648030
1648619 1649540
1650605 1651019
1652976 1653058
1654200 1655290
1659999 1660153
1661522 1661966
1662807 1663563
1664085 1664156
1665185 1666121
1668536 1669191
1670020 1670802
1673066 1673194
1674217 1682729
1683436 1683800
1685124 1685633
1686281 1686952
1688657 1688804
1690867 1691234
1692873 1693132
1694594 1695075
1696571 1696629
1697464 1698467
1700680 1701905
1702754 1702887
1704534 1704671
1705294 1705613
1706688 1706856
1707485 1708317
1708873 1708932
1710262 1710355
1712254 1712733
1713433 1713593
1715171 1715255
1716253 1716611
1718524 1719383
1719969 1720881
1722232 1723382
1724007 1724212
1724995 1725379
1725926 1727152
1727708 1727880
1728601 1728852
1729711 1729892
1730488 1730741
1731292 1732439
1732998 1733251
1733955 1735708
1736376 1736535
1737930 1738574
1739564 1740096
1740863 1741874
1743637 1744715
1746225 1746483
1747096 1749274
1750166 1750523
1751225 1751658
1754856 1755333
1756020 1757503
1758899 1759203
1759860 1760257
1761801 1762284
1762844 1762898
1764922 1766262
1768629 1768846
1769715 1770118
1770765 1771172
1774047 1774478
1778092 1778973
1779666 1780096
1780715 1781474
1782096 1782327
1783873 1783930
1784528 1785219
1788149 1789135
1789867 1790021
1790674 1791338
1792770 1793027
1793536 1794045
1795611 1796524
1797764 1798570
1799253 1799938
1801419 1801478
1802909 1804526
1805155 1807770
1808504 1809197
1811989 1812296
1812829 1813147
1813953 1814408
1815074 1815333
1815875 1816124
1817210 1817690
1818849 1818922
1819607 1821608
1826243 1826851
1828417 1828599
1830132 1830409
1831851 1832301
1833743 1834263
1834828 1835632
1836169 1836348
1837331 1838359
1838935 1839339
1840223 1840983
1841923 1842253
1843949 1844401
1845805 1847121
1848948 1849140
1850723 1851147
1851915 1852077
1853372 1853615
1855367 1855704
1857091 1858569
1859839 1860399
1861020 1861723
1862407 1862645
1863300 1864336
1867812 1868146
1869282 1870158
1872011 1873996
1875934 1876342
1877972 1878495
1881174 1881724
1883553 1883718
1884451 1884556
1885450 1886552
1887492 1887819
1888677 1889190
1892325 1892584
1893161 1893353
1896755 1897307
1898776 1899460
1900421 1901012
1904755 1905471
1906259 1906444
1907225 1907323
1908374 1908467
1909201 1909987
1910381 1911665
1912187 1912467
1913322 1913774
1915137 1915474
1916306 1916600
1917603 1917835
1918701 1918774
1919364 1919894
1920539 1922192
1923002 1924053
1925174 1926777
1927476 1927851
1929817 1930148
1930687 1931536
1935766 1936074
1936803 1937154
1937859 1938454
1939063 1939172
1941395 1942171
1942909 1944617
1948698 1949016
1951003 1951293
1952567 1952784
1953868 1955368
1955969 1956391
1956975 1957399
1958379 1958788
1959680 1960227
1961013 1961094
1961772 1961884
1962581 1962893
1963707 1964404
1965275 1965764
1966394 1966730
1968090 1969625
1970901 1971139
1972859 1972977
1973855 1974406
1974990 1975069
1975927 1979161
1980850 1981863
1984516 1984972
1986443 1986987
1987942 1988322
1989643 1990434
1991467 1993058
1996094 1996231
1997904 1998899
2001089 2002007
2003224 2003331
2003918 2004402
2006448 2006605
2007617 2008502
2009262 2009387
2009905 2010158
2011748 2012023
2012957 2013122
2013733 2015753
2016512 2016810
2017494 2017649
2019716 2019803
2020905 2021389
2023770 2024729
2025249 2025538
2026847 2026942
2029328 2030022
2031285 2032577
2033260 2033729
2036275 2036972
2038960 2039198
2042529 2043448
2045866 2045986
2047131 2047473
2048798 2048984
2049584 2051766
2055816 2056646
2057604 2057703
2059090 2059712
2060274 2061706
2064427 2064700
2065801 2066495
2068307 2068638
2069326 2069383
2070247 2070595
2071183 2071508
2072361 2072578
2073569 2073955
2075096 2075524
2076152 2077150
2078528 2079432
2081276 2082154
2082976 2084065
2084934 2085379
2087218 2087302
2087891 2088158
2090089 2090674
2092867 2093877
2094767 2095475
2097298 2098584
2099785 2100402
2101737 2101894
2106072 2106192
2106926 2107743
2108691 2109523
2110224 2110481
2114044 2114960
2118070 2118587
2122457 2123044
2123998 2127436
2128780 2130879
2131752 2131864
2132442 2132634
2136947 2137391
2138156 2139843
2140455 2142366
2143287 2144053
2146312 2146611
2147971 2148106
2148678 2150286
2151520 2152048
2152674 2152869
2153904 2154552
2155219 2155549
2156411 2156666
2157357 2157598
2158109 2158609
2161575 2162377
2163898 2164226
2166312 2166723
2168911 2169958
2170866 2172432
2174184 2174352
2174977 2175646
2176361 2176422
2177341 2178596
2180816 2181620
2183714 2185142
2190381 2190449
2192879 2193804
2194539 2195046
2195769 2197321
2199029 2199192
2199760 2200326
2203250 2203303
2207263 2207811
2209831 2210555
2213614 2214227
2215194 2215694
2218617 2219029
