Lachnospiraceae_bacterium_2_1_46FAA_gi_514340182_ref_NZ_
1508 1557
8397 9239
13865 14214
20069 20121
23875 24167
43808 44234
46886 47069
61803 62071
71115 71490
80584 81286
82182 82371
84171 84334
85623 85852
87308 87733
92515 93287
94205 95695
113246 113320
116792 117115
127636 128506
136709 137107
138469 139085
140660 144943
145582 146094
147637 147830
149947 151058
155555 155903
162499 162725
167986 168073
170034 170109
180510 181077
185108 185439
198286 198431
200475 202047
223102 223682
227949 228387
229247 229309
231210 232893
238088 238165
241939 242116
246097 247373
270198 270253
271783 273664
282193 282391
289216 290375
291848 291961
307083 307208
307814 308710
323520 323571
326834 326970
331036 331954
333388 333657
348465 348666
361426 361518
367066 367128
370452 370503
411594 418710
425643 425726
436543 436663
462105 462524
464183 464648
475286 475548
477515 477610
478520 478622
485403 485798
496356 498942
501615 501928
512593 512723
514567 514738
526203 526330
530143 530205
534631 536010
555103 555383
557478 557532
564528 564771
567442 567916
571122 571450
575515 576180
584482 584965
614721 615688
616529 616659
623698 623789
624290 624422
637232 638618
647505 647618
648461 649935
668593 669012
674917 675264
677694 678033
693592 693800
697271 697339
709271 709723
720573 720955
724160 724222
728100 728225
735340 735707
739617 739940
751136 751335
783766 785047
810580 810638
819096 819250
821246 821490
829631 830117
839393 839462
841013 841631
844208 844267
872509 872654
914879 914928
922784 922943
923835 923889
924397 924828
936241 936318
946002 946078
951052 951255
955683 956959
959116 959499
962034 962532
980963 981472
986262 986519
996415 996774
1003091 1003715
1012220 1012649
1016453 1016758
1018934 1018992
1021428 1021690
1039263 1039352
1049258 1049635
1066307 1066592
1080085 1080173
1091643 1091723
1095414 1096378
1114646 1115075
1124545 1124694
1131150 1131424
1134463 1134877
1152236 1152293
1157835 1158248
1175598 1176005
1182461 1182583
1184871 1185273
1208788 1210168
1220239 1220448
1224633 1224872
1230528 1230963
1235542 1237378
1250172 1250628
1251378 1251441
1252697 1252756
1255745 1256468
1258818 1258936
1264528 1264626
1266711 1266839
1269190 1270800
1286129 1286448
1292361 1292426
1302607 1302659
1304928 1305402
1310512 1310582
1313062 1313550
1325153 1326529
1333802 1334004
1337826 1337886
1344528 1344769
1348533 1348612
1353256 1353357
1366924 1367616
1369068 1369556
1376563 1376727
1379354 1379798
1400652 1401333
1401870 1401928
1405825 1405885
1409269 1409637
1413550 1413934
1417526 1417611
1420772 1420965
1423037 1424556
1425759 1425862
1431449 1431663
1435319 1435371
1455730 1455889
1469954 1470008
1473596 1473654
1475136 1475347
1507043 1507113
1510969 1512417
1514587 1516395
1521872 1522199
1538593 1539551
1552271 1552527
1560985 1561073
1563542 1564286
1565845 1566035
1568420 1568605
1577907 1577997
1585394 1585591
1591216 1591569
1594322 1598434
1620861 1621012
1622279 1624449
1633505 1634042
1642003 1642308
1643992 1644060
1662629 1662681
1665716 1665775
1668988 1669303
1674665 1679748
1680267 1682074
1701068 1701528
1715142 1715254
1720059 1720171
1721675 1722390
1727781 1727879
1738014 1738492
1741764 1741850
1748829 1749292
1757330 1757732
1759061 1759202
1764628 1764913
1769716 1769795
1775092 1775430
1779738 1779945
1798201 1798568
1801414 1801477
1803022 1804522
1807133 1807865
1814165 1814295
1820353 1820415
1836285 1836339
1837549 1837831
1855468 1855614
1860012 1861322
1878516 1878686
1887441 1887818
1893232 1893352
1896756 1897045
1905094 1905150
1907226 1907275
1908375 1908678
1912032 1912226
1930931 1931535
1970902 1971138
1996004 1996500
1998049 1998490
2001426 2001583
2012501 2012561
2016754 2017024
2031801 2031861
2036345 2036894
2048975 2049355
2056596 2056645
2058993 2059273
2072362 2072430
2076207 2077201
2091382 2091514
2092868 2093290
2095235 2095492
2096274 2096328
2097968 2098067
2100023 2100425
2109399 2109456
2126043 2126926
2131632 2131745
2132322 2132528
2133876 2134189
2138493 2138810
2142211 2142290
2143365 2143596
2166649 2166723
2171790 2171875
2175321 2175454
2184148 2184405
2194666 2194995
2213784 2214217
