Lachnospiraceae_bacterium_2_1_46FAA_gi_514340182_ref_NZ_
5961 6111
22687 24154
84246 84328
92923 95673
127998 128768
140660 144921
200497 202009
231232 231422
231563 232487
246119 247349
272306 273642
302532 302628
326545 326910
348520 348641
411605 412064
412415 414764
416173 418688
496429 498920
615316 615640
637255 638590
648577 649933
757268 757330
783791 785034
829651 830036
841035 841723
955707 956937
1003115 1003344
1208810 1210145
1235597 1237356
1255776 1255988
1269214 1270444
1325175 1325393
1353126 1353302
1409330 1409637
1423846 1424534
1510991 1512395
1514609 1516373
1538632 1539389
1594370 1598408
1620883 1624427
1674672 1679684
1680289 1682052
1733773 1734005
1769722 1769794
1814181 1814237
1836194 1836338
1860034 1860445
1887727 1887788
2001429 2001731
2060856 2061094
2100022 2100403
2138532 2138772
