Faecalibacterium_prausnitzii_SL3_3_gi_479170689_ref_NC_
1 9719
10593 17877
20746 33212
36114 36893
39368 42414
45936 53634
53780 54371
54966 58949
59521 59619
61076 65300
65411 69056
76173 78240
79272 79518
83253 84232
84355 96677
97460 99524
102720 102977
104410 108339
108968 109151
111840 112151
113340 117888
118480 118544
119255 119901
120161 120716
121840 139330
140295 140811
141413 142843
143219 147137
147806 163917
164435 167865
169029 170695
171521 173302
177876 182550
189467 189520
189888 189971
190231 191920
196150 196482
197531 197804
201540 205759
211097 221313
221986 223112
223897 279396
281421 295360
295674 298170
300414 304234
304328 305075
305785 307262
308804 309280
311331 314665
314834 316227
317565 318381
322283 322333
327011 332840
333475 333633
335135 347260
348511 349729
350489 350835
353693 354876
358152 362959
364112 364655
365449 369085
370668 372203
374262 374393
374792 385348
390254 390608
394630 394911
398044 398318
399997 400386
400930 401744
401821 401933
408753 414334
414854 417517
420265 421600
423507 423573
423754 425386
434053 434459
436882 436936
437841 438264
439101 439167
439423 439940
440543 442308
442462 455553
457272 457604
458336 461044
464093 501257
503145 507191
507641 521344
528291 537463
538545 538616
543952 544102
547038 551630
552616 558234
558890 561539
561786 561917
563375 563431
564969 565108
566437 568097
568387 572529
572623 572745
573807 575206
575999 576397
577703 578355
579351 588545
589382 590664
591567 597690
599217 599385
600858 604716
610958 621979
624806 624968
626002 626184
629255 630128
630353 632418
634427 635005
636019 637212
639025 642467
646038 647351
650595 652438
656003 662413
663122 663225
665624 666326
673358 679517
681753 682211
683245 683984
688549 693526
694517 695616
695753 696549
702564 702803
703787 705692
711840 712448
713342 717017
718328 721326
721662 721788
725528 727496
730385 737146
737467 738327
739325 743972
746673 748458
752376 762742
766372 777136
782930 786301
786771 789492
790133 790215
794486 794539
794884 817631
817704 830535
831438 831634
831744 831860
832722 833851
835886 836951
837655 843499
849627 853843
854037 855475
856212 856520
858709 859249
863828 864927
869584 871033
874725 875686
876296 876530
878514 879014
881949 886837
887634 887693
889212 889912
892022 892100
895561 895624
896805 896980
901351 903421
903634 903836
907261 907436
907629 908367
911105 911465
911622 913371
914176 915026
924961 925278
927800 931013
935248 936022
938217 939109
939575 940501
940683 951342
952726 954560
955512 962661
964183 967854
968493 976801
977712 984475
985372 989519
995871 1001026
1003191 1003240
1005277 1006038
1010848 1011016
1011135 1012598
1013675 1013972
1015435 1016673
1017283 1018863
1022971 1029503
1029656 1032459
1035259 1036027
1037871 1038130
1039566 1041089
1042199 1042377
1043501 1043563
1044372 1044637
1046123 1048138
1051044 1056722
1061249 1061890
1063735 1067054
1068827 1070860
1071597 1079911
1080078 1080827
1082142 1087843
1089821 1091160
1093667 1094098
1096653 1097072
1100168 1101033
1101581 1101705
1103856 1103925
1105351 1106541
1106656 1109636
1111718 1122578
1123654 1123986
1126101 1129103
1129288 1131327
1131552 1135061
1137705 1139595
1145428 1146002
1146606 1147631
1147934 1148278
1148726 1154736
1155263 1156245
1156971 1157553
1159363 1159641
1160781 1161033
1162298 1162800
1166727 1166866
1171004 1171178
1172044 1172159
1172747 1174032
1182207 1182377
1192870 1195749
1197676 1198174
1198663 1200916
1202300 1204739
1206880 1207174
1207698 1208368
1213000 1213085
1214219 1215441
1217305 1217370
1218729 1220113
1221834 1222675
1223922 1229876
1233899 1235669
1236820 1243952
1244710 1244881
1245027 1246355
1251427 1258462
1259573 1259802
1260112 1261686
1263543 1264037
1268776 1278257
1278465 1280637
1281990 1282242
1283197 1289184
1290765 1297778
1302897 1303174
1304165 1305162
1307525 1307936
1310831 1318992
1320157 1322235
1322773 1324467
1326032 1327759
1327914 1328441
1329050 1329678
1332693 1333222
1334091 1334319
1334708 1337832
1345076 1356385
1358252 1358318
1363430 1364014
1371091 1377445
1380938 1381229
1382586 1383007
1388279 1391290
1393006 1393252
1395450 1406462
1410831 1411287
1413611 1416324
1418917 1445629
1446499 1447243
1448007 1450038
1450189 1452941
1454630 1454809
1456547 1457151
1459859 1462040
1462695 1466929
1467757 1468399
1469309 1473187
1473491 1473810
1478315 1478727
1483068 1487845
1490033 1490643
1491355 1493067
1495015 1495406
1499327 1499414
1500988 1506279
1510182 1510514
1511603 1520342
1524761 1530633
1532063 1534410
1538907 1556020
1569877 1574577
1574715 1581752
1582661 1591231
1591575 1594971
1595046 1596847
1599087 1599182
1606312 1614267
1617739 1617794
1622719 1627953
1631916 1634065
1635289 1640260
1641063 1643664
1645151 1652464
1654794 1658821
1660499 1661297
1665962 1667047
1667257 1674384
1676846 1676913
1680418 1680558
1680998 1688292
1688362 1688464
1698731 1708663
1711681 1711865
1719539 1732950
1735646 1736133
1736223 1738475
1740051 1745660
1746166 1765486
1765579 1769591
1772230 1772526
1780386 1780453
1785038 1785259
1786530 1786762
1787980 1788132
1789993 1792097
1795201 1795439
1795915 1798035
1799198 1799858
1802003 1803533
1804081 1810136
1811404 1811649
1812553 1812776
1813548 1817116
1818548 1823610
1823858 1828405
1829475 1830562
1831342 1833597
1834073 1834206
1838689 1843682
1844729 1845339
1846149 1847180
1847887 1848897
1849896 1850157
1851993 1852095
1852166 1854705
1855259 1857627
1860644 1861960
1867666 1867814
1868621 1868760
1869949 1870019
1871412 1871888
1872149 1873558
1874296 1874553
1875386 1875461
1876941 1877012
1880087 1880176
1882175 1884546
1885726 1887582
1890097 1902072
1903924 1905223
1906529 1919304
1919938 1922838
1923122 1926484
1927130 1934504
1936187 1944665
1944767 1945340
1945636 1950851
1951347 1983600
1985555 1986941
1987782 2001224
2001350 2001503
2007478 2011728
2014251 2019034
2019139 2019222
2019320 2019657
2019901 2020165
2022674 2030119
2032009 2032074
2037827 2045184
2045377 2083675
2084664 2093818
2095877 2095954
2096665 2100111
2102509 2105356
2105873 2143619
2152126 2152216
2153771 2154023
2154942 2162407
2163510 2166067
2169033 2169765
2169936 2176411
2182647 2183499
2187912 2190051
2190751 2191077
2193308 2194302
2199177 2199424
2199825 2199974
2205472 2214610
2216298 2216619
2222806 2223153
2225614 2226039
2227314 2236218
2237595 2277800
2279182 2322111
2323855 2327456
2327849 2329339
2329559 2337789
2338680 2350965
2351253 2365639
2365912 2372407
2372790 2383740
2384553 2387691
2387910 2389036
2389230 2390208
2393604 2399609
2402436 2414734
2427887 2428494
2428631 2450659
2455221 2462721
2463148 2463361
2465792 2466988
2468760 2468827
2468906 2470958
2476461 2486463
2487272 2489986
2491272 2499195
2499451 2499849
2501814 2502228
2503142 2503797
2504317 2525846
2525937 2527158
2528047 2528736
2528853 2533772
2535095 2535605
2537301 2538884
2539543 2548342
2551721 2552926
2553192 2553479
2571336 2594268
2594433 2600344
2600744 2605110
2609837 2611439
2612978 2615926
2620690 2620746
2626174 2626677
2627862 2627916
2631990 2632604
2641901 2642137
2642577 2644904
2647242 2647452
2654278 2656342
2656720 2661621
2663547 2673141
2679191 2680051
2680821 2681112
2681274 2681338
2682100 2682209
2683167 2684051
2690778 2742849
2744481 2744545
2745612 2746955
2752034 2752352
2752503 2752581
2753925 2754162
2754865 2754918
2755229 2755420
2758347 2758520
2772229 2772329
2777896 2778050
2778161 2786815
2788557 2788973
2789881 2791408
2792779 2793689
2797018 2802778
2803427 2814071
2814190 2815081
2821298 2836020
2839395 2839655
2842074 2842130
2845482 2854695
2858683 2858758
2860916 2905793
2906063 2906160
2906584 2908905
2910380 2916749
2919080 2926501
2926601 2926864
2929790 2984097
2994400 3002874
3004940 3005097
3016050 3023883
3026276 3046363
3046512 3065021
3065230 3133507
3139111 3148098
3148834 3160216
3187593 3193046
3193300 3193421
3193704 3194698
3195366 3198743
3198824 3202348
3204363 3214418
