Faecalibacterium_prausnitzii_SL3_3_gi_479170689_ref_NC_
1 17877
19895 20226
20746 42674
44311 45307
48019 53808
56548 58949
61079 65300
65411 70349
70952 71752
72500 79518
83253 84724
85415 96231
96728 97626
99313 100032
101147 101990
102559 104102
104410 109876
110591 117629
117710 118692
119352 182589
183364 185396
185947 195628
196330 201565
201836 276548
277089 304184
304544 307271
308804 309280
310897 314675
315316 352995
353102 359654
360777 369911
370557 386513
387373 389689
390254 391679
392241 393087
393589 403569
404719 404807
405399 407293
407773 407847
408388 408492
408753 414106
414546 415393
416647 416715
417731 422004
423507 426360
427275 428619
431371 431440
434053 435315
435786 436481
436882 436936
437507 439163
439423 454037
457209 460989
461566 462993
463920 524861
525412 563431
563673 568419
569948 573725
573805 576680
577703 600290
600757 608935
609569 610012
610958 622105
622693 626631
627264 637212
637713 649431
650116 652554
653467 654276
654863 680565
681105 683984
684264 696549
697034 697521
698059 699529
700262 700757
701368 701459
702564 703150
703787 705692
706918 709010
711840 722512
724780 727496
727893 728144
729263 729577
730115 738327
738979 739691
740528 741816
742152 746490
746673 756403
758092 778865
779387 786579
786771 789506
790315 791052
791612 793526
794296 809934
810562 826023
826539 835286
836365 855642
856212 857501
858349 859992
860565 862203
862962 888392
888847 892100
892509 893632
894161 916531
917035 919727
920465 922482
923054 932598
933108 934272
934882 939243
939575 968166
968828 1057924
1060661 1060734
1062026 1062767
1063615 1091328
1091535 1098182
1098838 1111906
1120207 1124310
1125086 1142994
1143694 1143831
1144187 1164931
1165598 1169192
1169770 1174032
1175215 1175347
1175889 1177319
1178652 1179150
1180190 1187086
1188270 1189028
1190099 1228280
1228979 1242837
1243195 1246386
1246964 1257976
1258370 1273941
1275286 1305239
1305965 1308551
1309062 1324571
1326032 1341808
1342596 1343153
1345469 1386035
1387026 1393889
1394435 1409907
1410663 1411287
1412427 1417229
1418792 1420310
1423031 1445039
1447286 1447809
1448312 1448597
1449849 1453226
1453928 1455815
1455898 1457503
1458131 1458214
1459230 1459296
1460121 1470751
1473230 1473810
1474125 1476076
1477397 1479466
1480161 1520642
1521334 1538771
1538907 1556505
1558077 1558378
1558904 1559548
1561291 1561454
1561679 1568368
1569395 1623050
1623314 1633521
1634432 1635203
1635289 1640260
1641063 1652464
1652768 1661297
1665795 1671349
1671891 1692609
1693536 1709146
1709839 1713725
1714337 1718745
1719539 1735356
1736745 1738783
1740112 1768516
1768676 1777183
1777405 1777743
1778534 1798922
1799198 1806843
1807037 1863715
1864943 1875461
1875555 1881007
1881629 1889712
1890439 1898646
1899529 1902072
1902600 1902783
1903924 1906695
1906854 1932734
1933506 1934502
1936187 1944409
1944767 1945340
1945583 1986952
1987782 2004920
2005720 2006413
2007052 2034213
2034798 2055714
2056039 2070974
2071581 2084221
2085589 2105356
2105743 2112105
2112692 2127367
2127892 2130354
2130468 2158155
2158769 2177511
2178135 2203959
2204972 2208381
2208963 2312180
2312459 2327456
2327631 2338043
2338680 2351055
2351253 2351847
2353246 2387691
2387819 2388797
2389076 2390208
2390607 2391137
2391691 2392866
2393604 2397736
2397955 2400320
2402562 2415041
2415569 2425581
2427887 2464481
2465480 2499866
2501818 2502228
2502827 2533838
2534473 2534760
2535095 2535605
2537252 2541642
2542135 2548342
2548667 2548717
2550285 2551121
2551623 2560169
2561677 2562277
2563215 2564984
2565568 2600344
2600905 2608209
2608741 2612740
2612978 2627916
2628446 2669355
2670560 2670624
2672055 2743071
2744481 2744936
2745612 2758625
2763792 2763854
2764289 2772490
2773164 2773322
2778150 2812477
2813054 2818173
2818445 2818692
2819336 2836572
2836656 2866281
2866871 2875268
2875475 2877320
2878526 2901067
2901750 2926921
2927810 2959449
2959985 2986960
2987629 3009131
3009779 3013050
3013798 3020800
3020901 3021760
3022366 3050257
3050879 3107768
3108323 3108405
3109537 3135066
3135746 3136296
3137177 3138045
3138703 3138855
3139354 3150671
3151862 3171690
3172221 3198743
3199203 3203374
3204083 3214418
