Faecalibacterium_prausnitzii_SL3_3_gi_479170689_ref_NC_
1 4062
4776 9108
9212 9403
9493 15254
15699 17877
19895 20256
20534 31600
31747 37867
38064 38760
39002 57953
58312 59279
59438 65300
65411 70358
71687 71770
72500 78645
79155 79281
79408 79518
82704 96688
97263 100205
102483 103199
103543 104102
104319 108401
108506 109876
110701 112922
113524 139753
139978 140861
141062 141559
141672 175355
175594 176174
176439 176966
177105 179290
179459 181099
181860 182620
183045 184246
185985 188628
188773 193868
194020 194543
194644 197311
197466 197804
198349 198493
198729 198890
199240 199810
200073 201565
202393 206461
206932 209681
210204 231068
231212 263923
264257 273989
274253 276740
276959 282591
282889 288459
288874 289103
289212 291204
291568 295459
295674 296539
296801 301736
301862 307271
308804 309321
311331 318417
319086 319845
320050 320317
320513 321100
321201 321404
322016 323628
323956 325072
325190 325424
325914 334751
334997 338139
338225 342026
342118 343959
344567 356519
357032 357524
357888 359685
360116 360165
360777 369608
370569 373417
373748 373944
374049 374793
375061 375462
375567 381229
381583 385787
386495 386738
387004 387268
387822 387958
388209 388825
389227 389386
390189 392307
392542 392738
393461 396702
397008 401740
401821 403530
404601 404955
406709 407293
408335 408565
408753 414106
414441 421447
421521 421954
422880 425531
425960 427023
427415 427468
427558 427636
427887 427936
428164 428619
430584 430675
431371 431644
434006 435784
435885 436145
436293 436489
436882 436936
437607 437868
437992 438190
438295 438498
438695 440176
440318 442300
442462 454243
455054 456112
456755 460969
461572 461847
461997 462224
462298 462512
462608 462791
462875 463091
463833 463952
464093 475501
475636 488654
488980 500182
500270 501202
501338 501425
501560 501716
501967 505121
505332 506119
506481 507422
507641 509693
509773 523793
524270 526475
526576 527745
527980 534864
535016 539665
539945 543044
543918 544120
544419 544612
545083 547909
548006 552117
552388 558090
558200 562054
562466 562967
563107 565984
566437 568544
569302 576690
577228 577399
577703 578732
578995 579200
579277 579436
579574 581524
581708 592429
592624 592889
593054 600008
600113 600369
600757 602635
603037 603278
603419 604121
604424 606502
607105 607715
607959 608130
608934 609169
609301 610381
610604 615220
615588 615716
615987 619024
619387 622106
622462 622589
623000 624515
624806 624968
625178 626184
626339 626484
627080 627221
627508 633211
633648 635457
636008 637212
637706 639164
639322 640329
640503 641430
641933 642564
642667 642814
643163 644252
644392 646193
646332 647945
648301 652473
653079 653242
653590 653972
654245 667109
667329 668355
669203 669913
670047 670201
670398 670567
670709 683043
683245 683984
684257 684429
684702 684871
685316 687197
687598 687737
688138 690689
690931 691152
691502 695616
695743 696549
697003 697156
698068 699080
700423 700757
701423 703312
703695 705826
706833 708158
708491 709041
710468 711012
711593 712671
712902 715653
716086 722543
724671 727811
727893 729524
730064 733209
733553 736036
736106 736308
736492 738365
739255 744582
745037 745168
745532 746333
746639 750331
750599 757012
758084 762932
763282 763443
763608 763759
763985 764411
764722 765273
765544 765749
766256 770386
770803 772507
772666 777923
778124 779475
779571 779791
779950 791478
792133 792189
792622 792763
793109 793610
794202 819319
820640 834292
834533 846301
847218 847438
847560 847957
848418 849259
849627 855744
856212 857510
858678 858819
859192 859602
860566 861375
863504 865529
865707 866883
867591 871210
871436 871927
872024 873179
873351 876791
877502 887051
887233 888392
888891 891093
892022 892100
893055 893378
895025 904422
904559 906059
906250 906435
906621 907041
907261 908532
908891 909097
909311 915578
915760 915933
916246 916533
916818 917717
917946 918459
918559 918929
919132 919716
920078 923350
923917 926232
926378 931341
931736 931922
932084 933207
933405 933585
933722 933805
934200 936153
936596 936749
936831 936985
937330 937832
938090 941536
941714 944524
944873 950059
950489 955023
955260 958674
958788 959373
959826 960094
960313 960453
960915 969883
970095 970251
970956 984793
985010 985213
985372 989519
990556 996285
996533 996764
997011 998822
999039 1002761
1002938 1003453
1003773 1004828
1005277 1006038
1006291 1007192
1007342 1007843
1008082 1008240
1008439 1009912
1010600 1010973
1011049 1015716
1015873 1016035
1016171 1017146
1017283 1020594
1020739 1020938
1021334 1027638
1028148 1032604
1032701 1032885
1033011 1033217
1033606 1033991
1034272 1034515
1034598 1041979
1042199 1042377
1042684 1043061
1043358 1047324
1047448 1047515
1048140 1049605
1050139 1058260
1058788 1059173
1060566 1060720
1061361 1066891
1067339 1084024
1084428 1087853
1087993 1088198
1088675 1091328
1091734 1096221
1096652 1098168
1098688 1098889
1099720 1100849
1101028 1101195
1101582 1101706
1101787 1103018
1103248 1105937
1106097 1107049
1107729 1112541
1113101 1115730
1116983 1118199
1118809 1123634
1123706 1134556
1134831 1137180
1137518 1140582
1141275 1143274
1144087 1149807
1150048 1150235
1150359 1151482
1151885 1153050
1153158 1157040
1157156 1157609
1157750 1157822
1158159 1161052
1161370 1162994
1163211 1163572
1163899 1164692
1164776 1164962
1165877 1168512
1168981 1169048
1169739 1169929
1170213 1170427
1170606 1170791
1170918 1174633
1175272 1175403
1175764 1177482
1177904 1179779
1180358 1181883
1182786 1183977
1184641 1184842
1185141 1185770
1186044 1187010
1187694 1188045
1188917 1189205
1190114 1190490
1191116 1196246
1196776 1198262
1198679 1207178
1207488 1210407
1210810 1211336
1211449 1222986
1223117 1223330
1223516 1223787
1223922 1227885
1229092 1230824
1231017 1231193
1231425 1236181
1236400 1236551
1237355 1238239
1239198 1242761
1243195 1246428
1247137 1247295
1247492 1251892
1252048 1255120
1255370 1256252
1256691 1256848
1257032 1264082
1264306 1264759
1264853 1265034
1265208 1266569
1266754 1267156
1267738 1274265
1275554 1281214
1281395 1281531
1281764 1282837
1283307 1284475
1284604 1285166
1285448 1286840
1287363 1290463
1290713 1301525
1301738 1301913
1302221 1303236
1303427 1303552
1303749 1303952
1304165 1305722
1307138 1307635
1307886 1308126
1308315 1308578
1309259 1309447
1309944 1310474
1310831 1312695
1312897 1313061
1313537 1318401
1318570 1320668
1320786 1324584
1326032 1331706
1331811 1332040
1332559 1332758
1332844 1333321
1333423 1333686
1333784 1333992
1334091 1336669
1336989 1337118
1337347 1339096
1339490 1341575
1342717 1343652
1345331 1355234
1355559 1362107
1362273 1362519
1363102 1364071
1364392 1366350
1366504 1366657
1367111 1367468
1367824 1369180
1369348 1369619
1369702 1379204
1379289 1379912
1380412 1381236
1381813 1381865
1382357 1382595
1382738 1383642
1384130 1384748
1385041 1385874
1387151 1387592
1388230 1391955
1392596 1393880
1394148 1394761
1394928 1395101
1395211 1403985
1404540 1410274
1410678 1416557
1417162 1417587
1418753 1471753
1472508 1473810
1474153 1474309
1474467 1479658
1479855 1481422
1481819 1482185
1482368 1482551
1482736 1485509
1486072 1496093
1496199 1496394
1496660 1497132
1497272 1498241
1498427 1505228
1505450 1506216
1506390 1506464
1507036 1512961
1513167 1519427
1519809 1520513
1521310 1522825
1523268 1530347
1530575 1533700
1534373 1535927
1536045 1536198
1536404 1556191
1558904 1559187
1561453 1561624
1562553 1562629
1564331 1564961
1565489 1565637
1566074 1566589
1567143 1567619
1569266 1581900
1582035 1582154
1582502 1591231
1591570 1598951
1599087 1600399
1600683 1600908
1602115 1602313
1602715 1603471
1603839 1604780
1605197 1605496
1605574 1607257
1607455 1612240
1612361 1617362
1617490 1617794
1618056 1623204
1623572 1623708
1623983 1626140
1626907 1627944
1628470 1628666
1628857 1640260
1640420 1646617
1646745 1649189
1649544 1649905
1650218 1650442
1650888 1651470
1651620 1652148
1652278 1652548
1652859 1656094
1656195 1658821
1659070 1659278
1659546 1659877
1660391 1660759
1660948 1661195
1661329 1661619
1665798 1669800
1670021 1671086
1672051 1675283
1675656 1676023
1676138 1677151
1677311 1678621
1678939 1683740
1683932 1685859
1685957 1690317
1690577 1693271
1693536 1695194
1696184 1696792
1697253 1697599
1698257 1703646
1704013 1704464
1704640 1705866
1706456 1709257
1709863 1711287
1711434 1713707
1714415 1715494
1715774 1716662
1717269 1718001
1718119 1719207
1719424 1719838
1720085 1739009
1740059 1744400
1744623 1745042
1745167 1745301
1745493 1745692
1745790 1770304
1770889 1777724
1778792 1779271
1779619 1779769
1780155 1780719
1780927 1781076
1781295 1782763
1782884 1783026
1783175 1783336
1783674 1786317
1786471 1793014
1793455 1796664
1796864 1803288
1803532 1806843
1807037 1810136
1810582 1818111
1818213 1833785
1834017 1837003
1837340 1842463
1843062 1843216
1843289 1843729
1844041 1850157
1850502 1851920
1851993 1853464
1853711 1853830
1854071 1857873
1858068 1870019
1870309 1875037
1875386 1875985
1876411 1877481
1878194 1878564
1878926 1885144
1885733 1887981
1888279 1902230
1903924 1935128
1936187 1984528
1984629 1984854
1985240 1986941
1987782 1995301
1995610 2000486
2000989 2004623
2005810 2005971
2007346 2021584
2021748 2021886
2022171 2022371
2022438 2032074
2032552 2033306
2033777 2033975
2034360 2038720
2038851 2055696
2055926 2056642
2057162 2064255
2064550 2065526
2065781 2070308
2070406 2071005
2071831 2072246
2072552 2072793
2073007 2073654
2073808 2073948
2074299 2077062
2077310 2077543
2077748 2078515
2078680 2078842
2079139 2097813
2097880 2100265
2100412 2113188
2113580 2116977
2117411 2118467
2119033 2125403
2125715 2126338
2126633 2127083
2127825 2134483
2135142 2139553
2139754 2143863
2145351 2146495
2146768 2154229
2154439 2155645
2155936 2158438
2158715 2160306
2160624 2160763
2161063 2166067
2166754 2166948
2167078 2168588
2168818 2169231
2169412 2176411
2177087 2177267
2178135 2181429
2181911 2185776
2186105 2187065
2187335 2187516
2187696 2188333
2188431 2196366
2196573 2200591
2200754 2202682
2202910 2203378
2203614 2204288
2204905 2208194
2208699 2211958
2212133 2215325
2215641 2216305
2216539 2216679
2216913 2219343
2219569 2220835
2221361 2223772
2224095 2224281
2224979 2233468
2233892 2278100
2278834 2283673
2284804 2289302
2289647 2293697
2294126 2311979
2312459 2322179
2323855 2326281
2326577 2327456
2327631 2329339
2329559 2330372
2330626 2338042
2338680 2348066
2348561 2350995
2353247 2353321
2353549 2370989
2371437 2384094
2384237 2390208
2390607 2391108
2391777 2391942
2392499 2400874
2401366 2405699
2405822 2414741
2417057 2417312
2418221 2418409
2418592 2418759
2419067 2420563
2421026 2421160
2421869 2422400
2422651 2422802
2423703 2426232
2427887 2436906
2437095 2437510
2438154 2438272
2438481 2440298
2440687 2452251
2452406 2452744
2453208 2456882
2457018 2459234
2459439 2462409
2462580 2464288
2465556 2470818
2470892 2475014
2475614 2476025
2476283 2478734
2479174 2479624
2479972 2490675
2491236 2495220
2495550 2502249
2502771 2525485
2525742 2525952
2526115 2533906
2535095 2535605
2536506 2536680
2537193 2541293
2541490 2541642
2542129 2548709
2549900 2560165
2560670 2561177
2561787 2562012
2563492 2564620
2564794 2565010
2565569 2566314
2566891 2568387
2568512 2568659
2568893 2569084
2569176 2569348
2569516 2569716
2569875 2607447
2607646 2607819
2608055 2608517
2609077 2610431
2610874 2610931
2611053 2611222
2611413 2611650
2611965 2612814
2612978 2620757
2620908 2621181
2621296 2627916
2628126 2628375
2628499 2629183
2629448 2630137
2630277 2632235
2632366 2633430
2633763 2634237
2634557 2634722
2635240 2638518
2638827 2640057
2640556 2640703
2640868 2647841
2648270 2648408
2648645 2653270
2653814 2660782
2661063 2666058
2666252 2671432
2671791 2673099
2673329 2676254
2676382 2678687
2678787 2689111
2689289 2743122
2743773 2745095
2745612 2746963
2747348 2747430
2747657 2749316
2749443 2749600
2749984 2754363
2754913 2756557
2756859 2757025
2757219 2757396
2757503 2757653
2758347 2758861
2760843 2764015
2765257 2765451
2765903 2766037
2766425 2766510
2767133 2768033
2768149 2768723
2768917 2769390
2769574 2770669
2770964 2772490
2775469 2776685
2777747 2783348
2783537 2784313
2784460 2785126
2785612 2794021
2794494 2794670
2794878 2795105
2795272 2795781
2795907 2801497
2801974 2803694
2803945 2805797
2806050 2814706
2814825 2815983
2816765 2836562
2836656 2836828
2837450 2837630
2837989 2841097
2841218 2841450
2842074 2844643
2844879 2846677
2846974 2847868
2848149 2848366
2848569 2849062
2849507 2850239
2850685 2852355
2852421 2853151
2853334 2855324
2855425 2855665
2855881 2856111
2856460 2858472
2858587 2858917
2859198 2859586
2859727 2859942
2860040 2860977
2861130 2861322
2861459 2865393
2865560 2866253
2866890 2867074
2867252 2868402
2868508 2868741
2869109 2871969
2873470 2873637
2873762 2875268
2875476 2876975
2878526 2892582
2893065 2895444
2895664 2899271
2899490 2899635
2899941 2901263
2901853 2908960
2909421 2910456
2910720 2912146
2912518 2912702
2913033 2913951
2914204 2917757
2918060 2918308
2918467 2926686
2926888 2927536
2927821 2928448
2929039 2931653
2931772 2934512
2934635 2950077
2950323 2952471
2952619 2958326
2959046 2962377
2962789 2984319
2984604 2986936
2987274 2988191
2988847 2989092
2989568 2989697
2990180 2991216
2991315 2991507
2991813 2995628
2996027 2997640
2997968 3001266
3001423 3004602
3004770 3005304
3005712 3006803
3006936 3014174
3014272 3020800
3020931 3021905
3022120 3025569
3025717 3027396
3027803 3030993
3031206 3033787
3034053 3037914
3038064 3042781
3042943 3049691
3049792 3050261
3050879 3051050
3051142 3051531
3051682 3051827
3051945 3052075
3052252 3055293
3055429 3057448
3057732 3059660
3059833 3076684
3077019 3092250
3092405 3095758
3096408 3134929
3135953 3138042
3139111 3150430
3151831 3151996
3152274 3160999
3161278 3163135
3163202 3163433
3163608 3163769
3163985 3164715
3164965 3165155
3165331 3165501
3165795 3165967
3166208 3166424
3166582 3166741
3167018 3167478
3167956 3169217
3169663 3169842
3170093 3171217
3171468 3171648
3172400 3173102
3173655 3177767
3178267 3181391
3181556 3182700
3182814 3183461
3183569 3183930
3184111 3184296
3184495 3187713
3187818 3190575
3190700 3191757
3191903 3198793
3199204 3203347
3204220 3207582
3207847 3209741
3210365 3213469
3213880 3214418
