Faecalibacterium_prausnitzii_SL3_3_gi_479170689_ref_NC_
1 8599
9128 9436
10429 14377
15868 17877
20746 33212
36114 36981
37629 42632
46203 58881
61079 65300
65411 69056
76173 78344
79272 79518
83253 84352
84454 96686
97460 100134
102720 102977
104410 108339
108968 109131
111840 112163
113557 117486
117612 117958
118480 120679
121840 122820
123129 139853
140299 140811
142393 147115
147816 153616
153755 163917
164475 168009
169029 170695
171559 171909
173080 174332
177983 182538
189467 189520
189951 191916
197531 197804
198912 199001
201537 208147
211097 221316
221986 223489
224303 295336
295674 296014
302209 304187
304328 304863
305802 307262
308804 309280
311331 316227
316935 318331
322283 323024
327003 327305
327838 330279
330974 332962
333524 349173
350489 350835
351880 353015
353102 354358
358265 359133
362253 362959
364121 369156
374792 376316
377445 380356
382456 385348
388230 390292
392342 392437
394630 394911
396284 398318
399017 399337
400122 400388
400889 402124
408753 414106
414854 417561
418265 419244
420221 421518
423754 425528
435221 435362
436882 436936
437841 438126
439101 439940
440407 442152
442462 448709
449206 454083
457248 460871
461643 462744
464093 466772
466842 486879
487415 521344
523569 523720
525562 538616
547038 551607
552666 557592
558200 561917
563375 565108
566437 568097
569947 571612
571844 572529
572635 576397
577703 585186
585738 587060
589322 589548
589942 590566
591621 597690
598625 599349
600852 603425
610958 614591
615708 621955
624806 624968
629290 630128
630918 632458
634273 635005
636831 640795
641933 642467
646038 647351
650595 652439
656040 665634
672052 679517
681643 682211
683245 683984
688825 693476
695597 696549
697152 697278
697568 698687
702564 702804
703787 705692
711840 715653
716486 721326
725273 725329
725528 727496
730113 738327
739325 739482
740528 743920
745205 748302
752376 762742
766372 775455
781262 786419
786771 789843
794486 822146
822265 825184
825700 832177
833936 834094
834675 843909
844195 844335
849627 853178
853555 853843
853928 855475
856212 856420
863712 866456
866794 866864
869584 869634
872648 873131
874725 876530
878505 878764
881031 885130
887634 887691
888917 889604
892022 892100
895561 896114
896810 898455
901382 901992
903188 903421
903706 903836
907261 908360
909458 913214
913923 914904
917035 917562
926509 927485
927800 930655
935250 936022
936949 937774
938217 939109
939575 941506
941714 954412
955512 959373
961852 962661
964274 966025
969461 977431
977712 984475
985372 991246
992652 993035
994206 995018
995871 1001026
1003191 1003240
1005277 1006038
1010848 1010973
1011252 1012598
1013162 1013972
1015433 1015716
1016438 1029503
1029656 1032459
1035140 1036033
1037861 1041094
1041953 1042573
1043501 1043652
1046123 1048138
1051044 1056744
1063735 1067054
1070649 1070860
1071597 1079939
1080078 1080643
1082142 1083812
1084843 1087299
1087732 1087841
1093574 1093910
1096637 1096890
1100186 1100892
1101502 1103925
1105351 1105564
1106830 1110506
1111710 1111885
1115734 1123961
1126060 1129103
1129444 1131327
1131474 1133413
1135007 1135061
1135570 1138837
1138946 1139574
1142202 1142885
1143806 1143902
1145428 1146002
1146607 1147631
1147955 1148266
1148726 1157553
1158940 1159641
1160481 1160575
1162278 1162860
1166727 1166866
1170546 1172159
1173925 1174174
1186724 1186780
1190558 1195627
1197676 1198174
1200158 1200916
1206607 1207174
1207594 1208368
1212618 1212984
1214228 1215081
1217261 1217370
1219001 1220113
1221834 1222934
1223922 1230512
1235201 1235733
1236820 1243946
1244710 1245139
1248623 1249467
1251427 1256117
1257753 1257976
1258452 1258766
1259573 1261686
1265846 1267156
1268776 1278257
1280581 1280923
1281943 1282267
1283407 1286803
1289135 1290386
1290765 1305206
1310831 1311672
1313565 1322152
1322793 1323733
1324466 1324569
1326032 1327174
1328307 1328520
1329081 1329787
1333013 1333286
1334081 1334319
1336019 1340986
1345818 1356385
1357324 1357565
1358252 1358318
1363460 1364071
1364901 1377445
1380185 1381192
1382586 1383153
1388279 1391290
1393049 1394247
1395450 1407918
1410831 1411287
1411945 1416372
1419388 1451235
1451503 1455453
1455880 1457444
1458131 1458487
1460298 1461832
1462845 1463272
1463380 1463492
1463996 1464406
1465076 1466882
1467722 1468399
1468876 1470089
1472973 1473581
1473698 1473810
1478315 1478727
1483438 1487248
1487643 1487769
1490041 1490618
1491327 1493222
1499327 1499414
1500988 1509611
1510456 1520342
1523005 1523445
1524761 1534190
1538907 1556020
1569877 1581219
1581523 1581749
1582673 1591231
1591575 1602102
1606312 1614267
1616552 1616658
1617739 1617794
1622602 1623050
1623977 1626701
1630818 1635203
1635289 1640260
1641063 1645028
1645151 1648221
1651678 1658821
1660764 1661297
1666090 1667047
1667257 1674584
1676846 1676913
1680418 1680558
1680920 1688464
1698731 1708628
1711681 1711865
1714194 1714589
1717413 1719695
1723115 1733691
1736746 1738021
1740402 1747281
1747616 1769591
1772415 1772511
1779624 1780453
1785038 1785259
1786630 1786801
1787855 1790523
1791964 1792096
1795201 1795439
1795915 1803053
1803758 1810136
1812495 1813057
1813569 1817116
1817585 1828331
1829475 1833597
1838679 1843739
1844410 1848897
1849896 1850157
1851993 1852345
1852503 1857627
1860644 1863818
1864906 1866504
1867666 1867814
1869949 1870019
1871452 1873100
1874296 1874553
1875386 1875461
1875555 1877012
1880087 1880245
1882175 1888336
1888974 1889561
1891854 1896689
1897954 1902072
1903924 1905223
1906854 1917847
1918331 1919340
1919951 1926465
1927408 1934192
1936187 1942266
1943190 1983600
1985555 1986941
1987782 1998578
2001226 2001366
2002659 2019060
2019139 2019711
2019886 2020063
2022674 2022816
2025066 2032074
2035354 2035494
2037422 2040483
2043589 2055496
2056039 2089088
2090183 2090307
2090453 2093766
2093952 2096017
2097822 2100226
2102509 2111768
2112816 2113906
2114729 2115707
2119094 2138488
2141319 2147329
2148069 2150820
2153775 2155315
2161680 2162204
2163510 2166067
2169033 2169765
2169937 2176411
2187912 2188718
2191745 2194278
2199825 2201048
2206861 2214878
2216298 2216579
2220173 2220512
2222683 2222962
2226857 2236218
2238012 2277800
2279182 2282878
2284942 2322111
2323855 2327456
2327849 2329339
2329559 2337789
2338680 2351243
2353717 2365639
2365912 2372407
2372790 2387691
2387838 2388795
2389230 2390208
2393604 2414734
2423822 2425597
2428631 2435202
2435857 2441565
2442177 2447273
2448385 2450659
2454630 2463277
2466755 2473629
2476322 2499221
2499498 2499778
2501814 2502222
2502847 2503175
2504317 2525846
2526242 2528736
2528853 2531775
2532915 2533772
2535095 2535605
2537301 2548342
2551570 2553479
2561877 2562010
2567096 2567283
2571336 2590053
2590717 2594267
2594434 2604201
2604487 2605110
2610348 2610431
2612055 2616318
2617074 2617797
2619243 2619563
2627862 2627916
2630529 2636452
2641901 2642137
2643298 2644860
2645879 2646300
2647242 2647452
2654278 2661795
2663414 2673137
2675411 2680051
2680821 2681313
2681839 2682439
2683403 2683494
2683728 2684055
2686354 2688565
2689472 2689873
2691152 2742849
2745612 2746955
2752503 2754149
2755229 2755420
2758347 2759303
2767753 2767805
2772192 2772490
2778150 2781363
2783587 2790163
2790305 2790495
2790980 2791133
2792814 2792946
2797169 2802958
2803441 2804937
2806960 2814274
2814878 2818173
2822588 2829394
2830443 2836658
2839305 2839668
2841001 2841274
2842073 2842130
2845172 2846677
2850055 2854695
2858683 2858813
2858904 2859412
2859788 2859908
2862368 2865024
2870353 2897080
2899973 2905793
2906584 2908905
2910255 2910456
2910706 2913405
2914824 2916931
2919080 2926865
2929790 2968548
2970129 2970448
2971498 2980294
2981443 2984319
2994342 2998306
2999595 3002946
3004940 3005063
3014418 3030825
3031922 3042733
3042986 3046363
3048061 3133507
3139111 3150327
3151869 3160690
3168195 3168815
3173113 3184801
3185809 3198743
3198824 3205449
3206140 3214418
