Bacteroides_fragilis_YCH46_gi_53711291_ref_NC_0
1 9843
10537 67118
68148 71557
72063 77756
78410 106519
107187 116167
118136 118614
119767 119899
121186 121348
122470 122661
124587 124947
126400 126483
147180 167242
167849 169527
170288 171745
172680 186625
187328 245815
246404 261099
261875 278386
279162 280654
281242 291569
292169 299517
300037 313360
314100 322024
322639 331765
332496 350581
351099 358860
359864 366371
367012 374568
375080 398846
399439 400287
401208 409910
411315 411510
412456 449996
450652 499875
500484 508979
509603 519753
520675 547753
548427 570365
570896 588276
588955 608559
609365 626083
626585 629495
630020 632170
633241 634337
635049 651819
652580 664433
665171 680286
681615 687756
687862 691125
691845 692842
693447 697024
697695 736785
737373 739453
739987 740211
740804 744565
745266 767556
768714 776287
776994 779010
779530 871107
871776 882631
883384 893578
894125 933717
933929 941005
941651 947529
948168 981364
981936 990758
991350 996183
996863 1001603
1002500 1051644
1052195 1061323
1061975 1089721
1090417 1111949
1113097 1122487
1123648 1160415
1161113 1167501
1168059 1179201
1179919 1209210
1209909 1231115
1232044 1247851
1248493 1257079
1257697 1300539
1300662 1312659
1313479 1424685
1425462 1455187
1455918 1494783
1495331 1528334
1529226 1625437
1626030 1653133
1653634 1716031
1716568 1810970
1811494 1863404
1863573 1909281
1909931 1921232
1922038 1945990
1946498 1960103
1960723 2007668
2008317 2040474
2040665 2118724
2119260 2175254
2175765 2240540
2241372 2417168
2417591 2457468
2458129 2566277
2566905 2601227
2601940 2657128
2657309 2679892
2680724 2772445
2773115 2809158
2809704 2810086
2810701 2814452
2814986 2817651
2818167 2885553
2886141 2916302
2916891 2998206
2998715 3026202
3026719 3072453
3073162 3354236
3354539 3408653
3408765 3425490
3439678 3585398
3586097 3591040
3591677 3608807
3609438 3759790
3760399 3849032
3849631 3849873
3850440 3878327
3878981 3884929
3885571 3896721
3897424 3900190
3900761 3904373
3905144 3935557
3936268 3955695
3956334 4015128
4015737 4047866
4048404 4056823
4057326 4100595
4101123 4108556
4108944 4122556
4123210 4187474
4188090 4204146
4204764 4238601
4239184 4283604
4284656 4288831
4289449 4310623
4311160 4349309
4350374 4357066
4357301 4358189
4358826 4361052
4361383 4363162
4363826 4408825
4409490 4488801
4489544 4520335
4520939 4529061
4529733 4534096
4534637 4535724
4536459 4548492
4549533 4563897
4564600 4568425
4569125 4597313
4598131 4619276
4620009 4685939
4686576 4699930
4700644 4702037
4702729 4704181
4704791 4727241
4727847 4731828
4732575 4781837
4782382 4797092
4797632 4885666
4886380 4904349
4904914 4947018
4947686 4992688
4993216 4998994
4999831 5005076
5005610 5006837
5007380 5015990
5016878 5023528
5024059 5032459
5033278 5036783
5037127 5044392
5044983 5050574
5051110 5060908
5061532 5073510
5074507 5075344
5075949 5092719
5093314 5115056
5115680 5133149
5133910 5141753
5142290 5155138
5155797 5156534
5157123 5173188
5173705 5253654
5254300 5257212
5258349 5259599
5260223 5261062
5261564 5277274
