Bacteroides_fragilis_YCH46_gi_53711291_ref_NC_0
1 133367
133993 135119
135931 137229
141725 141849
142437 143110
143655 145716
146862 153186
153767 158570
159856 163017
163580 768006
768688 768828
768894 1513543
1513659 1513868
1514108 1514325
1514444 1516899
1517118 1517383
1517506 1517643
1518028 1518505
1519065 1519713
1519851 1520023
1521417 3200941
3201459 3202471
3204195 3209077
3213730 3214137
3219689 3220101
3221421 3221923
3226025 3229292
3237679 3287230
3291869 3292248
3296923 3312825
3313614 3313685
3321565 3321676
3326000 3425507
3432887 3432989
3439678 3445553
3445815 3446036
3446233 4192181
4192476 5277274
