Bacteroides_fragilis_YCH46_gi_53711291_ref_NC_0
1 9961
10467 16662
17394 25818
26805 36600
37560 59742
60247 67114
68067 71691
72359 77749
78411 97694
98303 106582
107145 114695
115534 124845
127144 130493
163823 167216
167828 169485
170523 174952
175545 191584
192120 196503
197304 245567
246674 250047
250577 256846
257415 261099
261996 283517
284088 291558
292184 298053
298671 300586
301167 313459
314101 322024
322537 324021
324990 331942
332496 341841
342450 352281
352854 358878
359871 364787
365387 374568
375127 393267
393446 409910
412371 418987
419401 437106
437802 468135
468717 508956
509603 525956
526079 537466
538033 541690
542281 547808
548437 552715
553418 563232
563964 603896
604434 606775
607340 626083
626730 632452
633270 634497
635049 661970
662520 664484
665812 680357
681615 692842
693466 697013
697695 734177
734687 736784
737658 739449
740837 742318
742946 776287
777367 779010
779598 783984
784608 785843
787262 821942
822466 828888
829120 829243
829433 833209
833772 839825
840439 843630
844135 863735
864343 864914
865433 871077
871793 882631
883334 893643
894145 900982
901748 927609
927881 933717
933945 936578
937300 938756
939271 940990
941765 944773
945310 949714
950250 975131
975674 996174
997150 998327
998989 1001603
1002351 1023957
1024503 1058477
1059060 1061314
1061975 1067812
1068347 1071962
1073019 1084176
1084792 1111744
1113051 1122463
1123652 1130943
1131627 1134269
1134657 1140166
1140289 1160371
1161125 1179201
1180155 1185379
1185754 1209441
1209952 1231064
1232051 1253435
1254213 1256752
1257697 1283623
1284223 1307997
1308653 1314038
1314580 1316732
1316913 1340730
1341232 1375976
1376559 1376916
1377465 1378045
1378560 1424676
1425317 1440223
1440800 1448111
1448834 1528334
1529113 1538656
1539656 1541687
1542288 1551463
1552131 1570790
1571409 1591550
1592166 1599265
1600268 1600861
1601632 1604715
1605686 1611409
1612261 1625437
1625916 1691599
1692156 1717369
1718145 1740707
1740799 1810970
1811813 1817946
1818240 1818420
1818683 1899890
1900015 1909059
1909931 1960103
1960762 1992675
1993209 2000633
2001353 2006663
2006948 2007660
2008357 2027277
2027849 2035609
2036130 2111709
2111932 2120664
2121192 2132871
2133244 2139463
2139989 2218874
2219471 2227018
2227582 2240618
2241409 2262208
2262914 2268933
2270030 2271849
2272401 2337703
2338335 2417122
2417623 2444720
2445286 2457600
2458157 2482968
2483255 2566277
2566930 2582111
2582646 2601228
2601827 2656935
2657309 2679892
2680734 2748482
2748628 2764087
2764594 2808986
2809704 2810072
2810651 2814452
2815067 2858736
2859320 2864704
2865228 2950071
2950626 2998202
2998716 3061818
3062778 3072149
3073645 3151577
3152096 3339326
3339889 3355148
3355666 3375210
3375422 3375937
3376499 3462497
3463118 3467063
3467615 3494046
3494703 3550260
3550836 3569484
3570060 3585398
3586004 3608805
3609382 3616649
3617178 3617628
3618311 3669901
3670561 3692818
3693581 3709145
3710573 3824402
3825269 3833146
3833931 3871814
3872667 3876282
3876856 3878280
3878920 3884929
3885511 3896712
3897233 3952202
3952704 3990069
3990748 3990912
3991514 3993411
3994076 4015128
4015737 4047830
4048458 4056707
4057326 4073983
4074699 4083506
4084184 4108556
4108944 4118101
4118880 4122556
4123210 4129095
4129678 4159004
4159449 4161233
4161456 4187474
4188254 4202875
4203457 4204172
4204800 4206117
4207298 4214912
4215144 4231207
4231324 4238601
4239122 4246127
4246345 4246464
4246994 4271129
4271628 4288831
4289483 4297814
4298527 4313501
4314142 4323843
4324411 4349072
4350212 4363374
4364071 4408825
4409526 4422108
4422850 4432219
4432725 4442199
4442353 4446446
4446949 4448865
4449458 4488457
4489826 4512313
4512857 4528527
4529753 4532414
4532967 4535724
4536459 4548492
4549021 4554242
4554968 4563897
4564505 4573040
4573325 4573458
4573691 4573804
4574070 4597295
4598076 4619275
4620009 4654341
4654861 4667768
4668312 4668578
4669128 4685939
4686576 4699476
4701168 4702030
4702735 4704181
4705102 4731801
4732378 4739019
4739851 4748259
4748831 4781824
4782621 4797137
4797657 4798092
4798730 4798998
4799553 4809786
4810396 4885666
4886434 4887090
4887644 4892725
4893247 4904349
4904928 4905504
4906008 4917062
4917536 4926322
4926939 4931581
4932201 4944494
4945001 4952105
4952692 4992682
4993365 4998043
4999587 5007849
5008516 5010739
5011392 5017578
5018159 5023209
5024262 5036774
5037314 5039936
5040432 5043436
5043682 5092717
5093314 5133237
5133910 5135532
5136252 5147548
5148129 5151848
5152554 5160532
5161134 5173188
5173976 5180525
5181134 5187108
5187738 5207474
5208039 5208573
5208795 5216324
5216894 5218290
5218892 5253799
5254300 5259494
5260258 5261048
5261566 5277274
