Rhodobacter_sphaeroides_gi_484336777_ref_NZ_
1 52135
Rhodobacter_sphaeroides_gi_484336771_ref_NZ_
1 114178
Rhodobacter_sphaeroides_gi_484336764_ref_NZ_
1 199
5351 12096
12459 12949
13581 14293
14745 14834
15364 19055
21476 23262
24053 26015
26695 26856
27497 28205
29832 29906
30408 31767
32545 33751
34451 35586
36369 37169
38221 41477
42276 42448
43923 44198
44788 46179
47427 49978
50613 51666
52427 52492
53760 55380
56644 56705
57777 57939
58625 59227
60563 62152
63960 66840
67639 68304
68819 70284
71231 71424
72144 72367
73270 74437
75017 75623
78704 79106
80963 83595
84316 85023
85627 86031
87178 89223
89932 89994
90670 91137
92761 93115
93685 99363
100010 101290
101935 103039
104839 105706
106208 106384
108177 109500
110484 113638
114801 115975
116720 116956
117690 119458
120772 121046
122334 122569
123135 123834
125036 127514
128475 129845
131904 134345
136212 136614
137138 137290
137983 138115
138876 143460
144262 145201
146097 147468
148854 149085
150136 150659
152838 153287
154687 154973
155933 157192
157806 158938
159569 163594
164341 165411
166648 167052
167588 168114
169820 170216
170960 171573
172313 172533
173336 174573
175167 176095
176598 176671
177318 177927
178485 179962
180531 181329
182234 182599
183457 184325
185649 185702
186304 186884
187569 188290
189656 190977
191538 191779
193077 194570
195692 197206
198197 198256
199745 201713
202462 204587
206313 209520
210251 213670
214173 216456
216981 227700
228610 255479
256584 260380
261126 263672
264382 266172
266812 267388
269538 269779
271689 272041
272755 274096
275182 276832
277433 282753
284038 286112
287098 287456
288626 288728
292575 293022
294440 295143
296446 296819
297328 298293
299479 299914
301044 301551
302186 302294
303298 304257
307332 307618
308126 308438
309352 309669
310321 310396
311312 311410
311965 312613
313513 315315
316148 318469
319671 323017
324928 325014
325732 325861
327304 327454
328379 329469
331238 333840
334454 335839
337202 338041
338800 341217
341806 343312
345673 345872
346467 348025
348678 351529
352107 355279
355945 357358
358193 360318
362985 364234
364906 366111
368290 368726
369610 370058
370632 371121
371802 372826
375418 377158
378404 378517
380454 380514
382623 383333
383843 385008
386530 387431
388030 390296
390804 391437
392539 392972
394326 394764
395406 397008
397770 398496
399720 400784
401446 401512
402075 403187
404065 406404
407507 407611
408269 408420
409171 410743
412563 412862
413545 414425
416603 416961
417590 419215
419717 419880
420404 420738
421607 422009
422873 423509
424200 426139
426963 427452
428108 428851
429392 430991
432583 433147
433958 435199
435783 436772
437676 439672
440636 441877
442791 442962
443636 443771
444359 445866
446842 448973
450080 452052
452586 453916
454775 455315
456375 457715
459512 460183
460913 462216
464133 466677
467279 467685
468995 469453
470125 470205
471298 471375
471950 472593
474265 474782
476295 478370
479598 479723
481132 481368
483061 484782
485896 486402
486960 487021
488408 488895
489669 490820
492238 494237
494934 497750
498409 498969
499981 501089
501736 505045
506207 506758
507748 507802
508451 510104
510757 512009
512794 512863
515181 515801
516367 516786
517882 519611
520278 520662
521292 521569
522264 522318
523168 524601
525894 526565
528473 528527
529259 530400
530979 536640
537840 539083
539856 540784
541724 541826
543566 544896
545470 545689
546908 548829
549877 549989
551187 551708
553005 554829
556119 556317
556894 557112
557924 558650
560082 561258
561797 561852
562645 562989
564367 564789
565716 566421
567593 568547
569266 569591
570209 572347
573045 574650
575249 577022
578455 580135
580983 581285
582140 583848
585125 587160
588739 592802
593478 593939
594542 596427
597152 599761
600642 601681
602536 603318
603961 606897
608007 608424
609148 610090
611293 611764
612421 617148
617871 618402
619496 622227
623186 626986
627680 629965
630869 632729
633514 633605
634163 659069
659536 659901
660443 661613
662201 663902
665788 666067
666686 667907
668485 672049
672116 675532
676201 676787
677474 679046
680597 680871
682387 683969
684779 685124
686520 686799
688359 688897
690308 690570
691402 692565
693807 699105
699638 700638
701219 701457
702805 704654
705431 705872
706380 706733
707328 708397
708990 709737
710326 711034
711644 712762
713410 715131
716663 717413
717937 720551
721098 722094
722744 725935
726620 728713
729609 730100
731061 731146
731750 732443
733322 733911
734431 735715
736286 737524
738220 739240
739874 741669
742211 743996
744705 745158
748160 749693
750273 750527
751761 752779
753706 754103
755169 756141
756883 757385
758327 760407
761264 761383
761971 762287
762975 763703
765162 765281
766432 766869
768155 769381
769951 771505
772240 772530
773330 773692
776011 776077
777000 777314
777982 778204
778721 779940
780504 781783
783141 784093
787261 789437
790281 791489
792179 792847
794122 794480
795578 795797
796551 797598
798126 800260
801024 801240
802027 802621
804453 805091
805791 807280
807835 809755
810425 812052
812791 813525
814104 815943
816501 816827
817466 818215
818873 821386
822416 822681
823755 825130
825761 825908
827329 828572
829197 830685
831317 832070
833439 834487
836030 836829
837867 838424
839729 840314
840895 843382
844091 846286
846799 851440
851991 852782
853505 855650
856212 856479
857164 858375
859073 859258
862473 863004
863554 864748
865410 867115
867885 869321
870068 871737
872871 872997
873706 873936
874945 875716
876455 876698
877271 877523
878596 879074
879791 880980
881593 881690
882384 884413
884596 885572
886496 886994
887534 888464
890267 890351
891244 892872
893874 894222
894897 895447
896948 900258
900806 901046
901749 902007
902803 906099
906926 908471
909012 909329
909928 910905
913777 915588
916350 916492
917205 917590
918401 918774
919304 919951
921158 921436
922577 923068
923659 923989
925133 925207
927238 928056
930213 931491
932458 934697
935302 936714
938143 939897
941751 943319
944186 944263
944902 945071
946441 947229
947834 949067
949972 950121
950877 951250
952956 956168
956694 957067
958761 959277
959926 960901
961463 962447
964837 966573
967238 967294
968332 969454
970256 990463
991203 991946
992781 993499
994448 995460
995998 996145
996815 996911
997763 999130
999783 1000207
1003191 1005784
1007291 1012189
1012730 1012999
1013543 1013677
1014179 1015477
1016590 1018113
1018626 1020268
1021013 1022163
1023456 1023581
1024096 1030392
1030914 1035899
1038326 1038454
1039282 1040587
1041226 1041286
1041990 1042380
1044058 1046923
1047488 1047684
1048374 1050192
1050786 1050898
1051865 1052942
1054260 1058308
1058834 1059357
1060707 1062124
1062697 1062781
1063610 1063940
1065872 1066852
1067392 1069530
1070878 1072642
1073851 1075179
1076226 1076671
1077211 1079016
1080442 1080685
1081281 1081499
1082230 1082608
1083405 1083999
1085356 1086635
1087427 1088167
1088838 1089131
1091295 1100670
1101234 1102643
1103195 1104168
1104888 1105170
1105746 1106119
1106789 1108148
1108880 1109087
1109845 1110093
1110991 1111928
1112864 1114923
1115434 1116732
1117427 1118593
1119179 1120252
1122390 1122933
1123930 1127936
1128448 1129042
1129727 1131444
1132107 1132185
1132775 1132978
1133824 1135390
1136248 1136486
1137038 1137747
1138766 1139496
1140159 1147004
1147577 1147983
1148576 1149421
1150092 1150946
1151913 1152185
1152704 1154130
1154680 1155187
1156994 1157621
1158157 1160308
1160847 1161260
1162565 1162892
1163563 1163639
1164744 1164810
1165349 1165713
1166571 1168406
1169276 1170064
1171293 1171383
1172615 1173750
1174449 1175728
1176350 1176495
1178314 1178433
1178916 1178988
1179765 1179826
1181560 1181628
1182298 1185912
1187449 1187528
1189383 1190944
1191803 1192517
1193279 1193473
1194005 1194404
1195156 1195243
1196575 1198254
1198791 1200685
1202040 1205165
1206173 1206225
1206802 1207275
1208536 1208682
1209651 1210469
1211209 1212118
1212880 1213014
1213758 1214794
1215486 1218795
1219768 1220263
1220794 1221250
1222262 1222816
1223465 1223715
1224369 1227085
1228813 1231109
1231635 1233666
1234437 1235389
1236765 1238089
1239485 1239753
1240529 1241680
1242970 1243253
1245212 1246258
1246885 1247068
1247702 1248201
1249086 1250674
1251216 1252662
1255352 1258059
1258825 1259029
1259590 1259705
1260669 1260890
1261719 1262414
1263143 1263858
1264578 1266003
1266542 1267437
1267965 1268426
1269407 1270004
1271115 1271568
1272084 1274215
1275183 1275995
1276790 1277411
1277954 1279076
1280299 1280870
1281837 1283152
1283806 1283884
1284419 1286148
1286652 1287385
1287974 1288860
1289400 1289676
1290603 1291211
1292911 1293893
1295649 1296207
1296879 1297848
1299596 1305696
1306989 1308206
1308968 1309523
1311058 1311169
1313323 1315814
1316651 1317336
1318008 1318195
1318982 1319458
1320759 1323493
1324336 1324895
1325483 1327224
1327915 1328131
1329801 1329970
1331016 1331837
1333164 1334436
1335567 1336993
1337660 1339657
1341326 1342658
1343895 1347957
1348810 1349200
1349920 1350264
1350890 1351186
1352589 1352668
1353562 1355410
1356974 1357159
1358839 1359504
1360032 1360732
1361562 1361618
1363823 1363922
1365397 1366358
1367134 1368636
1369447 1369661
1370872 1371483
1372096 1373190
1373439 1373581
1376243 1378005
1378758 1381187
1382017 1382787
1383599 1383854
1384705 1385185
1386841 1386930
1387827 1388765
1389522 1391548
1392260 1392313
1393016 1393165
1393694 1394083
1395836 1397042
1397895 1398910
1399202 1416261
1417137 1417279
1418085 1420240
1421021 1421171
1422224 1425035
1427804 1428336
1429653 1431063
1431690 1436852
1437918 1438190
1439129 1440130
1441305 1441466
1442762 1443794
1444958 1445731
1446385 1447678
1448446 1449156
1450081 1450551
1451642 1451910
1452456 1453501
1454510 1457756
1458728 1459148
1460870 1460933
1461660 1461732
1462543 1463184
1463711 1464071
1464985 1466065
1466691 1466950
1467903 1468903
1470872 1471287
1471948 1474189
1474801 1475660
1477562 1480436
1481320 1483094
1483636 1484569
1485372 1485457
1486018 1487180
1487879 1487983
1489510 1491022
1491846 1492399
1492916 1492984
1493720 1493832
1495012 1495105
1496094 1496147
1496877 1497075
1498255 1498642
1500442 1501036
1501694 1502136
1502768 1504291
1505345 1510269
1510941 1511061
1511622 1512327
1512987 1513082
1514072 1514660
1515185 1516488
1517004 1517559
1518399 1520319
1520833 1521187
1521726 1522068
1522690 1523392
1524041 1524597
1525112 1528490
1529227 1537251
1537929 1538231
1538861 1539818
1540521 1541345
1542685 1542807
1544364 1544978
1545963 1546046
1546579 1546704
1547990 1548416
1549089 1555418
1556428 1556481
1556996 1557104
1557717 1557860
1558424 1560305
1560829 1562825
1563437 1563513
1564076 1564408
1565624 1566064
1567676 1568479
1569398 1570545
1571088 1572426
1573659 1574471
1575144 1575206
1575963 1578862
1580248 1584929
1586072 1586128
1586669 1588663
1589702 1589872
1590612 1591835
1592356 1592728
1593541 1593606
1594392 1594883
1595471 1595649
1596471 1598718
1600384 1601136
1604133 1605569
1606738 1606856
1607454 1608086
1608590 1609278
1609807 1610611
1611192 1611403
1612295 1613576
1614118 1614458
1615228 1616331
1616994 1617606
1619287 1619389
1620130 1620758
1621684 1623816
1624865 1625311
1625897 1626378
1626893 1627561
1628901 1631180
1631950 1632691
1633495 1633930
1634610 1636702
1638185 1639242
1639901 1639985
1642273 1642525
1643035 1643118
1643872 1644369
1645233 1647531
1648037 1649138
1649950 1650074
1650622 1651317
1652367 1652427
1653166 1653250
1654234 1655648
1656154 1657225
1657761 1658192
1660035 1660644
1661369 1662845
1663366 1664605
1665529 1665578
1666089 1666686
1667519 1670615
1671172 1672798
1674797 1675042
1675678 1677205
1677867 1707355
1707908 1709219
1709755 1709869
1710382 1714480
1715096 1715212
1715740 1716920
1717511 1717921
1718453 1718895
1719801 1720019
1720542 1723551
1724667 1724981
1725747 1725837
1727606 1728092
1729324 1729962
1730866 1732280
1732784 1734012
1734720 1735396
1735965 1736109
1736703 1736766
1737305 1742626
1743286 1744324
1745023 1745491
1747344 1748581
1749844 1750410
1752026 1753160
1753877 1757753
1760413 1760486
1761828 1762494
1763071 1764642
1765236 1766729
1767706 1768514
1769871 1770021
1770740 1770873
1771868 1775341
1776486 1776689
1777368 1777470
1778075 1779471
1780162 1780620
1781378 1781681
1782506 1783757
1785352 1788901
1789573 1792486
1795076 1795554
1797480 1798090
1798760 1799999
1800770 1803328
1803863 1804555
1805163 1805593
1806666 1809876
1811621 1814286
1815431 1816148
1816946 1817448
1818359 1818454
1818957 1820976
1821644 1821884
1822386 1822655
1823461 1823691
1824395 1824826
1825467 1825997
1827192 1828720
1829486 1832514
1833130 1833459
1834215 1836107
1836651 1838278
1838850 1838979
1839803 1842034
1843019 1844599
1845459 1845936
1846440 1848240
1849034 1854978
1855606 1856017
1856821 1857713
1858303 1858591
1859277 1860163
1860689 1862824
1863637 1864680
1865194 1866911
1867424 1867584
1868220 1869661
1870377 1871694
1873149 1878776
1879363 1879735
1881567 1882075
1883018 1884136
1884906 1889567
1890105 1895598
1896214 1896486
1897036 1897509
1898550 1900540
1901323 1901401
1902787 1903625
1904428 1905004
1905545 1906090
1906835 1907498
1908222 1908322
1909100 1909377
1910140 1910894
1912308 1912841
1914269 1914615
1915928 1916017
1916835 1918287
1919518 1919682
1920367 1932133
1932636 1933387
1933948 1943538
1944590 1945924
1947432 1947499
1948564 1950173
1950998 1951566
1952228 1953216
1954047 1954783
1955357 1956545
1958032 1958105
1959903 1962711
1965760 1965975
1966487 1967823
1968558 1968938
1969523 1972351
1973304 1974191
1975048 1977907
1978517 1979015
1982892 1983046
1984464 1986177
1986684 1987258
1987842 1988604
1989506 1991644
1993120 1993386
1993977 1995846
1997996 1998498
1999086 1999383
1999955 2001797
2003312 2003827
2004546 2004802
2006252 2006961
2007693 2008796
2009789 2010217
2011502 2011655
2012383 2013268
2014797 2015480
2016679 2016786
2017358 2017807
2018377 2018526
2021563 2021817
2022663 2022718
2023599 2023990
2025144 2027006
2027789 2027932
2028908 2031179
2031935 2032058
2032810 2032906
2033463 2035419
2037465 2038251
2039165 2044243
2046714 2046947
2047622 2048019
2049847 2050693
2052062 2052265
2053516 2053583
2054324 2054554
2056363 2059120
2060222 2061921
2062432 2062498
2063005 2064251
2065656 2065975
2067211 2069483
2070077 2072931
2075545 2075834
2077177 2077226
2078881 2080987
2082397 2082526
2083432 2083944
2085024 2087204
2087707 2089629
2090261 2093251
2094764 2096528
2097054 2097477
2098085 2098940
2099761 2100274
2100786 2102590
2103142 2104324
2105268 2106568
2107091 2108021
2108716 2110188
2111338 2111412
2112377 2113677
2114569 2116225
2116991 2118639
2119264 2120526
2121625 2122291
2123236 2123516
2124131 2124558
2125093 2127560
2131095 2132127
2133399 2135072
2136140 2136217
2137085 2137830
2140485 2140699
2141397 2143116
2144050 2144474
2146688 2146912
2147878 2148348
2149112 2149851
2151009 2152349
2152859 2153353
2153866 2156270
2156863 2161794
2162792 2165646
2166340 2167052
2168353 2168849
2169638 2170296
2171169 2173425
2174414 2174690
2175406 2177783
2178645 2182325
2182840 2183069
2183685 2184508
2185101 2185724
2186426 2187570
2188396 2189229
2192354 2193114
2193927 2194079
2196229 2199362
2200051 2201091
2201976 2202844
2203515 2204017
2204531 2205341
2205878 2207351
2208734 2208899
2209445 2209802
2211657 2211924
2212880 2213481
2214490 2214555
2215217 2215622
2216335 2216598
2217484 2217536
2218396 2219500
2220259 2220753
2221776 2222851
2223429 2224151
2225334 2225383
2226317 2226710
2228661 2234108
2235723 2235820
2236423 2239022
2239637 2239690
2240661 2241945
2243133 2243185
2244167 2244498
2245073 2245518
2246559 2250061
2250715 2250833
2251712 2251796
2252956 2253254
2253832 2254387
2255282 2255658
2257328 2258036
2259491 2259565
2260623 2261945
2262462 2263612
2267907 2267991
2268546 2268829
2269659 2270511
2271309 2272988
2273956 2279259
2279850 2282415
2283040 2286358
2287253 2287336
2288562 2290921
2292896 2293188
2293797 2294926
2295463 2295549
2296549 2298108
2298669 2298814
2299438 2301290
2302792 2305701
2307122 2309394
2310048 2316693
2317929 2318209
2319119 2319436
2320593 2320753
2321860 2322018
2323135 2324171
2325021 2326902
2327946 2331417
2332168 2332682
2335148 2337245
2338099 2342088
2342957 2347055
2347419 2348326
2348593 2362826
2363408 2364001
2364569 2364641
2365236 2367153
2367878 2368003
2368775 2370827
2372419 2372767
2374647 2376898
2377599 2377731
2378561 2380205
2381157 2383492
2384504 2385196
2386790 2386915
2387541 2388374
2389105 2392971
2394184 2394334
2395281 2396614
2397428 2397772
2398466 2399669
2401092 2402198
2403607 2404142
2405328 2405545
2406270 2408196
2410527 2413166
2414360 2420304
2420880 2421971
2422567 2422800
2424795 2427087
2427606 2428617
2429256 2429790
2430324 2430646
2431154 2432880
2433772 2434176
2435433 2435736
2436696 2436930
2437588 2439859
2440471 2441574
2442692 2443000
2443896 2445178
2446092 2446686
2447285 2447505
2448404 2449254
2450254 2450530
2451907 2451991
2453172 2453947
2454545 2454847
2455473 2455991
2456668 2456743
2457948 2458067
2458823 2459588
2460155 2460937
2462145 2462289
2463105 2464071
2465192 2465721
2466699 2467751
2468538 2469856
2470494 2470944
2471572 2471637
2473331 2474672
2475259 2475673
2476330 2477952
2478530 2480300
2481510 2482373
2485114 2486703
2487525 2488901
2489565 2489686
2490339 2490559
2491433 2491748
2493843 2493899
2494495 2494842
2496021 2496741
2497693 2498518
2499933 2501919
2502781 2503414
2504245 2504562
2505106 2507676
2508769 2509470
2509986 2510078
2511428 2511971
2512774 2513350
2514080 2514237
2515218 2517830
2519291 2519920
2520564 2520838
2522846 2526929
2528062 2528141
2529571 2531763
2532359 2534879
2535919 2535973
2536769 2539483
2540662 2540745
2541356 2545198
2546436 2546559
2547160 2549121
2551068 2554430
2554983 2556350
2560366 2562578
2563140 2564370
2565067 2565387
2566113 2567322
2567920 2568460
2569018 2570185
2571347 2573071
2574360 2576268
2577261 2578279
2579013 2581159
2582067 2582196
2582797 2583672
2584651 2584912
2585598 2585935
2586917 2587896
2589108 2590857
2591541 2592442
2593093 2593370
2595776 2596296
2596979 2599314
2600643 2600960
2601533 2604730
2605578 2606952
2607467 2607566
2608159 2608423
2609991 2611109
2612529 2618845
2620580 2622732
2623704 2624371
2625071 2626045
2626571 2627668
2628885 2630184
2631046 2632935
2633510 2635986
2636513 2637886
2638635 2638720
2640196 2641294
2642120 2643062
2643899 2644247
2644962 2645861
2646683 2646817
2647498 2649239
2650518 2653915
2654637 2654765
2655486 2656895
2657654 2658657
2660022 2660606
2661133 2661845
2663188 2663893
2664820 2665169
2666256 2666346
2666924 2667895
2669678 2671209
2672184 2672981
2674180 2674583
2676069 2678574
2679519 2680980
2681682 2684200
2684718 2687773
2688279 2689061
2689909 2690237
2691704 2692301
2692923 2693413
2696948 2697956
2698681 2699089
2699760 2700408
2701599 2702452
2703287 2704059
2704632 2707112
2707624 2707762
2708621 2708707
2709858 2713648
2714207 2715011
2716001 2716812
2717936 2718680
2719536 2719652
2720304 2723586
2724140 2726690
2727370 2727787
2728438 2729306
2730224 2730957
2732885 2735377
2735882 2736160
2736704 2736966
2737521 2737624
2738198 2738353
2738886 2739468
2739995 2740069
2740900 2741173
2742044 2742756
2743404 2743664
2744303 2745124
2745836 2746081
2746614 2746753
2747390 2749861
2750412 2751123
2751776 2751872
2752485 2753312
2754647 2754869
2755683 2756665
2757390 2757468
2758114 2759792
2760647 2760794
2761807 2761949
2762852 2763195
2764026 2764336
2767209 2767853
2768427 2768725
2769761 2772054
2772908 2773202
2773836 2773959
2775185 2775635
2776963 2777018
2777762 2778546
2780183 2783578
2784402 2784500
2785037 2785778
2787344 2789511
2791750 2792366
2792983 2796716
2797805 2798196
2799118 2800279
2801355 2802797
2803590 2803721
2804230 2805059
2805986 2806081
2806654 2807751
2808892 2809280
2810086 2810717
2811926 2812236
2812982 2816180
2816681 2818093
2820082 2822137
2823571 2824248
2824802 2825794
2826633 2827070
2827803 2829075
2829852 2830650
2831594 2832344
2832883 2835924
2836582 2836743
2839062 2839855
2841109 2841200
2841859 2842914
2843784 2844488
2846176 2847070
2848607 2849469
2850925 2851045
2851978 2853028
2853733 2853877
2854754 2855426
2855987 2857048
2857575 2858889
2859530 2859704
2862267 2862322
2863124 2863902
2864564 2864670
2865819 2866034
2867477 2867582
2868447 2869066
2869773 2871256
2872711 2872767
2873918 2874702
2875555 2881756
2882367 2883090
2885531 2886374
2887793 2887902
2888501 2889736
2890783 2891311
2892353 2893444
2894446 2895448
2897124 2897352
2898309 2898602
2899283 2899667
2900213 2901897
2902894 2904767
2905275 2905664
2906189 2906284
2907048 2907461
2908066 2908691
2909257 2909647
2910655 2911351
2911984 2912605
2913819 2914303
2914920 2915763
2916278 2916383
2916978 2918287
2919000 2919759
2920360 2920466
2921221 2921951
2922681 2924752
2925407 2926468
2927210 2927770
2928377 2932124
2932959 2933491
2934885 2935155
2935828 2936112
2937040 2937337
2938903 2939056
2939786 2940355
2940878 2941284
2942810 2943163
2943815 2946289
2947489 2947560
2948987 2950161
2950663 2950859
2951378 2951449
2953838 2953896
2955432 2955489
2956584 2958050
2958738 2961049
2962031 2963053
2963719 2964070
2965111 2965296
2965984 2966279
2967967 2968485
2968995 2969128
2971359 2974917
2975750 2976669
2978416 2983048
2983563 2984359
2985066 2985461
2986183 2986503
2987269 2987522
2988032 2990715
2991360 2991651
2992170 2994388
2994898 2995060
2995619 2995840
2996442 2998428
2999033 2999530
3000125 3000224
3001059 3001350
3001863 3002400
3003081 3003437
3003958 3004453
3005688 3006052
3007287 3008766
3009502 3013215
3014299 3014552
3015343 3016318
3016853 3017331
3017879 3018267
3019085 3019749
3020534 3020600
3021496 3022696
3023456 3024494
3025878 3026124
3027469 3028578
3030283 3031669
3032434 3032632
3033765 3034298
3034902 3035660
3036257 3037171
3038585 3039521
3040283 3040595
3041691 3043873
3044397 3045045
3045905 3046557
3047349 3047532
3048601 3048943
3049768 3050187
3050786 3050954
3051702 3051861
3052555 3052757
3053355 3053753
3055127 3055427
3056084 3058880
3059412 3061235
3062011 3062999
3063760 3064724
3065618 3065728
3067725 3067781
3068448 3068585
3070218 3072589
3073497 3073882
3075123 3075469
3076252 3077315
3077845 3078918
3081374 3081932
3083010 3084821
3085823 3086027
3086800 3088337
3089314 3091500
3092006 3093684
3094268 3094906
3095432 3095888
3096576 3096990
3097577 3098319
3099376 3099467
3100065 3102807
3103596 3105947
3106850 3107132
3108577 3109229
3111184 3111979
3114192 3115677
3116503 3117732
3118364 3120004
3121668 3122996
3124503 3124632
3125192 3126493
3127098 3128501
3129485 3130887
3132098 3132622
3133437 3133644
3134267 3134482
3135757 3135822
3136386 3136752
3137576 3138022
3138622 3139141
3139855 3141378
3144162 3149326
3149906 3150791
3151868 3152266
3153582 3154337
3154882 3155603
3156177 3156261
3157105 3157865
3158445 3158498
3159281 3159925
3160790 3161978
3163325 3163785
3164723 3164773
3165420 3170319
3171670 3172868
3173478 3173549
3174053 3174254
3174889 3175468
3176016 3176275
3178159 3178297
3179024 3180730
3182256 3182343
3183212 3184386
3184910 3185095
3185632 3187980
3188234 3188521
Rhodobacter_sphaeroides_gi_484336767_ref_NZ_
1 3819
6304 9220
9903 11451
12422 12551
13378 14461
14538 15918
16470 18273
18827 18914
19534 19966
20530 20594
21550 23248
24229 25611
26178 26262
27015 28740
29329 31106
31840 32339
34303 42593
42835 46074
46314 46411
47201 47250
48927 54125
54763 55599
56362 56855
57397 58812
60874 61377
62014 62169
62833 64190
64858 65135
65656 68236
68898 70318
72007 72609
74250 76889
77536 77940
80415 84694
86001 86255
86872 86935
87732 88154
89832 90285
90958 91874
92535 93254
93940 96003
97091 97593
98156 99412
100152 100203
100746 100878
102899 103288
104251 106033
106879 106936
107976 109226
110090 110436
110995 111125
112494 112616
113549 113626
114517 116556
117416 117568
118168 118297
118913 120098
121328 123258
126082 126958
127506 127830
128339 128703
129358 129747
130580 132264
133374 134055
135043 135661
136297 137229
137834 138623
139853 141996
143268 144959
147935 148205
148902 151256
151796 153162
154106 155357
155995 156717
157286 157532
158078 158191
158851 160561
161428 164738
165303 165510
167535 167768
168346 168933
169577 170673
171674 172803
174101 174340
174849 175828
176642 178030
178663 178739
179408 180144
180710 180760
181275 181827
183647 184884
186023 187453
188095 188479
189775 190071
190224 190598
191244 193253
193970 196596
197449 197974
198776 199773
200574 201523
202060 203323
203906 204336
206279 206727
207364 209650
210508 215403
216102 216732
217639 218473
219117 220048
220789 221453
222096 222698
223358 223454
224142 226571
227105 227640
228913 229169
230561 231115
232660 233481
235654 236034
237588 239107
240224 240862
242194 247593
249064 254290
255101 255193
256191 256278
257379 259600
260238 261689
262195 262830
263850 263942
265448 265555
266202 266439
266961 268961
270118 271549
272653 276446
277098 277230
278063 278724
279390 279789
280684 284643
285765 286628
287302 287479
287983 289969
290881 291506
292192 293719
295038 295655
298045 300062
301239 302732
306285 307055
307868 308568
309093 309795
310366 310560
311296 311900
313068 314116
315706 315803
316424 316510
317252 317488
318073 318131
319400 320767
322336 322896
323435 324686
325206 325570
326234 327526
329046 329118
329747 330318
332776 332846
333786 335469
336082 336877
338122 341654
342908 345483
346021 349896
350998 351693
353189 353309
355168 355725
358068 360661
362565 364476
365187 365338
366098 366201
366964 367626
368593 368698
369212 378951
382589 383170
383877 384689
385534 385602
387007 387389
388074 388568
389162 390177
391311 391715
393971 395325
396281 397144
397667 397937
398583 399209
400449 401529
403321 404360
405114 406198
407598 412480
413255 413608
414775 417437
417980 427192
427866 428011
428561 430704
432320 432759
434004 434654
435206 435454
436087 436142
436726 436861
437584 438385
438977 440369
441058 442059
443267 443627
444243 445283
445881 447872
450070 450228
451542 456267
456810 457445
458297 463264
464270 464453
465082 466347
466957 468245
468936 471628
472403 473527
474436 474560
475100 479349
480340 482801
483878 484987
486308 486400
486917 488478
489172 491704
492430 493350
493679 493997
495610 496080
497397 498415
500474 502217
502892 503284
503840 504623
505866 506225
507478 509266
509817 510825
511478 513729
514496 515114
515621 518479
519209 519696
520200 521271
521783 522183
522993 523118
523647 524368
524995 526249
526807 527636
528810 532442
533925 534536
535146 535692
536203 536881
538891 539405
539920 539998
543076 543474
544381 547648
548220 548563
549306 549640
551144 552886
556218 559200
560536 562069
563067 564752
565597 566673
567278 567473
569312 569462
570621 572963
573818 574156
575182 575326
577233 577283
577847 578665
579547 579849
581009 581678
582270 584158
585326 585560
586528 586982
588239 588550
589242 590281
591675 592051
592758 594868
595415 595802
596558 596856
597472 597791
598337 599131
599793 601136
603417 603611
604885 605475
606164 606221
607032 607090
607715 610559
611368 611898
612958 614737
615540 615618
617277 621268
624110 625675
626899 628483
629486 630375
631321 637374
638334 639639
640444 640760
641486 642127
643018 644614
646184 648995
649505 649771
650528 650602
651961 654372
655723 656476
657113 658223
658964 659034
660187 661473
664607 665047
665852 666869
667488 667745
668437 668633
669359 670707
671374 672197
672805 673180
673876 676018
676890 677643
678395 678695
679837 680098
680750 681665
682168 682287
683591 686015
686911 686962
688242 689012
690487 691310
691872 692729
693468 695713
696583 696891
697794 698264
699936 700048
700904 701327
701915 702858
703724 735590
736128 763029
763459 765972
766506 766577
768118 768253
768824 769514
770197 770440
770990 771809
772546 772612
773613 773818
775250 775503
776552 777323
777890 781456
782260 783274
783807 784610
785817 785941
786529 786612
787236 787379
788534 791737
792393 793238
794658 795058
795890 796295
797247 798298
798807 799265
799774 799906
801167 801579
802085 802158
803677 805947
807693 808218
809119 809818
810411 811042
811651 812762
813387 813880
814396 814468
815462 817263
818141 818651
819235 820177
820713 821500
823016 823117
823824 824412
825262 827384
828134 828571
829776 829963
830502 831685
832390 833084
834197 834266
835132 836651
838587 838639
839558 839841
840964 841404
841970 842504
843076 844188
845624 847497
848475 850057
850743 850955
851471 853034
855211 855301
856461 859506
860192 860679
861259 863338
864570 865730
866318 867515
868324 868951
870540 872063
873315 891866
892395 893483
895240 897874
899338 905408
906023 906438
907881 908559
909577 909685
910364 910414
910908 924275
924847 925175
925865 926492
927009 927088
927186 928248
928782 929407
931002 931589
932186 932235
933012 933736
934270 939765
940462 941265
941918 942252
942337 942464
942642 942929
Rhodobacter_sphaeroides_gi_484336769_ref_NZ_
1 3573
4172 4598
5244 5449
7703 10116
11176 12561
13395 13763
14385 15377
15949 17022
19391 20246
21648 26694
27264 29778
30306 31125
32199 32405
32986 33976
34875 37974
38862 39411
40214 40367
41068 47479
47999 48765
49607 51721
52494 53345
54124 55672
57077 57524
58127 59442
60172 61492
62352 62647
63948 64498
65054 65328
66526 66915
67588 68797
69548 69904
71464 72031
73026 73082
73641 74766
75487 75807
76449 77917
79121 79453
80504 81332
81851 82081
82620 82974
84133 84484
85606 87771
88699 94206
94779 94882
95602 95659
96883 102983
103595 103869
104501 104746
105509 106380
107698 109835
111563 116399
117504 118332
118980 119210
119913 120233
121249 121783
123532 124310
Rhodobacter_sphaeroides_gi_484336775_ref_NZ_
1 100819
Rhodobacter_sphaeroides_gi_484336773_ref_NZ_
1 105281
