Rhodobacter_sphaeroides_gi_484336777_ref_NZ_
1 52135
Rhodobacter_sphaeroides_gi_484336771_ref_NZ_
1 114178
Rhodobacter_sphaeroides_gi_484336764_ref_NZ_
1 1811
3021 3181
5351 19325
19585 23422
23951 41701
42276 46179
47303 51836
52354 62926
63214 70422
71231 75623
76464 77758
77924 80291
80951 86273
87078 92131
92761 103039
103627 103852
104499 109906
110368 113917
114801 138115
138876 145479
146097 150866
151438 154033
154626 157192
157704 171677
172313 176095
176598 184497
185031 185702
186189 188567
189656 194677
195556 197647
198197 198539
199066 204587
205197 214548
215458 216456
216981 258807
259069 263827
264382 272041
272677 287755
289862 290720
291414 293109
294385 296862
297433 298213
298800 301596
304009 304563
305753 308742
309352 323024
323872 344489
345140 360318
361291 367642
368240 372088
372207 373114
373685 387532
388030 393383
394032 406533
407507 411922
412563 413021
413545 414492
415089 419215
419717 422009
422770 423509
424200 433301
433523 454068
454708 455315
456071 458358
458886 479062
479328 490918
491444 497750
498305 498969
499757 505045
505984 522442
523168 526627
527367 528527
529133 536800
536936 546252
546908 550211
550642 552100
553005 555382
555942 556317
556894 558650
559512 562989
564367 566421
567065 577148
577654 607150
608007 611502
611605 621094
621914 629965
630554 646642
647111 650808
651672 663902
664468 664814
665049 676787
677352 679808
680451 692565
693150 702840
703225 715683
716084 744246
744705 758937
759027 765281
765917 766854
767811 773718
774248 774865
775393 782156
782656 785883
786571 792847
793442 807280
807804 812052
812583 818347
818873 826690
827132 832070
832773 860279
860871 860932
861651 867115
867761 869321
869969 879074
879791 890497
891169 896188
896758 906771
906894 912956
913777 918774
919283 920610
921158 925207
926006 926691
927238 937198
937440 945901
946441 952079
952685 953494
953632 960963
961348 967639
968332 989603
990125 992210
992730 996282
996815 1005784
1006296 1006399
1007075 1022163
1022832 1043389
1043928 1065095
1065818 1068976
1069222 1075661
1076226 1079669
1079928 1084591
1085276 1112208
1112864 1114923
1115434 1120914
1121955 1131444
1132012 1137747
1138375 1152963
1153133 1176808
1177710 1179826
1180785 1181714
1182298 1187532
1188143 1195243
1195842 1201302
1202040 1207298
1207731 1221643
1222262 1223715
1224369 1227623
1228169 1231109
1231635 1238089
1238664 1252724
1252903 1259029
1259590 1260890
1261460 1278556
1278756 1279506
1280033 1280870
1281509 1291324
1291945 1310348
1311058 1312226
1312800 1317336
1318008 1334436
1335213 1339813
1340266 1352668
1353192 1358247
1358839 1359504
1360032 1362612
1363170 1370148
1370872 1374394
1375408 1381335
1382017 1416261
1417137 1420490
1421021 1425466
1425862 1443794
1444865 1476698
1477234 1497641
1497859 1498642
1499258 1501036
1501694 1517682
1518168 1521187
1521726 1539940
1540499 1541777
1542413 1555809
1556424 1564408
1565099 1572426
1573621 1574506
1575144 1590009
1590612 1653596
1653897 1663836
1664378 1665578
1666089 1674005
1674549 1709219
1709755 1758900
1759156 1760486
1761090 1761161
1761828 1783757
1784950 1787717
1788049 1793746
1794567 1796808
1797480 1805593
1806285 1811016
1811621 1814286
1814867 1838278
1838850 1838979
1839610 1842515
1843019 1844606
1845297 1871694
1872470 1934133
1934283 1943539
1944065 1950689
1950998 1951566
1952169 1953469
1954047 1957429
1958032 1963096
1963605 1977907
1978517 1979015
1979589 1982147
1982800 1983046
1983616 1991815
1992410 1995346
1995593 1995846
1996680 2001938
2002503 2004802
2005901 2016015
2016542 2024246
2025144 2028367
2028908 2048070
2048677 2050851
2051852 2054843
2055358 2073266
2073667 2076356
2076889 2078119
2078737 2089167
2089391 2093251
2093874 2111810
2112377 2118639
2118988 2120075
2120305 2122291
2122933 2139931
2140485 2145476
2146250 2147211
2147772 2161794
2162509 2193232
2193835 2194338
2194475 2195027
2195612 2207652
2208161 2226772
2227348 2232766
2232946 2265273
2266533 2266736
2267410 2282415
2283040 2287406
2287971 2292073
2292896 2296020
2296549 2316722
2316825 2317096
2317250 2318209
2318917 2321034
2321559 2322234
2322740 2327252
2327826 2364001
2364569 2371853
2372419 2413367
2413916 2427087
2427606 2430646
2431154 2435736
2436342 2441574
2442384 2451276
2451907 2457068
2457539 2460937
2461526 2465721
2466527 2519920
2520477 2527421
2527625 2528141
2528738 2540079
2540662 2540745
2541356 2557539
2558109 2558546
2559346 2586221
2586827 2622967
2623533 2632935
2633510 2635986
2636513 2638043
2638635 2638825
2639366 2644307
2644962 2649665
2650170 2673632
2674180 2702452
2702988 2704893
2705060 2730973
2731899 2737624
2738198 2764674
2764961 2765237
2765484 2776006
2776206 2777018
2777589 2783578
2784169 2790417
2791039 2792366
2792983 2800385
2800775 2816180
2816681 2818163
2818558 2840142
2841109 2851246
2851861 2858955
2859530 2860850
2861376 2866541
2866631 2883090
2883623 2887276
2887793 2887902
2888443 2891522
2892050 2902173
2902268 2904767
2905275 2919759
2920360 2932250
2932832 2937337
2938326 2946920
2947489 2948328
2948830 2955583
2956584 2964070
2964582 2967049
2967506 2969128
2969675 2970699
2971359 2990715
2991261 3025330
3025878 3026628
3027156 3043873
3044397 3047748
3048601 3050954
3051604 3066860
3067700 3078918
3079704 3080418
3081244 3094906
3095432 3095888
3096576 3116747
3117032 3131536
3132098 3132792
3133209 3156382
3157048 3180730
3181161 3182354
3183108 3187980
3188234 3188521
Rhodobacter_sphaeroides_gi_484336767_ref_NZ_
1 20698
21459 28740
29325 31106
31740 32471
33098 33387
35584 42593
42789 46074
46171 54125
54763 55752
56255 64353
64858 70318
71005 93254
93940 96080
97028 100878
101417 107058
107880 113731
114517 122372
122976 123363
124163 124224
124708 126958
127506 132490
133000 141996
142550 144959
145517 147409
147935 153557
154106 160561
161135 166217
166718 173324
173931 180144
180679 181827
182625 189243
189775 190071
190224 197202
197449 204581
205587 206727
207364 218473
219117 223576
224121 231115
231949 234298
234845 241248
241849 243723
243976 256504
257281 271862
272423 277490
278063 284643
285211 300062
300673 305473
306142 312165
313068 315181
315706 316523
317212 318520
319183 357394
358068 360661
361427 363119
363783 367626
368235 368698
369212 379093
379722 381360
382174 390177
390500 391840
392790 392995
393522 399940
400449 402489
403279 412480
413255 427192
427696 449272
449783 450228
450783 457476
458052 466347
466957 484987
485574 485708
486230 491704
492349 494962
495252 498415
498984 503284
503840 505308
505866 513842
514496 518588
519149 537228
537891 539405
539908 541979
542516 555730
556055 566673
567278 569973
570127 578767
579352 579849
580702 584712
585326 586982
587540 602497
603033 604220
604767 616313
617129 622534
623300 625675
626321 630375
631132 639639
640303 647825
648310 649926
650513 661473
662126 666873
667488 667745
668437 677643
678189 681665
682168 687205
687850 689030
689500 691331
691872 698410
698886 705166
705270 769514
770197 787727
788468 795210
795890 798513
798807 800261
800746 811042
811651 822084
822775 828622
829776 830775
830895 833263
833542 837568
838584 854116
854935 906474
906981 935488
935628 942929
Rhodobacter_sphaeroides_gi_484336769_ref_NZ_
1 5449
6038 6311
7399 10323
10913 11519
11742 18651
19228 37974
38714 55760
56493 62860
63827 69943
70639 72031
72598 109835
110503 116399
116976 120233
120782 124310
Rhodobacter_sphaeroides_gi_484336775_ref_NZ_
1 100819
Rhodobacter_sphaeroides_gi_484336773_ref_NZ_
1 105281
