Rhodobacter_sphaeroides_gi_484336777_ref_NZ_
1 52135
Rhodobacter_sphaeroides_gi_484336771_ref_NZ_
1 114178
Rhodobacter_sphaeroides_gi_484336764_ref_NZ_
1 303
1020 1306
1845 3609
4677 26025
26679 288685
289677 293736
294378 326079
326593 362402
362959 558650
559512 789657
790228 885832
886365 967590
968094 1059478
1059998 1176919
1177602 1444332
1444856 1501116
1501672 1541783
1542326 1805703
1806228 1982186
1982793 2322292
2322821 2480690
2481233 3082406
3082930 3182485
3183108 3188521
Rhodobacter_sphaeroides_gi_484336767_ref_NZ_
1 42593
42835 46074
46189 218517
219036 390276
390819 412578
413080 837716
838332 942929
Rhodobacter_sphaeroides_gi_484336769_ref_NZ_
1 65705
66273 124310
Rhodobacter_sphaeroides_gi_484336775_ref_NZ_
1 100819
Rhodobacter_sphaeroides_gi_484336773_ref_NZ_
1 105281
