Rhodobacter_sphaeroides_gi_484336777_ref_NZ_
1 52135
Rhodobacter_sphaeroides_gi_484336771_ref_NZ_
1 114178
Rhodobacter_sphaeroides_gi_484336764_ref_NZ_
1 272
904 4054
4626 4772
5351 12981
13499 23493
24053 26015
26695 41701
42276 44268
44786 46260
47090 51666
52426 55653
56321 62470
63214 66474
66793 70523
71028 72367
72889 80277
80963 85358
85590 86201
87178 103039
103627 104115
104767 106751
107273 109500
110404 111955
112160 114097
114801 121130
121711 126713
126930 127514
128027 136966
137138 138115
138618 145479
146004 149295
150136 161561
162055 163931
164128 176095
176598 184930
185646 188984
189656 191868
193075 194649
195692 198812
198989 199211
199745 209520
210136 214478
215537 267388
268758 283256
283822 288027
289563 289747
289959 290720
291606 293022
293722 296240
296763 298210
298716 300341
301156 301596
303243 304545
305760 308742
309352 311505
311964 323092
323699 324273
324928 326063
327150 327471
327863 338198
338730 355062
355167 360591
361307 362326
362985 366423
366967 367586
368155 372088
372280 373114
373685 374669
375240 379923
380454 381131
381864 391987
392539 397008
397406 398584
399100 406443
407507 411367
411687 415350
415864 416961
417527 419880
420395 422092
422815 423535
424200 433147
433761 443771
444359 454100
454775 455315
455892 466677
467197 476559
476824 478656
479349 482701
483000 484481
484732 484782
485283 494331
494934 505045
505984 522318
523168 525154
525771 528543
529078 536988
537518 541207
541727 542477
543566 546252
546908 550211
550680 551926
552664 556317
556864 557206
557834 558650
559512 564114
564294 566421
567065 577098
577508 585930
586544 601681
602057 621094
621914 622227
623123 624499
624861 626986
627550 629965
630477 635272
635412 659907
660443 663902
664678 679196
679698 689634
690156 692565
693150 702132
702358 712131
712472 715414
716084 722119
722738 726005
726620 730467
731061 737524
738058 744063
744705 750527
751123 753039
753706 754259
754500 759357
759520 765281
765945 767233
767823 773692
774352 774508
775538 778204
778721 782156
783141 784415
784989 785672
786387 789437
790281 791574
792091 792847
793529 794480
795087 797598
798126 800416
801024 802665
803059 812052
812604 816827
817466 835054
836030 837115
837660 839065
839630 859671
860195 860262
860955 864748
865410 867113
867674 869321
869969 879074
879791 885783
886336 886994
887534 890428
891169 896188
896773 896965
897480 906266
906926 913117
913777 917852
918000 918774
919283 940738
941556 945071
945675 947229
947740 949067
949574 951862
952685 966051
966379 967447
968180 989511
990254 1000388
1000942 1037582
1037974 1046938
1047096 1059441
1060097 1061654
1061793 1072642
1073174 1075259
1075413 1081685
1082230 1090442
1091115 1110193
1110816 1112208
1112846 1114923
1115434 1121081
1121956 1131444
1132012 1132978
1133762 1137747
1138375 1161951
1162507 1177220
1177853 1179827
1180785 1190944
1191488 1195243
1195862 1201281
1201975 1204450
1204590 1205323
1205882 1206225
1206802 1207823
1208464 1213127
1213758 1223864
1224369 1233666
1234344 1235798
1236023 1239753
1240313 1241737
1242268 1253956
1255352 1259029
1259590 1262567
1263111 1267108
1267432 1291308
1291856 1310767
1311000 1312207
1312728 1316238
1316648 1328535
1329052 1329248
1329801 1334436
1335268 1336993
1337660 1343347
1343895 1347957
1348520 1350663
1350811 1351186
1351773 1364061
1364793 1370366
1370872 1374340
1374993 1375698
1376231 1381375
1381952 1383005
1383517 1391614
1392189 1394083
1395429 1416557
1417137 1417279
1417613 1425035
1425641 1429369
1429621 1431063
1431693 1449156
1449702 1451910
1452456 1461895
1462543 1484569
1485288 1498642
1499227 1501036
1501694 1509194
1509751 1517559
1518072 1520319
1520833 1531667
1531868 1541777
1542517 1547348
1547990 1555742
1556428 1568479
1569082 1569551
1570066 1572426
1572930 1574506
1575144 1602050
1602853 1603170
1604133 1605569
1606191 1613576
1614018 1623896
1624462 1640053
1640625 1647531
1648037 1652427
1653166 1653250
1653922 1655648
1656154 1659459
1659965 1664659
1665076 1673626
1674562 1726274
1726585 1728746
1729266 1736109
1736703 1758273
1758452 1758893
1759567 1761158
1761828 1771273
1771778 1783757
1785352 1792486
1793009 1793296
1793590 1796869
1797480 1809866
1810458 1811293
1811621 1825997
1826591 1830895
1831520 1838278
1838847 1844599
1845254 1863040
1863637 1869848
1870377 1900540
1901110 1901945
1902746 1905004
1905545 1943622
1944065 1947499
1948108 1950462
1950998 1951566
1952227 1953469
1954047 1978011
1978517 1982071
1982806 1988776
1989347 1991815
1992410 1995846
1996550 1997059
1997665 2005465
2006178 2008946
2009185 2010217
2010931 2011655
2012260 2015855
2016667 2018526
2019077 2021035
2021563 2022415
2022663 2024326
2025144 2041683
2041991 2048071
2048778 2050851
2051861 2052265
2053142 2054843
2055358 2055655
2056361 2073872
2074453 2076356
2076900 2082769
2083357 2093251
2094382 2102590
2103142 2109324
2109885 2122291
2122892 2145453
2146250 2147211
2147878 2168927
2169634 2182030
2182245 2183069
2183603 2187839
2188394 2189564
2190181 2194079
2194738 2195031
2195668 2204579
2205003 2216927
2217484 2219500
2220259 2225383
2225499 2225562
2226197 2226710
2227544 2227606
2228388 2242174
2242686 2245518
2246026 2253254
2253755 2271354
2271898 2286519
2287253 2287550
2288348 2289538
2289699 2291136
2291722 2302173
2302792 2318209
2319114 2322073
2322840 2323480
2323702 2325085
2325278 2364001
2364524 2371084
2371810 2372767
2373660 2374065
2374550 2377872
2378561 2393640
2394184 2404227
2404800 2408485
2409103 2410032
2410493 2411608
2412026 2412792
2412957 2430646
2431154 2434625
2435433 2435695
2436361 2441720
2442461 2445891
2446064 2447822
2448324 2455105
2455454 2459588
2460155 2460937
2461526 2465721
2466579 2480637
2481249 2482373
2482940 2483717
2484319 2484713
2485028 2501919
2502554 2502626
2502779 2508042
2508643 2531763
2532359 2540745
2541356 2556535
2557101 2557652
2558182 2558531
2559346 2559799
2560366 2565571
2566113 2570693
2571263 2573598
2574109 2582196
2582365 2583745
2584378 2586221
2586731 2593465
2593636 2599314
2599853 2608423
2609200 2611294
2611895 2616826
2617081 2618930
2619553 2619859
2620165 2633006
2633510 2638043
2638635 2644247
2644962 2649239
2650022 2656895
2657485 2673632
2674180 2675462
2676069 2690537
2691125 2695386
2695957 2707917
2708559 2729306
2729994 2730957
2731899 2737624
2738198 2742805
2743307 2746155
2746531 2751872
2752485 2765305
2765897 2772316
2772886 2779231
2779995 2783578
2784169 2784500
2785037 2786012
2786774 2786831
2787344 2790753
2791277 2796716
2797323 2798196
2798994 2800807
2801355 2806710
2807049 2809280
2810086 2818163
2818496 2819105
2820082 2827388
2827803 2830700
2831522 2837048
2837739 2845103
2845644 2849469
2850561 2851271
2851882 2861543
2862076 2867878
2868400 2882520
2882676 2883688
2884622 2887276
2887793 2889736
2890628 2890899
2891121 2891510
2892136 2902340
2902894 2906499
2907048 2919759
2920360 2920466
2921221 2937337
2937895 2942134
2942810 2946802
2947485 2948040
2948906 2951449
2952009 2954706
2955227 2955572
2956575 2969128
2969675 2984359
2985066 2985461
2986096 2989692
2989942 2991651
2992168 3002535
3003081 3013215
3013850 3014552
3015029 3020600
3021300 3022696
3023456 3043873
3044397 3054039
3055064 3061235
3062011 3066607
3067461 3067863
3068448 3068585
3069169 3079111
3079611 3079902
3081374 3082052
3083010 3095954
3096576 3106148
3106383 3131536
3132090 3139181
3139683 3143365
3143970 3154337
3154882 3156382
3157048 3162343
3162970 3170321
3171088 3182343
3183129 3187980
3188234 3188521
Rhodobacter_sphaeroides_gi_484336767_ref_NZ_
1 7430
7523 12551
13240 20594
21459 25662
26119 31106
31745 32430
33014 33387
33982 42593
42835 46074
46314 46411
47058 55683
56186 96169
97091 100878
101417 103623
104251 107143
107831 113701
114517 125333
126082 126958
127506 144959
146177 147409
147908 155357
155995 166217
166718 170768
171286 173501
174021 174589
174773 180201
180708 190070
190222 202506
203028 206727
207364 218493
219117 222738
222968 223596
224142 231115
231949 235138
235654 239660
240224 241248
242103 256605
257379 265801
266202 266695
266948 269333
269973 284643
285765 291793
292108 299696
299983 300062
300673 305473
306061 307450
307816 311516
311640 314763
315282 315803
316341 316510
317252 318497
319186 321664
322176 325636
326234 327221
327403 331417
331619 350147
350998 352148
352668 353990
354525 357247
358022 368698
369212 379142
379722 380104
380318 381390
382089 385602
386676 388655
389162 390247
390842 392210
393373 399940
400449 402724
403321 408308
408709 416484
416882 431619
432308 436142
436726 438385
438977 449081
449834 450289
450790 457476
457998 463454
463965 465253
465341 468407
468630 473812
474160 484987
485574 485689
486308 486400
486917 491771
492428 494180
494756 498415
499570 502217
502744 505239
505866 506225
506817 522330
522993 537228
537891 538044
538891 539405
539920 540587
541120 541930
542474 549724
550228 562143
562676 564752
565491 566673
567278 569467
570248 575326
575900 578754
579352 579933
580478 584712
585326 590757
591264 597791
598337 601984
603033 603611
604218 616188
616862 622790
623300 626031
626437 630375
631132 637655
638241 648995
649505 659500
660007 661607
662161 666876
667488 667745
668437 668780
669356 679544
679837 691310
691869 694632
694789 698264
698886 702523
702760 768253
768824 770588
770844 771891
772449 777323
777890 785941
786529 787791
788534 800261
800764 813906
814031 817556
818089 821500
821901 822151
822775 823117
823265 826331
826530 828571
829773 837639
838587 845114
845624 847497
848029 850955
851328 854116
854998 855505
856402 866881
867287 893493
894040 906438
907057 908559
909197 939765
940407 940495
940802 942929
Rhodobacter_sphaeroides_gi_484336769_ref_NZ_
1 5449
6014 17022
17545 18604
19391 27442
28012 38122
38714 40421
41068 55759
56493 62647
63317 65392
66289 69905
70685 74766
75326 109835
110503 116399
116976 120233
120805 124310
Rhodobacter_sphaeroides_gi_484336775_ref_NZ_
1 100819
Rhodobacter_sphaeroides_gi_484336773_ref_NZ_
1 105281
