Oribacterium_sinus_F0268_gi_237754535_ref_NZ_
1 752
Oribacterium_sinus_F0268_gi_237754526_ref_NZ_
1 598
Oribacterium_sinus_F0268_gi_237754529_ref_NZ_
Oribacterium_sinus_F0268_gi_237754555_ref_NZ_
Oribacterium_sinus_F0268_gi_237754556_ref_NZ_
Oribacterium_sinus_F0268_gi_237754537_ref_NZ_
628 824
Oribacterium_sinus_F0268_gi_237754534_ref_NZ_
Oribacterium_sinus_F0268_gi_237754554_ref_NZ_
7324 7437
Oribacterium_sinus_F0268_gi_237754525_ref_NZ_
1 576
Oribacterium_sinus_F0268_gi_237754528_ref_NZ_
Oribacterium_sinus_F0268_gi_237754546_ref_NZ_
1 102
Oribacterium_sinus_F0268_gi_237754547_ref_NZ_
Oribacterium_sinus_F0268_gi_237754549_ref_NZ_
1204 1254
Oribacterium_sinus_F0268_gi_237754548_ref_NZ_
1 1549
Oribacterium_sinus_F0268_gi_237754543_ref_NZ_
487 1148
Oribacterium_sinus_F0268_gi_237754531_ref_NZ_
1 690
Oribacterium_sinus_F0268_gi_237754523_ref_NZ_
1 532
Oribacterium_sinus_F0268_gi_237754538_ref_NZ_
154 848
Oribacterium_sinus_F0268_gi_237754540_ref_NZ_
1 62
Oribacterium_sinus_F0268_gi_237754550_ref_NZ_
1 834
Oribacterium_sinus_F0268_gi_237754560_ref_NZ_
1 2091
2591 14972
22981 24648
25746 25995
27814 29920
30546 31279
31823 31892
35472 35869
37452 37931
41414 48275
51271 52848
54253 54404
55050 58467
63060 68080
79016 79354
93819 93906
95321 97736
98456 98669
98995 100587
101612 102301
102383 104171
104328 105132
111315 111393
112791 122542
125123 125261
132593 133005
143641 147838
154939 155790
160576 170492
170592 175421
181018 182424
183815 184341
184517 190909
191699 192109
197247 197305
198354 208158
208461 211094
211607 212864
220336 222434
223290 224186
226851 227593
228297 234853
235921 236101
239443 240093
256839 257180
257662 258622
261626 273821
275506 281121
282183 283100
300304 300530
Oribacterium_sinus_F0268_gi_237754563_ref_NZ_
1 20984
23066 42716
42840 45852
46135 47263
49346 49621
65135 78661
79825 83766
84310 85632
94791 95229
124060 124700
125037 127056
127888 128058
130050 132614
141508 141778
146168 151066
153522 154035
161140 161357
162038 163443
165756 165849
166012 173102
179639 181002
186281 186517
193054 193192
193719 193978
195227 203035
214884 214991
235664 238529
242085 242354
249749 252015
256831 256915
266370 266613
268025 270308
271193 272233
272737 278171
278672 296400
297970 302211
302406 303323
317138 318090
320001 339671
341048 359327
368617 369989
370476 370624
371382 371517
372317 375310
376203 376457
379136 379875
384018 387900
395804 395923
396984 397191
410188 413775
415733 420733
427644 428848
435877 437438
437873 437983
443528 444310
453404 459281
468659 497167
502204 516013
517294 517487
518277 523410
530018 530118
533664 539950
544134 544497
546705 548070
552782 560171
562999 563458
564030 564107
564703 572236
576517 576626
577693 577888
580447 580589
596024 596389
596628 596788
599775 600104
600477 605600
609678 640708
644656 651249
651490 651902
652579 652710
653829 654434
659354 663403
664113 664460
665261 666286
666936 671359
672053 675115
675550 678744
680150 681860
682210 684449
688542 689705
691016 692631
693760 694517
694792 695664
696681 719226
719535 721441
722442 723550
726118 730272
730560 745837
746417 747120
751586 769839
770727 771113
771197 771492
771916 778011
778141 778742
780843 781093
782406 784315
789093 789889
791303 804794
805349 817803
818545 818811
823991 824773
825319 825966
830845 832459
835154 836004
836544 863018
864044 865052
869733 869829
870452 870643
872191 888254
898248 899516
900763 900847
901830 901927
908586 911692
921582 927034
930732 931281
932683 933496
943036 943425
957203 957440
Oribacterium_sinus_F0268_gi_237754532_ref_NZ_
Oribacterium_sinus_F0268_gi_237754564_ref_NZ_
1 2037
2543 3278
8604 14906
18362 18477
20375 20613
21292 22371
26842 37672
48845 49048
52430 53512
54515 56492
59228 59336
59930 60789
61397 66266
73707 87816
88080 103535
108021 115453
116657 118378
118900 119552
120195 123572
123665 135236
138862 139005
142988 148089
150215 150556
157266 158575
173170 173312
202714 202822
206723 245338
246502 253104
253701 257250
258798 271524
272648 273129
292925 293252
294764 294903
302738 302868
304063 304300
311618 312980
313549 314880
315066 315330
316198 317691
318452 333225
344939 345426
356800 357193
359886 360150
378962 379199
400240 400768
403069 403299
409116 417689
420507 422697
422797 422984
423814 429346
429984 434557
439720 441901
443859 443993
448606 448816
449492 472846
476919 526077
536380 536611
538145 538866
559375 586146
594533 601317
609186 609474
613044 614851
617292 617807
624242 624381
624638 624772
626795 627044
641068 641284
643229 659512
665690 667143
669477 669716
670812 671058
674927 677037
683265 684202
685281 685354
693433 693569
715003 715153
721296 721782
723877 729119
737366 740725
750801 750932
760292 760518
770575 770854
787454 788738
791595 792567
802159 802562
808495 809338
815293 815439
821485 824632
829884 833481
839826 840155
842906 843272
847485 847754
851151 857133
877145 879407
880937 881012
Oribacterium_sinus_F0268_gi_237754542_ref_NZ_
1 953
Oribacterium_sinus_F0268_gi_237754530_ref_NZ_
1 681
Oribacterium_sinus_F0268_gi_237754527_ref_NZ_
Oribacterium_sinus_F0268_gi_237754539_ref_NZ_
Oribacterium_sinus_F0268_gi_237754524_ref_NZ_
1 255
Oribacterium_sinus_F0268_gi_237754561_ref_NZ_
1 208
2343 2671
8830 9260
17269 17511
27296 27874
31774 31978
52770 64941
81925 81991
93626 94037
114136 114326
119639 119742
151683 152407
152506 152617
153965 154165
166497 169720
170055 170707
175077 175199
175750 189899
191404 192365
194089 194238
197557 211262
215160 216659
223065 232475
Oribacterium_sinus_F0268_gi_237754536_ref_NZ_
Oribacterium_sinus_F0268_gi_237754551_ref_NZ_
Oribacterium_sinus_F0268_gi_237754562_ref_NZ_
1 21489
22859 25286
31573 31818
35550 35801
36559 36905
56989 57299
62684 65253
67625 74990
75097 76151
79787 79937
80604 84339
86304 94898
97126 100075
107155 107394
110248 113693
131007 131291
137449 137671
138697 144177
154345 169179
169710 172885
173999 176162
176348 177429
177529 178816
184389 184810
187509 187815
188688 189846
191881 193216
194406 194521
195748 196194
209464 210508
211109 211382
213723 218786
218940 223443
234015 234086
237708 237871
246783 246841
247559 253543
255546 255911
257953 264689
264944 265016
266027 267226
269606 271481
279817 283204
283785 284763
Oribacterium_sinus_F0268_gi_237754541_ref_NZ_
1 943
Oribacterium_sinus_F0268_gi_237754522_ref_NZ_
Oribacterium_sinus_F0268_gi_237754533_ref_NZ_
1 720
Oribacterium_sinus_F0268_gi_237754558_ref_NZ_
1 992
Oribacterium_sinus_F0268_gi_237754545_ref_NZ_
598 893
Oribacterium_sinus_F0268_gi_237754552_ref_NZ_
1 1060
Oribacterium_sinus_F0268_gi_237754557_ref_NZ_
1 1130
Oribacterium_sinus_F0268_gi_237754553_ref_NZ_
1 108
Oribacterium_sinus_F0268_gi_237754544_ref_NZ_
1 163
1475 1550
Oribacterium_sinus_F0268_gi_237754559_ref_NZ_
1 455
991 1188
3051 3543
4081 4173
4654 5043
