Oribacterium_sinus_F0268_gi_237754535_ref_NZ_
1 752
Oribacterium_sinus_F0268_gi_237754526_ref_NZ_
1 598
Oribacterium_sinus_F0268_gi_237754529_ref_NZ_
Oribacterium_sinus_F0268_gi_237754555_ref_NZ_
1 1824
Oribacterium_sinus_F0268_gi_237754556_ref_NZ_
Oribacterium_sinus_F0268_gi_237754537_ref_NZ_
628 824
Oribacterium_sinus_F0268_gi_237754534_ref_NZ_
Oribacterium_sinus_F0268_gi_237754554_ref_NZ_
7324 7437
Oribacterium_sinus_F0268_gi_237754525_ref_NZ_
1 576
Oribacterium_sinus_F0268_gi_237754528_ref_NZ_
Oribacterium_sinus_F0268_gi_237754546_ref_NZ_
1 102
Oribacterium_sinus_F0268_gi_237754547_ref_NZ_
Oribacterium_sinus_F0268_gi_237754549_ref_NZ_
1204 1254
Oribacterium_sinus_F0268_gi_237754548_ref_NZ_
1 1549
Oribacterium_sinus_F0268_gi_237754543_ref_NZ_
1 1148
Oribacterium_sinus_F0268_gi_237754531_ref_NZ_
1 690
Oribacterium_sinus_F0268_gi_237754523_ref_NZ_
1 532
Oribacterium_sinus_F0268_gi_237754538_ref_NZ_
381 848
Oribacterium_sinus_F0268_gi_237754540_ref_NZ_
Oribacterium_sinus_F0268_gi_237754550_ref_NZ_
1 834
Oribacterium_sinus_F0268_gi_237754560_ref_NZ_
1 2091
2591 14972
22981 24648
25746 25995
28396 28873
35472 35869
37452 37931
40091 40211
41414 48821
51271 54002
55056 55344
55907 57709
58085 58467
66095 68080
79016 79354
81691 93902
97511 97736
98456 101002
101671 102301
102729 104158
112783 112995
120828 122542
125123 125261
132593 133005
143641 152214
154843 155790
160576 162702
165860 169244
181018 182053
182138 182426
183815 190909
198354 207620
208404 211094
211607 212864
218392 224186
226851 227593
228297 234853
239443 253069
256839 258622
267578 278751
300304 300530
Oribacterium_sinus_F0268_gi_237754563_ref_NZ_
1 20984
25307 47263
49346 49621
56594 56733
63959 68377
69281 78661
79825 83766
84195 85632
94756 95127
104196 107646
123035 123108
124010 124700
125037 125287
126550 131574
141508 141778
146168 154035
162038 163443
165756 165849
166012 173102
179639 181002
186281 186517
193054 193192
193719 193978
198985 203035
214884 214991
235664 238529
242085 242354
249749 252015
256831 256915
266370 266613
268025 296400
297970 302211
302406 303323
317138 318090
320001 339671
341048 359327
368617 369980
370473 370617
371381 371517
372317 376457
379136 379875
384018 387900
395804 395923
396984 397191
410281 413775
415733 420733
426490 437476
443553 444310
453404 459281
468659 497167
502204 517487
518277 523410
530018 530118
533664 539950
544134 544497
547327 548070
552782 568525
569140 572236
577693 577888
580447 580589
596024 596384
599775 605600
609678 640708
648457 652402
653829 654434
663624 666286
666936 671839
672053 675115
675550 679149
679354 680963
683591 684257
684643 685230
688542 689705
691015 691919
693760 694517
694792 695664
696681 721474
722458 723550
726118 740739
743905 747120
751148 779063
780843 781093
782406 784315
787699 789889
790309 815325
817710 818811
823991 825966
830845 863018
864044 865052
869733 869829
870452 870643
872191 876684
881398 881656
886726 888254
898248 899584
910596 911692
921582 927034
932683 933496
Oribacterium_sinus_F0268_gi_237754532_ref_NZ_
Oribacterium_sinus_F0268_gi_237754564_ref_NZ_
1 3278
8604 9961
10036 14906
18362 18477
20375 20613
21292 22371
26842 35598
48845 49787
52430 66266
73707 91741
92214 92452
92786 93575
99912 103535
108021 135236
138862 139005
143046 148089
150215 150556
157266 158575
173170 173312
202724 202822
206723 257250
258798 273129
292925 293252
294764 294903
299026 302868
304064 304300
313389 316287
317948 333225
344939 345426
356800 357038
359886 360150
378963 379200
400240 400768
403069 403299
409116 417689
420507 434557
439720 447547
448053 449854
450294 450474
468016 472846
476919 526077
536380 536611
538756 538866
559375 586146
594533 601317
609186 609474
612347 613185
617292 617807
624242 624375
624773 627647
641068 641284
643229 656047
665690 667150
669246 669797
670506 671438
674927 677037
682718 686237
693433 693569
694481 694653
715003 715153
721297 721782
723877 729119
737366 740725
750801 750932
760292 760518
770575 771556
787454 788738
791595 792567
802159 802562
808495 809259
815293 815439
820917 824632
829884 834713
839826 840155
842906 843272
847485 847754
851151 857133
883384 883684
Oribacterium_sinus_F0268_gi_237754542_ref_NZ_
1 953
Oribacterium_sinus_F0268_gi_237754530_ref_NZ_
1 681
Oribacterium_sinus_F0268_gi_237754527_ref_NZ_
Oribacterium_sinus_F0268_gi_237754539_ref_NZ_
Oribacterium_sinus_F0268_gi_237754524_ref_NZ_
1 255
Oribacterium_sinus_F0268_gi_237754561_ref_NZ_
83 208
370 580
2343 2671
6781 9198
17269 17511
27296 27874
31774 31978
38245 38306
41762 42835
52770 66810
81925 85426
93626 94037
114136 114326
114990 115359
119639 119742
151683 152407
153840 154165
166497 169720
170055 170707
175077 189675
191404 192365
194089 194238
197557 211262
215160 216659
223065 232475
Oribacterium_sinus_F0268_gi_237754536_ref_NZ_
Oribacterium_sinus_F0268_gi_237754551_ref_NZ_
Oribacterium_sinus_F0268_gi_237754562_ref_NZ_
1 21489
22859 23126
31573 31818
35550 35801
36559 36905
57067 57377
60928 61092
62684 65253
68476 76151
79787 79937
80454 84339
86304 94898
99127 99218
107155 108734
110248 113693
131007 131291
137449 137671
138697 176002
178684 178816
184421 185724
187367 195530
195748 196194
209464 210508
211109 211382
213723 223443
224447 225068
226076 226155
230134 230278
234015 234086
236834 237017
237223 240755
246783 253543
255546 255911
257953 265016
265207 267226
269606 271481
279817 284763
Oribacterium_sinus_F0268_gi_237754541_ref_NZ_
162 943
Oribacterium_sinus_F0268_gi_237754522_ref_NZ_
Oribacterium_sinus_F0268_gi_237754533_ref_NZ_
1 720
Oribacterium_sinus_F0268_gi_237754558_ref_NZ_
1 992
Oribacterium_sinus_F0268_gi_237754545_ref_NZ_
Oribacterium_sinus_F0268_gi_237754552_ref_NZ_
1 1060
Oribacterium_sinus_F0268_gi_237754557_ref_NZ_
1 1130
Oribacterium_sinus_F0268_gi_237754553_ref_NZ_
1 108
Oribacterium_sinus_F0268_gi_237754544_ref_NZ_
1 163
1475 1550
Oribacterium_sinus_F0268_gi_237754559_ref_NZ_
3051 3543
