Oribacterium_sinus_F0268_gi_237754535_ref_NZ_
1 752
Oribacterium_sinus_F0268_gi_237754526_ref_NZ_
1 598
Oribacterium_sinus_F0268_gi_237754529_ref_NZ_
1 642
Oribacterium_sinus_F0268_gi_237754555_ref_NZ_
Oribacterium_sinus_F0268_gi_237754556_ref_NZ_
1 1598
Oribacterium_sinus_F0268_gi_237754537_ref_NZ_
628 824
Oribacterium_sinus_F0268_gi_237754534_ref_NZ_
1 730
Oribacterium_sinus_F0268_gi_237754554_ref_NZ_
1 7235
7314 7437
Oribacterium_sinus_F0268_gi_237754525_ref_NZ_
1 576
Oribacterium_sinus_F0268_gi_237754528_ref_NZ_
Oribacterium_sinus_F0268_gi_237754546_ref_NZ_
1 1501
Oribacterium_sinus_F0268_gi_237754547_ref_NZ_
Oribacterium_sinus_F0268_gi_237754549_ref_NZ_
1204 1254
Oribacterium_sinus_F0268_gi_237754548_ref_NZ_
1 1549
Oribacterium_sinus_F0268_gi_237754543_ref_NZ_
1 1148
Oribacterium_sinus_F0268_gi_237754531_ref_NZ_
1 690
Oribacterium_sinus_F0268_gi_237754523_ref_NZ_
1 532
Oribacterium_sinus_F0268_gi_237754538_ref_NZ_
1 176
287 848
Oribacterium_sinus_F0268_gi_237754540_ref_NZ_
1 942
Oribacterium_sinus_F0268_gi_237754550_ref_NZ_
1 1355
Oribacterium_sinus_F0268_gi_237754560_ref_NZ_
1 2091
2591 14972
22981 24648
25746 25995
27526 27703
28396 40801
41414 48797
48948 53113
53788 57940
58085 58467
63060 68080
79016 93902
93981 94058
94228 96749
97511 97750
98456 105175
112784 119065
120828 124682
125136 127875
132593 133005
139448 139702
143590 155790
158540 158755
160576 162702
165860 178510
181018 182541
183815 189487
190744 190909
191860 197356
198354 207620
208379 211094
211607 224186
224501 234853
236341 256858
257535 258622
262867 281425
282039 285852
300304 300530
Oribacterium_sinus_F0268_gi_237754563_ref_NZ_
1 20984
25307 47263
49346 49621
62340 63583
64219 68127
68369 78661
79825 82762
83704 83957
84195 85632
91474 95062
97066 104026
104572 122246
124060 124700
125037 127046
127840 128019
128698 129111
129672 129754
130515 131541
131750 132578
133040 133417
141508 141778
146168 151066
153522 154035
160493 163443
165756 165849
166012 173102
179639 186517
193054 193192
193723 203074
213233 238529
242115 256915
264173 264484
266370 266613
268025 270443
270985 302211
302344 303393
303568 304397
317138 318090
320001 359327
368617 369980
370476 370624
371381 371517
372317 374027
374208 376457
379136 379875
384018 387900
395804 397412
407482 413775
415733 426739
427644 428848
433012 433150
435159 444310
451434 452703
453404 501646
502204 506428
507060 512590
517294 517487
518277 530118
533664 539950
542296 543104
544134 548070
552782 572266
574450 577888
578368 578465
579163 579412
579612 581605
596024 596389
596628 597571
598310 610585
611404 640708
647611 671839
672053 675115
675338 679149
679354 682726
683090 686786
688542 689705
690830 691912
693760 694517
694792 695664
696681 715016
717227 723550
726027 730272
730575 741322
741566 741779
743905 748203
751586 778742
780843 781093
782406 784315
787699 789889
790309 790982
791265 822269
823991 832589
833098 833390
833943 845585
848437 863018
864044 867039
869733 869829
870452 870643
872191 883679
886726 888254
898248 899584
901685 901794
910596 911692
920546 921209
921582 927034
930462 933496
940968 944184
946470 946655
947487 947636
950047 957440
Oribacterium_sinus_F0268_gi_237754532_ref_NZ_
Oribacterium_sinus_F0268_gi_237754564_ref_NZ_
1 3278
8507 11253
11522 20613
21292 22371
26842 34544
46051 47481
48514 53995
54496 57610
58406 72771
73707 115490
116007 135236
138862 141328
142988 148089
150215 150556
157266 158575
173170 173312
176688 183361
202724 202848
206723 257250
258798 264128
264315 293252
294556 294903
295178 298974
299744 301267
301794 301884
302387 302702
303236 303442
304064 315354
316098 333225
335375 335491
344939 345426
356800 357623
359886 370538
378963 379194
400240 400768
403102 403299
409116 417689
420507 422477
422797 434557
439720 447491
448466 449854
450294 450528
455199 502490
506995 526077
536380 536611
538756 538866
559375 586146
594533 614851
617292 617807
618689 618842
624242 624375
624773 627647
641068 641284
643229 675114
675293 677037
678182 679440
680083 682884
683265 685402
687118 688051
693433 702742
715003 715329
721297 721782
723877 729119
737366 743082
748310 751006
760292 769521
770575 774552
775038 777355
787454 788738
789543 790483
791595 792567
801899 803008
808495 809874
815293 815439
820917 829690
829826 830840
833428 840155
842906 843272
845091 845196
847485 847754
851151 857133
875434 881012
883330 883577
Oribacterium_sinus_F0268_gi_237754542_ref_NZ_
1 953
Oribacterium_sinus_F0268_gi_237754530_ref_NZ_
1 681
Oribacterium_sinus_F0268_gi_237754527_ref_NZ_
Oribacterium_sinus_F0268_gi_237754539_ref_NZ_
1 894
Oribacterium_sinus_F0268_gi_237754524_ref_NZ_
1 295
475 546
Oribacterium_sinus_F0268_gi_237754561_ref_NZ_
1 776
2343 2671
3799 10157
10648 17511
27296 27874
31781 40075
40640 43946
45106 46494
52770 57743
59440 66981
77538 85562
90167 90301
93626 94037
99284 111997
114136 114326
115002 146713
150898 153183
153282 154165
155630 166596
167548 169740
170039 171703
175077 179091
181392 192365
194089 194238
197557 216659
223065 228332
230644 232475
Oribacterium_sinus_F0268_gi_237754536_ref_NZ_
Oribacterium_sinus_F0268_gi_237754551_ref_NZ_
Oribacterium_sinus_F0268_gi_237754562_ref_NZ_
1 21489
22859 23490
31573 31818
35550 35801
36559 36905
52130 57299
60136 60208
60926 61092
62684 65253
68476 79937
80604 94898
99127 108734
110248 113693
131007 131291
137449 137671
138032 138149
138489 144385
145544 187564
188273 189874
191028 191202
191868 192978
193102 193216
193355 194504
194773 197143
199773 199887
209464 210508
211109 211382
213723 223443
224063 234175
234405 234731
235267 235367
235577 235645
235775 235824
236886 239809
240262 253586
255546 255911
257953 258207
259024 265016
265353 271481
279817 284763
Oribacterium_sinus_F0268_gi_237754541_ref_NZ_
1 447
Oribacterium_sinus_F0268_gi_237754522_ref_NZ_
Oribacterium_sinus_F0268_gi_237754533_ref_NZ_
1 720
Oribacterium_sinus_F0268_gi_237754558_ref_NZ_
1 992
Oribacterium_sinus_F0268_gi_237754545_ref_NZ_
1 1471
Oribacterium_sinus_F0268_gi_237754552_ref_NZ_
1 1060
Oribacterium_sinus_F0268_gi_237754557_ref_NZ_
1 1130
Oribacterium_sinus_F0268_gi_237754553_ref_NZ_
1 1459
Oribacterium_sinus_F0268_gi_237754544_ref_NZ_
1 1550
Oribacterium_sinus_F0268_gi_237754559_ref_NZ_
1 5043
