Oribacterium_sinus_F0268_gi_237754535_ref_NZ_
1 752
Oribacterium_sinus_F0268_gi_237754526_ref_NZ_
312 598
Oribacterium_sinus_F0268_gi_237754529_ref_NZ_
Oribacterium_sinus_F0268_gi_237754555_ref_NZ_
1697 1824
Oribacterium_sinus_F0268_gi_237754556_ref_NZ_
1 65
379 597
1227 1598
Oribacterium_sinus_F0268_gi_237754537_ref_NZ_
628 824
Oribacterium_sinus_F0268_gi_237754534_ref_NZ_
Oribacterium_sinus_F0268_gi_237754554_ref_NZ_
7324 7437
Oribacterium_sinus_F0268_gi_237754525_ref_NZ_
1 576
Oribacterium_sinus_F0268_gi_237754528_ref_NZ_
Oribacterium_sinus_F0268_gi_237754546_ref_NZ_
1 102
536 650
Oribacterium_sinus_F0268_gi_237754547_ref_NZ_
Oribacterium_sinus_F0268_gi_237754549_ref_NZ_
1204 1254
Oribacterium_sinus_F0268_gi_237754548_ref_NZ_
1 1549
Oribacterium_sinus_F0268_gi_237754543_ref_NZ_
487 1148
Oribacterium_sinus_F0268_gi_237754531_ref_NZ_
1 690
Oribacterium_sinus_F0268_gi_237754523_ref_NZ_
1 532
Oribacterium_sinus_F0268_gi_237754538_ref_NZ_
351 848
Oribacterium_sinus_F0268_gi_237754540_ref_NZ_
Oribacterium_sinus_F0268_gi_237754550_ref_NZ_
1 834
Oribacterium_sinus_F0268_gi_237754560_ref_NZ_
1 2091
2591 14972
22981 24648
25746 25995
27814 28873
29142 29505
31140 31767
34496 34625
35472 37931
39446 48275
51271 53173
55056 58467
63060 68080
79016 79354
93819 93906
95610 96339
97511 97736
98456 98669
98995 100432
101201 102519
102867 104021
104328 104562
120828 122542
125123 125261
132593 133005
143641 147838
154939 155790
160576 162702
165860 167247
181018 182426
183815 190909
198354 207620
208404 211094
211607 212864
220336 222434
223319 224186
226851 234853
239443 245731
253319 253610
256839 258622
260378 269838
270404 272635
273147 274914
275472 277479
281001 284286
285021 285169
300304 300530
Oribacterium_sinus_F0268_gi_237754563_ref_NZ_
1 2594
2820 20984
25307 45852
46135 47263
49346 51860
62091 63579
64225 64588
65724 78661
79825 83766
84195 85632
93965 95425
122782 123098
124060 124700
125037 125287
126692 127046
127844 128015
129706 133960
141508 141778
146168 154035
161972 163443
165756 165863
166012 173102
179639 181002
186281 186517
193054 193192
193719 193978
198985 203035
214884 214991
235664 238529
242085 242354
249749 252015
256831 256915
266370 266613
268025 270425
271246 272254
272806 278097
278673 296478
297970 302211
302406 303323
304187 304397
317138 318090
320001 339671
341048 358789
368617 369989
370476 370624
371382 371517
372317 373551
374031 375314
376205 376457
379136 379875
384018 387900
389530 390112
395804 395923
396984 398283
411507 413775
415733 420733
427644 428848
433052 433140
435159 435363
435920 437538
443553 444310
451434 452262
453404 455524
457504 459281
468659 491040
496866 497168
502204 517487
518277 523410
530018 530118
533172 539950
544134 544497
547327 548070
552782 553025
553740 560461
562999 564029
564924 572236
577693 577888
580447 580589
580736 581601
596024 599299
599775 600104
600477 605600
609678 640708
648457 651322
651621 652605
653829 654434
663624 664455
665329 666360
666936 671839
672053 675115
675550 678650
679665 679911
680150 681509
683591 684257
684886 685432
688403 689705
690794 691912
693760 694517
694792 695664
696681 719226
719535 721441
722442 723550
726118 741599
743905 745837
746590 747120
751586 763143
763719 769793
770727 778011
778141 778742
780843 781093
782406 784315
789120 789458
791303 804773
805349 817901
818545 818811
823991 825966
830845 832453
833237 837692
838509 847553
848437 863018
863143 863392
864044 865052
869733 869829
870452 870643
872191 876684
881183 881656
886726 888254
898248 899584
901177 901492
908705 911692
916543 916675
921582 927034
932683 933496
Oribacterium_sinus_F0268_gi_237754532_ref_NZ_
Oribacterium_sinus_F0268_gi_237754564_ref_NZ_
1 2126
2590 3278
8604 14906
18362 18477
20375 20613
21292 22371
26842 34544
48845 49048
52430 53641
54444 59336
60258 63087
63753 66266
73707 87028
87816 103535
108021 115632
116657 119552
120137 123572
123665 135236
138862 139005
140578 148089
150215 150556
157266 158575
173170 173312
202724 202822
206723 207001
208515 244162
245301 253104
253701 257250
258798 271506
272658 273129
274516 274879
292925 293252
294764 294903
300347 301248
301794 302585
304063 304300
308487 315330
318284 333225
344939 345426
356800 357038
359886 360150
367433 372466
378962 379199
400240 400768
403069 403299
409116 417689
420507 434557
439720 441900
443859 443993
446084 447448
448606 448816
449492 449854
450294 450474
469212 472846
476919 503744
506995 512323
512729 526077
536380 536611
538756 538866
559375 586146
594533 601317
609186 609474
613044 614891
617292 617807
624242 624381
624638 624772
626795 627044
641068 641284
643229 656047
665690 667143
669844 677037
682883 685398
693433 693569
715003 715153
721297 721782
723877 729119
737366 740725
750801 750932
760292 760518
770575 771068
787435 788719
791595 792567
802159 803004
808495 809259
815293 815439
820917 824634
829884 833481
839826 840155
842906 843272
847485 847754
851151 857133
876779 880656
Oribacterium_sinus_F0268_gi_237754542_ref_NZ_
1 953
Oribacterium_sinus_F0268_gi_237754530_ref_NZ_
1 681
Oribacterium_sinus_F0268_gi_237754527_ref_NZ_
Oribacterium_sinus_F0268_gi_237754539_ref_NZ_
Oribacterium_sinus_F0268_gi_237754524_ref_NZ_
1 255
Oribacterium_sinus_F0268_gi_237754561_ref_NZ_
78 211
370 419
2343 2671
6385 9198
17269 17511
27296 27874
31774 31978
41575 42186
52770 57172
57435 66810
81925 81991
93626 94037
114136 114326
114995 115359
119639 119742
151683 152407
153324 154165
166497 169720
170055 170707
171004 172139
175077 175199
175710 192365
194089 194238
197557 211262
215160 216659
223065 232475
Oribacterium_sinus_F0268_gi_237754536_ref_NZ_
Oribacterium_sinus_F0268_gi_237754551_ref_NZ_
1 994
Oribacterium_sinus_F0268_gi_237754562_ref_NZ_
1 21489
22859 22955
31573 31818
35550 35801
36559 36905
51922 52123
56989 57299
62684 65253
68420 76151
79787 84129
84243 84339
86304 89767
91287 94898
99127 99218
107155 107299
108504 108734
111608 113693
131007 131291
137449 137671
138697 147514
147683 173025
174033 178816
184371 184919
187356 187651
188688 190498
192719 193392
193987 194382
195769 197509
205765 205819
209464 210508
211109 211382
213723 220581
221400 223443
235419 236542
237708 237915
246776 246917
247559 253543
255546 255911
257953 265016
266027 267226
269606 270095
270732 271206
271331 271481
279817 283204
283785 284763
Oribacterium_sinus_F0268_gi_237754541_ref_NZ_
1 943
Oribacterium_sinus_F0268_gi_237754522_ref_NZ_
Oribacterium_sinus_F0268_gi_237754533_ref_NZ_
1 720
Oribacterium_sinus_F0268_gi_237754558_ref_NZ_
1 992
Oribacterium_sinus_F0268_gi_237754545_ref_NZ_
1 1471
Oribacterium_sinus_F0268_gi_237754552_ref_NZ_
1 1060
Oribacterium_sinus_F0268_gi_237754557_ref_NZ_
1 1130
Oribacterium_sinus_F0268_gi_237754553_ref_NZ_
1 108
Oribacterium_sinus_F0268_gi_237754544_ref_NZ_
1 163
1475 1550
Oribacterium_sinus_F0268_gi_237754559_ref_NZ_
2720 3557
