Prevotella_nanceiensis_gi_483530864_ref_NZ_
1 5020
Prevotella_nanceiensis_gi_483529657_ref_NZ_
1 6505
91359 99372
99467 102527
103830 118765
119454 121184
121328 138280
139648 155571
155797 167491
167835 179089
208233 208498
297181 299710
376555 381457
389944 391217
391314 391522
Prevotella_nanceiensis_gi_483530477_ref_NZ_
1 99
19999 20136
64914 68180
77443 77692
Prevotella_nanceiensis_gi_483529300_ref_NZ_
Prevotella_nanceiensis_gi_483529517_ref_NZ_
1 492
Prevotella_nanceiensis_gi_483530284_ref_NZ_
12709 15788
57543 59884
106697 106879
116654 117601
160677 166902
Prevotella_nanceiensis_gi_483529859_ref_NZ_
1 93
18683 18735
43001 44747
175944 178253
221651 222079
235946 237877
240958 244235
245012 245687
Prevotella_nanceiensis_gi_483530964_ref_NZ_
1 817
1531 1668
Prevotella_nanceiensis_gi_483530088_ref_NZ_
1 258
96764 97189
100500 104113
106944 125634
126556 128495
128658 128791
130535 131145
132173 132865
133528 152036
159716 164051
165488 166818
Prevotella_nanceiensis_gi_483529071_ref_NZ_
57587 66244
119636 122180
146259 147546
154191 164095
171907 172039
190646 191011
208267 208833
227262 229520
243975 244246
255941 256124
351186 351289
362471 363438
370918 379063
379707 387435
388386 388987
389723 398404
399748 406555
431044 433500
444861 444949
476685 476926
477613 479871
496907 497204
515611 520398
523733 542448
543594 546940
558951 559015
577988 585765
595628 596090
602561 604064
680181 680299
684330 684628
717784 718392
719070 720984
Prevotella_nanceiensis_gi_483528923_ref_NZ_
1 252
44503 45328
288246 288616
297558 297622
300940 307089
350379 350559
503124 503342
537522 537631
573690 586138
616600 616751
687120 699814
712231 714600
766168 770943
Prevotella_nanceiensis_gi_483530682_ref_NZ_
