Prevotella_nanceiensis_gi_483530864_ref_NZ_
1 2107
4769 5020
Prevotella_nanceiensis_gi_483529657_ref_NZ_
1 6505
12077 22415
33182 33413
68333 69011
77289 78791
86322 86600
88048 89735
91359 102401
104587 114207
115868 118765
119454 121184
121328 138441
139396 179089
205347 206241
208233 208498
213624 214119
224796 228217
231307 231456
246010 249223
267685 268387
271294 271555
286051 288506
297181 301620
306504 313208
330458 334033
367871 369571
373931 382999
383905 387168
389944 391217
391406 391522
Prevotella_nanceiensis_gi_483530477_ref_NZ_
19999 20136
50996 51408
64914 68180
70629 70738
76606 77066
77594 77692
Prevotella_nanceiensis_gi_483529300_ref_NZ_
Prevotella_nanceiensis_gi_483529517_ref_NZ_
Prevotella_nanceiensis_gi_483530284_ref_NZ_
14246 17814
44391 45714
56642 59884
67387 67898
106697 106879
116654 117601
124630 128573
148943 149857
160989 166466
166767 166902
Prevotella_nanceiensis_gi_483529859_ref_NZ_
1 441
14277 14978
16566 16622
17566 17652
18667 18803
19611 20144
20847 21514
25600 25877
43001 44747
67129 67610
78999 79391
101175 104782
126409 126907
157981 164872
168528 169488
174909 178193
191406 194216
213611 214271
221651 222079
225800 226505
235946 237919
240958 244376
245012 245687
Prevotella_nanceiensis_gi_483530964_ref_NZ_
1 1668
Prevotella_nanceiensis_gi_483530088_ref_NZ_
1 264
4638 6865
18273 19138
25487 25881
34165 37133
41968 45372
51666 53475
57771 57856
66023 66531
73324 73960
74758 81377
84338 86348
96764 97702
100500 104113
106904 128791
129166 130835
132173 132865
133528 153931
159716 164051
165488 166818
180064 185599
197153 198784
208707 209413
214393 214679
216631 216710
218132 218184
Prevotella_nanceiensis_gi_483529071_ref_NZ_
1 305
2048 4066
31686 31737
57586 66243
88083 96044
119636 122180
146259 147546
154191 164095
171907 172039
190646 191011
208267 208443
227262 229520
236602 236684
243975 244246
252957 253320
255941 256124
264380 265924
289144 289222
351186 351289
362471 363873
370918 387435
388386 388987
389723 398404
399748 406555
431044 433500
478137 481218
496907 497204
515611 520398
523720 542435
543594 546940
554764 557169
559153 559300
559825 560405
562179 562458
577995 585772
595628 596090
602561 604064
670024 674827
680181 680299
684330 684628
687479 693565
717784 718392
719070 720984
724937 725325
Prevotella_nanceiensis_gi_483528923_ref_NZ_
336 1824
7310 7409
24460 24967
31750 33600
41794 41967
44503 48680
61654 63592
64319 64381
79737 81341
81877 82002
82604 83282
92261 92496
94459 94714
100477 101134
102933 103618
110945 113866
118839 119077
124197 128036
135178 142862
164264 168694
197172 198396
201718 207106
208230 208639
211296 211407
214594 214769
218519 219758
224175 226745
236824 243799
252853 253779
259679 260351
274098 274591
276960 277242
278325 278554
285556 286153
288246 288616
289710 289834
296698 300018
300940 307089
316807 317295
322896 324981
328775 330504
347504 350559
354536 355193
363621 363743
372589 373293
377156 389984
393718 393827
403100 403427
424372 424422
425061 425801
456834 459249
462978 464127
480858 481513
482875 483141
486273 490755
497041 497110
502723 503595
513486 517186
531870 536610
549837 555066
569189 572427
573690 586138
596981 597535
604345 604493
608013 608785
616600 623079
637147 638459
642973 645184
649895 649962
651441 654378
671023 673148
687120 699814
712234 715813
734068 734303
742279 742537
752021 758484
763178 766987
767377 771404
Prevotella_nanceiensis_gi_483530682_ref_NZ_
3534 4291
