Prevotella_nanceiensis_gi_483530864_ref_NZ_
1 2106
4769 5020
Prevotella_nanceiensis_gi_483529657_ref_NZ_
1 6505
86322 95293
95493 102667
103585 104875
105147 118765
119454 121184
121328 128722
128848 179089
208233 208498
297181 299710
345683 345745
376555 391522
Prevotella_nanceiensis_gi_483530477_ref_NZ_
111 292
19765 20136
64914 68180
77627 77692
Prevotella_nanceiensis_gi_483529300_ref_NZ_
473 782
911 1197
Prevotella_nanceiensis_gi_483529517_ref_NZ_
1 1178
Prevotella_nanceiensis_gi_483530284_ref_NZ_
1 321
11879 19403
57567 59911
106697 106879
116654 117601
160849 166466
166699 166902
Prevotella_nanceiensis_gi_483529859_ref_NZ_
1 1030
4138 7015
10275 22821
23714 25405
43001 44747
54677 57019
110344 110608
168528 179424
221651 222079
235946 245687
Prevotella_nanceiensis_gi_483530964_ref_NZ_
1 1668
Prevotella_nanceiensis_gi_483530088_ref_NZ_
1 265
64022 64108
83375 83759
96764 97704
100500 103844
103954 104113
106916 129114
130356 131145
132173 132865
133528 152036
159716 166818
207631 208209
209571 210096
210817 217888
218132 218184
Prevotella_nanceiensis_gi_483529071_ref_NZ_
111 264
34210 35865
46852 46905
57586 66243
119636 122180
146259 147546
154191 164095
171907 172039
190646 191011
207479 208428
227262 229520
243975 244246
255941 256124
351186 351289
352216 352407
362471 363438
370918 387435
388386 388987
389723 398404
399748 406555
431044 433500
444861 444949
476548 481437
496907 497204
515611 520398
523733 542448
543594 547066
547813 548946
549296 549804
552721 553919
554591 558121
558552 559675
561313 562674
562872 562956
576970 585765
594161 596090
602561 604064
680181 680299
684330 684628
717274 717382
717784 718392
719070 720984
750500 750844
Prevotella_nanceiensis_gi_483528923_ref_NZ_
291 1823
4489 8146
24351 24508
44503 45328
61654 64300
79687 79978
80936 82844
176340 176390
206397 208639
228929 232982
236691 249789
269896 277242
288246 289944
297558 300072
300963 310029
314107 316107
347505 350559
385948 392932
393706 393875
403450 403549
446999 447383
456641 464126
480686 489407
502332 503596
509934 521311
537594 537652
540517 540700
573690 586138
596500 597535
605527 607997
616600 623690
649446 652865
661093 661182
677229 677521
687120 699814
712231 714600
766168 771404
Prevotella_nanceiensis_gi_483530682_ref_NZ_
1 50
18566 18810
