Bacteroides_sp_2_1_7_gi_224485448_ref_NZ_
3294 12417
13146 56024
72786 86203
86991 87822
88516 92778
95223 97146
97893 100339
101905 104917
106326 118657
120869 139286
139829 139985
Bacteroides_sp_2_1_7_gi_224485462_ref_NZ_
1 778
Bacteroides_sp_2_1_7_gi_224485465_ref_NZ_
1 614
Bacteroides_sp_2_1_7_gi_224485445_ref_NZ_
1 1200
1974 5446
6144 6351
7000 8239
9004 16188
16908 18693
19511 24518
25140 39548
40547 42096
42818 46375
47547 72464
73287 81727
82959 88513
89237 90142
90795 96699
97226 102579
103191 104467
105124 110149
110806 114604
115110 124231
124706 125529
126133 151877
152098 170888
171453 173073
173861 178070
179824 183472
184181 196187
196936 200991
201863 209718
210535 212645
213223 216274
216917 229799
230475 233906
234922 237780
237966 244344
244880 249258
249924 254734
256609 258640
259399 261591
262233 265212
265529 290795
292146 305614
306151 313771
314380 335140
335794 336901
337948 356931
Bacteroides_sp_2_1_7_gi_224485447_ref_NZ_
1 41729
42359 47045
47829 50136
50767 51272
51931 53843
54024 56241
56972 74760
75741 99260
100483 102397
102958 103916
105207 108944
109578 112163
112781 115192
116128 120946
121999 155165
156008 169849
170478 171063
171622 173111
173728 182484
183331 188140
Bacteroides_sp_2_1_7_gi_224485458_ref_NZ_
1 1070
Bacteroides_sp_2_1_7_gi_224485460_ref_NZ_
1 787
Bacteroides_sp_2_1_7_gi_224485468_ref_NZ_
1 596
Bacteroides_sp_2_1_7_gi_224485454_ref_NZ_
1 2887
Bacteroides_sp_2_1_7_gi_224485470_ref_NZ_
1 583
Bacteroides_sp_2_1_7_gi_224485457_ref_NZ_
1 1141
Bacteroides_sp_2_1_7_gi_224485441_ref_NZ_
999 4351
4680 81684
82189 104910
105644 160379
160879 191464
192049 197278
198019 201726
202406 206272
206884 262724
263358 264252
265012 276604
277896 279860
280502 283774
284647 313261
313798 352307
353893 354807
355586 367366
368088 389889
390674 413848
414814 415462
416052 416359
417030 418955
419530 425207
426028 437488
437997 504598
557774 614651
615410 627951
628796 648275
648361 655013
655515 664008
664527 665449
666099 677385
678153 680011
680632 688012
688655 705865
706121 710701
711410 715671
716343 722976
724033 724627
725768 726706
727301 735592
736331 747476
748010 759842
760505 762362
763108 768852
769443 772892
773405 773710
773935 779063
779356 781995
782715 815336
816003 816875
817417 828731
829379 835937
836611 854753
855263 856651
857450 862653
863253 872261
872894 935021
935773 948349
949720 954186
954907 956450
957089 986869
987548 990045
990827 993690
994329 1017756
Bacteroides_sp_2_1_7_gi_224485475_ref_NZ_
1 510
Bacteroides_sp_2_1_7_gi_224485477_ref_NZ_
1 2750
Bacteroides_sp_2_1_7_gi_224485459_ref_NZ_
1 967
Bacteroides_sp_2_1_7_gi_224485444_ref_NZ_
1 23405
24927 34080
34852 40362
40481 53567
54206 62683
63216 80001
80659 82883
83486 84670
85376 116717
116799 132332
133224 135911
136369 145526
146503 151980
152676 157567
158068 160673
161576 163881
164552 166467
166973 190130
191097 261737
262416 283507
284111 296292
296764 299110
299630 329249
329948 333847
334391 350057
350969 352613
352702 353611
354146 363932
364744 366554
367348 369342
369858 373251
373800 385651
Bacteroides_sp_2_1_7_gi_224485442_ref_NZ_
1 216
597 5174
6031 34001
34508 53777
54892 56176
57010 118027
118548 133042
133688 134954
135688 140485
140609 146892
147767 161007
161651 165833
166350 186098
186653 190995
191673 199025
200123 203893
205220 210150
210760 213367
214100 214753
215266 223044
223911 243890
244978 264265
264697 264994
265804 266315
266940 272580
273246 280180
280709 290301
290522 299877
300542 301727
302258 317746
318375 321839
322422 323646
324804 328908
329501 335153
335975 337067
337778 361807
361896 362079
362915 369381
369726 375806
376414 376776
377402 378667
379428 385870
386516 387968
388624 403791
405151 545472
545777 552176
552468 561684
562362 562658
563288 567067
568028 578918
579435 583349
584560 587346
588124 589855
590320 597719
598444 609835
610579 613172
614075 641756
642582 644516
645052 652080
652934 656367
656882 661678
662216 678792
679972 681745
682371 684586
685219 691313
691963 692423
693143 705780
706928 707093
707892 712080
712634 715321
716181 718520
718723 719442
719793 720446
721108 722868
723370 732517
733145 742951
743765 754535
755057 759361
760053 760725
761382 763005
763513 766344
767498 784878
785404 789059
789589 803866
803957 807428
807760 808066
808330 813861
Bacteroides_sp_2_1_7_gi_224485472_ref_NZ_
1 531
Bacteroides_sp_2_1_7_gi_224485446_ref_NZ_
1 25799
26645 27196
27809 66829
67548 91454
91848 102276
102809 107892
108565 136988
137803 145341
146443 148167
149043 153446
154190 155827
156439 189993
190594 209897
209966 227086
227611 231114
231771 236065
236574 240298
241015 251047
251922 253388
253823 260654
261452 263161
263673 263882
264385 267819
268395 269463
Bacteroides_sp_2_1_7_gi_224485443_ref_NZ_
1 12864
13550 21590
22212 37702
38690 50779
51432 55095
55576 57941
58606 92152
93006 93442
93918 100571
101083 106165
122421 122843
152519 152577
158107 158510
159300 159413
160769 161330
168828 171293
171528 173197
176361 176822
177647 178857
180935 183035
183828 186129
191230 191526
192898 210266
210865 272343
272958 285403
286013 293905
294591 297797
298436 314357
315050 349146
349679 358332
358854 364274
364805 369112
370040 383305
384141 384570
385616 392627
393176 398896
399799 404649
405174 407365
408129 439078
439264 447890
448457 457030
458368 463812
464428 467179
467389 487843
488443 509837
510475 518776
519346 527887
528662 530164
530986 536779
537347 538984
539630 546891
547567 550027
550661 563348
563517 564508
Bacteroides_sp_2_1_7_gi_224485467_ref_NZ_
1 596
Bacteroides_sp_2_1_7_gi_224485471_ref_NZ_
1 57
Bacteroides_sp_2_1_7_gi_224485476_ref_NZ_
1 502
Bacteroides_sp_2_1_7_gi_224485452_ref_NZ_
1 538
2136 4148
Bacteroides_sp_2_1_7_gi_224485449_ref_NZ_
1 4143
4670 6572
7452 14965
15900 19955
20490 33682
34374 34640
35348 36372
36973 44346
45044 57631
58247 71057
71346 83827
84446 84728
85391 86435
86689 87452
88270 89124
90543 99457
99640 105431
106042 108032
109111 112247
112896 127135
Bacteroides_sp_2_1_7_gi_224485450_ref_NZ_
1 6349
Bacteroides_sp_2_1_7_gi_224485473_ref_NZ_
1 531
Bacteroides_sp_2_1_7_gi_224485455_ref_NZ_
1 2419
Bacteroides_sp_2_1_7_gi_224485469_ref_NZ_
1 592
Bacteroides_sp_2_1_7_gi_224485463_ref_NZ_
1 758
Bacteroides_sp_2_1_7_gi_224485440_ref_NZ_
1 249
864 23780
24469 27125
27768 39382
39982 44233
45378 50131
50436 54690
56075 82649
82726 85723
86238 90535
91202 92268
92654 92989
93304 111456
112080 112661
112935 118880
119393 122127
122226 125039
125116 126052
127090 129870
130409 134678
135552 137513
138293 144835
145416 162575
163135 163263
163912 171796
172657 190342
191007 192805
193425 198684
199239 200386
200567 200737
201672 214514
215149 229639
229782 239455
239833 240011
240418 245235
245815 246329
247488 251539
252141 253708
254436 261991
263020 263360
264163 269501
270218 271279
272073 279532
279932 326886
327709 332871
333905 351840
352462 352804
354332 357636
358403 358843
359483 372568
373295 376810
377459 380079
380685 382226
383088 383650
383868 389670
390677 391869
392509 394100
394629 398160
398356 412431
412847 416109
416837 431525
432292 434074
434607 434844
434933 460252
461163 475440
475684 477173
477773 479543
480067 485336
486665 487134
487826 495757
496559 503825
504488 509750
510333 511837
512391 513482
513719 515128
516423 518314
519522 522676
523195 524696
525576 528679
528924 533713
534353 536459
537045 539507
540028 546301
546932 563050
563930 572406
573190 576284
576785 576886
577189 579525
580582 584154
584899 585656
586488 588791
589276 604445
605076 608244
608828 611030
611730 616039
617032 617186
617574 619428
619502 623323
624004 630699
632275 643592
644220 645307
645560 651427
652064 670290
671057 673766
674376 680897
680979 684657
685823 689405
690277 691082
691600 734854
735357 740890
741659 745489
746080 764035
764653 774932
775546 778121
778247 779953
780580 797407
798155 801646
801851 803689
804140 810383
811138 811326
812055 812613
813264 819020
819615 822140
823202 842795
843346 886733
887494 888290
888807 888959
889401 889509
891593 896073
896761 900710
901307 905188
905445 907886
908543 908909
909493 909738
910482 915885
916787 918884
919509 935191
936312 937036
937671 938607
939314 949931
950599 952846
953096 954715
955364 956842
958563 965095
965847 979177
980034 988892
989563 994966
996019 1001862
1003245 1038858
1039499 1039708
1040392 1041162
1042518 1044967
1045697 1059099
1059306 1061410
1062055 1069608
1070260 1071888
1072586 1080210
1080527 1080695
1081469 1089483
1089985 1105667
1106067 1106668
1107258 1111736
1112309 1126653
1126994 1127098
1127447 1130981
1131587 1131691
1132676 1143784
1145341 1146643
1147318 1147455
1147950 1149681
1150351 1174441
1175190 1176016
1176640 1178396
1179025 1180944
1181520 1182101
1182910 1225858
1226516 1227039
1227560 1236198
1236710 1245872
1246607 1250485
1251385 1262054
1262658 1266650
1267706 1271160
1271925 1274191
Bacteroides_sp_2_1_7_gi_224485456_ref_NZ_
1 1380
Bacteroides_sp_2_1_7_gi_224485466_ref_NZ_
1 605
Bacteroides_sp_2_1_7_gi_224485464_ref_NZ_
1 657
Bacteroides_sp_2_1_7_gi_224485453_ref_NZ_
1 3248
Bacteroides_sp_2_1_7_gi_224485461_ref_NZ_
1 778
Bacteroides_sp_2_1_7_gi_224485451_ref_NZ_
1 5696
Bacteroides_sp_2_1_7_gi_224485474_ref_NZ_
1 517
