Bacteroides_sp_2_1_7_gi_224485448_ref_NZ_
1 56314
57401 57659
58567 69650
70264 73004
75289 75777
81225 81675
82774 84054
85105 85326
86550 139985
Bacteroides_sp_2_1_7_gi_224485462_ref_NZ_
1 778
Bacteroides_sp_2_1_7_gi_224485465_ref_NZ_
1 614
Bacteroides_sp_2_1_7_gi_224485445_ref_NZ_
1 356931
Bacteroides_sp_2_1_7_gi_224485447_ref_NZ_
1 22565
23146 188140
Bacteroides_sp_2_1_7_gi_224485458_ref_NZ_
1 1070
Bacteroides_sp_2_1_7_gi_224485460_ref_NZ_
1 787
Bacteroides_sp_2_1_7_gi_224485468_ref_NZ_
1 596
Bacteroides_sp_2_1_7_gi_224485454_ref_NZ_
1 2887
Bacteroides_sp_2_1_7_gi_224485470_ref_NZ_
1 583
Bacteroides_sp_2_1_7_gi_224485457_ref_NZ_
1 1141
Bacteroides_sp_2_1_7_gi_224485441_ref_NZ_
1 514877
557682 1017756
Bacteroides_sp_2_1_7_gi_224485475_ref_NZ_
1 510
Bacteroides_sp_2_1_7_gi_224485477_ref_NZ_
1 2750
Bacteroides_sp_2_1_7_gi_224485459_ref_NZ_
1 967
Bacteroides_sp_2_1_7_gi_224485444_ref_NZ_
1 385651
Bacteroides_sp_2_1_7_gi_224485442_ref_NZ_
1 813861
Bacteroides_sp_2_1_7_gi_224485472_ref_NZ_
1 531
Bacteroides_sp_2_1_7_gi_224485446_ref_NZ_
1 269463
Bacteroides_sp_2_1_7_gi_224485443_ref_NZ_
1 112212
112739 113419
114605 115284
115838 115920
116655 117054
119233 119770
121187 121343
121963 124365
124822 124888
125454 127456
128018 128258
128928 129940
130567 130773
132941 133432
135126 137167
138605 138708
139228 139718
143214 143488
144304 145316
146261 146666
147215 147744
149548 150313
150873 151292
152254 153307
153914 155342
155850 165309
167612 190729
205683 564508
Bacteroides_sp_2_1_7_gi_224485467_ref_NZ_
1 596
Bacteroides_sp_2_1_7_gi_224485471_ref_NZ_
1 533
Bacteroides_sp_2_1_7_gi_224485476_ref_NZ_
1 502
Bacteroides_sp_2_1_7_gi_224485452_ref_NZ_
1 4148
Bacteroides_sp_2_1_7_gi_224485449_ref_NZ_
1 127135
Bacteroides_sp_2_1_7_gi_224485450_ref_NZ_
1 6349
Bacteroides_sp_2_1_7_gi_224485473_ref_NZ_
1 531
Bacteroides_sp_2_1_7_gi_224485455_ref_NZ_
1 2419
Bacteroides_sp_2_1_7_gi_224485469_ref_NZ_
1 592
Bacteroides_sp_2_1_7_gi_224485463_ref_NZ_
1 758
Bacteroides_sp_2_1_7_gi_224485440_ref_NZ_
1 1274191
Bacteroides_sp_2_1_7_gi_224485456_ref_NZ_
1 1380
Bacteroides_sp_2_1_7_gi_224485466_ref_NZ_
1 605
Bacteroides_sp_2_1_7_gi_224485464_ref_NZ_
1 657
Bacteroides_sp_2_1_7_gi_224485453_ref_NZ_
1 3248
Bacteroides_sp_2_1_7_gi_224485461_ref_NZ_
1 778
Bacteroides_sp_2_1_7_gi_224485451_ref_NZ_
1 5696
Bacteroides_sp_2_1_7_gi_224485474_ref_NZ_
1 517
