Bacteroides_sp_2_1_7_gi_224485448_ref_NZ_
1 955
1483 1682
1955 2514
2799 3019
3087 3316
3422 56268
56831 59992
61278 73004
74151 76213
76757 77430
78018 78142
82638 83936
84748 86467
86590 93992
94103 94357
94446 94954
95033 95240
95354 95576
95702 95872
96030 100772
101095 101221
101892 102935
103023 103549
103776 103919
104042 106446
107087 125946
126485 127978
128279 128487
128617 128783
128995 139985
Bacteroides_sp_2_1_7_gi_224485462_ref_NZ_
1 778
Bacteroides_sp_2_1_7_gi_224485465_ref_NZ_
1 614
Bacteroides_sp_2_1_7_gi_224485445_ref_NZ_
1 848
976 1517
1829 8425
8853 9049
9271 144496
144647 144788
144895 145130
145196 145338
145489 188882
189026 189266
189379 189597
189805 356931
Bacteroides_sp_2_1_7_gi_224485447_ref_NZ_
1 5138
5741 52500
52599 52837
52989 53510
53616 188140
Bacteroides_sp_2_1_7_gi_224485458_ref_NZ_
1 1070
Bacteroides_sp_2_1_7_gi_224485460_ref_NZ_
1 787
Bacteroides_sp_2_1_7_gi_224485468_ref_NZ_
1 596
Bacteroides_sp_2_1_7_gi_224485454_ref_NZ_
1 2887
Bacteroides_sp_2_1_7_gi_224485470_ref_NZ_
1 583
Bacteroides_sp_2_1_7_gi_224485457_ref_NZ_
1 1141
Bacteroides_sp_2_1_7_gi_224485441_ref_NZ_
139 355
639 769
963 354817
355259 355460
355586 415825
415998 416207
416305 416495
416617 416836
416937 509164
510157 511025
511581 511973
513606 513843
516300 516536
517839 526394
528307 528855
534383 535537
537104 539214
540370 540872
544700 667022
667148 667360
667454 667695
667846 709751
709847 710048
710173 710364
710512 710737
710838 1017756
Bacteroides_sp_2_1_7_gi_224485475_ref_NZ_
1 510
Bacteroides_sp_2_1_7_gi_224485477_ref_NZ_
1 2750
Bacteroides_sp_2_1_7_gi_224485459_ref_NZ_
1 967
Bacteroides_sp_2_1_7_gi_224485444_ref_NZ_
1 34253
34417 34619
34737 296521
296763 296923
297021 297515
297632 385651
Bacteroides_sp_2_1_7_gi_224485442_ref_NZ_
1 195040
195263 195383
195522 290143
290266 290438
290522 600223
600341 600878
600964 691085
691192 691348
691472 691627
691958 692523
692768 692987
693112 693281
693401 693542
693693 813861
Bacteroides_sp_2_1_7_gi_224485472_ref_NZ_
1 531
Bacteroides_sp_2_1_7_gi_224485446_ref_NZ_
1 27672
27778 27942
28011 28224
28311 28521
28720 269463
Bacteroides_sp_2_1_7_gi_224485443_ref_NZ_
1 102238
102394 102533
102773 106165
106589 106955
107954 108311
108490 108905
110261 110430
111096 111548
111695 111929
116418 116674
121970 122142
122386 122567
122846 123049
123491 123644
123812 124013
126140 126250
126503 126693
127276 127416
136037 136451
137162 137536
145006 145315
146262 146665
152254 153307
153883 154014
154560 155208
156399 156571
156695 156860
157044 157578
157730 157875
158037 158164
158308 158554
158755 159771
160063 160234
160677 160833
160967 161329
161626 161774
162091 162859
167612 167818
168092 168226
168307 168526
168717 173533
173973 174923
175294 175557
175834 176278
176829 178239
178761 180626
180806 181045
181126 181281
182688 183288
183488 183638
183792 184019
184265 186415
186537 186793
187114 187349
187482 187607
188090 188338
188475 188710
189185 189882
190024 190250
190413 191927
192429 193250
204484 204533
205130 271294
271549 271721
271838 272048
272165 310264
310394 310888
310972 311185
311414 405757
405842 406037
406117 406323
406493 406685
406825 550141
550266 550495
550576 564508
Bacteroides_sp_2_1_7_gi_224485467_ref_NZ_
1 596
Bacteroides_sp_2_1_7_gi_224485471_ref_NZ_
1 533
Bacteroides_sp_2_1_7_gi_224485476_ref_NZ_
1 502
Bacteroides_sp_2_1_7_gi_224485452_ref_NZ_
1 4148
Bacteroides_sp_2_1_7_gi_224485449_ref_NZ_
1 89552
89667 89815
89948 90198
90336 90497
90629 108607
108799 108939
109079 109252
109432 127135
Bacteroides_sp_2_1_7_gi_224485450_ref_NZ_
1 6349
Bacteroides_sp_2_1_7_gi_224485473_ref_NZ_
1 531
Bacteroides_sp_2_1_7_gi_224485455_ref_NZ_
1 2419
Bacteroides_sp_2_1_7_gi_224485469_ref_NZ_
1 592
Bacteroides_sp_2_1_7_gi_224485463_ref_NZ_
1 758
Bacteroides_sp_2_1_7_gi_224485440_ref_NZ_
1 370575
370736 370953
371044 371298
371488 645556
645670 645862
645959 646089
646293 790863
790970 791174
791366 791553
791668 889373
889491 889640
889805 890039
890201 948935
949206 949343
949483 963622
963697 995486
995623 995819
995923 1041436
1041860 1042001
1042099 1042241
1042417 1072903
1073143 1073355
1073443 1073636
1073756 1096539
1096727 1096878
1096958 1097141
1097286 1274191
Bacteroides_sp_2_1_7_gi_224485456_ref_NZ_
1 1380
Bacteroides_sp_2_1_7_gi_224485466_ref_NZ_
1 605
Bacteroides_sp_2_1_7_gi_224485464_ref_NZ_
1 657
Bacteroides_sp_2_1_7_gi_224485453_ref_NZ_
1 3248
Bacteroides_sp_2_1_7_gi_224485461_ref_NZ_
1 778
Bacteroides_sp_2_1_7_gi_224485451_ref_NZ_
1 5696
Bacteroides_sp_2_1_7_gi_224485474_ref_NZ_
1 517
