Bacteroides_sp_2_1_7_gi_224485448_ref_NZ_
3544 86389
87374 88210
88729 100427
101020 101158
101905 104964
107206 118073
123980 139985
Bacteroides_sp_2_1_7_gi_224485462_ref_NZ_
1 778
Bacteroides_sp_2_1_7_gi_224485465_ref_NZ_
1 614
Bacteroides_sp_2_1_7_gi_224485445_ref_NZ_
1 1200
1974 3305
4086 5422
6144 6351
7045 8263
8884 9038
9558 10452
11042 16251
17119 18312
18608 18740
19537 42085
42938 46605
47774 49155
49225 57721
57823 63671
64385 67420
67657 67748
67951 70266
71008 72464
73168 73998
74611 79901
80502 81727
82959 83207
83638 84312
84832 96729
97177 102579
103282 104461
105124 110129
110806 112451
113023 124182
125014 125391
126133 126440
127185 131235
131871 133189
133736 134069
134670 134787
134961 144496
145057 147265
147768 148138
148243 148658
149446 151829
152098 152414
152646 152776
153052 155700
155861 156002
156213 159932
160457 169145
169810 172013
172244 172399
172760 173057
173898 176204
176924 178354
180078 182557
182841 183472
184145 184348
184902 190024
190608 200991
201803 209691
210156 210299
210552 212633
213223 216248
217203 225617
226348 233906
234614 236635
237106 240335
240845 244264
244870 245687
246211 246457
246619 249242
249924 251421
251564 253191
254116 254438
255258 255417
256609 257754
258618 261591
262269 262918
263286 264896
265903 270230
271396 276079
276781 284612
285170 285571
286397 288075
288288 290711
291236 291519
292114 293088
293548 293744
294002 294109
294329 305614
306194 320424
320984 330980
331138 333953
334202 335140
335820 336876
337963 338151
338373 338472
338731 339786
340001 340146
340457 345634
346378 346753
347283 355376
355549 356931
Bacteroides_sp_2_1_7_gi_224485447_ref_NZ_
1 1627
2151 18839
19558 20709
21332 41425
41742 41839
42291 46784
47829 51183
51947 54414
54996 55096
55636 57148
58360 68769
68999 74760
75031 75143
75656 99212
100509 100858
101729 103874
105230 109012
109599 109776
111232 111421
112891 115177
116094 121002
122197 127591
127808 128718
129231 130094
130801 132420
132981 150400
150976 154365
154941 155152
156137 169071
169298 169416
169629 169827
170909 180844
181125 181234
181488 182444
182914 184934
185505 188140
Bacteroides_sp_2_1_7_gi_224485458_ref_NZ_
1 1070
Bacteroides_sp_2_1_7_gi_224485460_ref_NZ_
1 787
Bacteroides_sp_2_1_7_gi_224485468_ref_NZ_
1 596
Bacteroides_sp_2_1_7_gi_224485454_ref_NZ_
1 2887
Bacteroides_sp_2_1_7_gi_224485470_ref_NZ_
1 583
Bacteroides_sp_2_1_7_gi_224485457_ref_NZ_
1 278
359 1141
Bacteroides_sp_2_1_7_gi_224485441_ref_NZ_
999 4271
5152 9510
10481 12116
12608 12740
12969 15854
16358 18000
18659 34860
35850 35992
36479 41212
41726 42165
42815 43443
44654 60212
60278 80143
81049 81660
82189 85470
85975 90906
91832 94114
94373 94462
94670 95281
95430 104902
105663 117904
119026 126482
127567 128226
128740 132629
133373 174468
174701 174794
175078 183729
184477 189673
190522 191556
192274 196261
197163 197296
198019 206272
206885 208510
208880 212793
213086 213220
213469 223071
223577 238809
239061 239551
240458 242938
243409 246920
247424 259550
260063 260832
261460 262780
263358 264252
265012 265292
266174 276604
277748 277916
278236 278320
278816 280253
280527 283774
284647 286979
287111 287234
287492 291030
291266 291381
292049 295152
295826 296190
296409 296523
296831 313251
313798 322922
323517 330008
330573 352344
353902 354306
355403 358186
358731 358946
359274 360558
361096 364558
364865 365020
365282 365405
365935 368852
369481 369606
369903 372561
373262 379250
380099 380410
381555 390806
391042 392582
392793 392963
393176 401185
401390 401474
401708 415536
416052 416411
417030 418803
419552 425198
426265 438370
438669 504598
557808 606725
607484 608834
609062 609175
609455 614651
615200 617001
617626 626086
626755 626835
627204 627951
629124 630594
630733 645484
646069 648251
648361 648552
649137 649224
649457 654993
655963 657589
658252 663755
664532 667617
668147 674229
674761 677385
678727 679780
680664 688055
688655 691983
692223 699343
699893 700682
700900 703752
704039 704423
704923 710014
710224 710361
710568 710701
711410 723080
724235 724588
725768 726175
726684 733021
733592 735592
736637 759818
760162 760296
760505 772658
773181 773365
774049 774874
775345 782226
782864 783889
784665 787693
788305 799783
800489 815336
816003 816292
816519 816875
817456 817556
817874 817968
818474 819183
819838 830962
831484 832197
832716 836010
836611 849952
850365 850631
851305 853792
854010 854109
854323 856789
857325 858395
859048 860375
860581 860674
861048 872218
873177 873889
874425 874640
874930 875021
875419 901339
901595 910794
911406 917479
917744 917862
918154 922457
923092 934983
935925 936935
937513 944026
945319 952822
953118 953238
953450 954210
954919 956450
957089 958839
959365 981552
982123 987244
987841 990170
991124 991854
992131 992286
992497 1001667
1002208 1017756
Bacteroides_sp_2_1_7_gi_224485475_ref_NZ_
1 510
Bacteroides_sp_2_1_7_gi_224485477_ref_NZ_
1 2750
Bacteroides_sp_2_1_7_gi_224485459_ref_NZ_
1 967
Bacteroides_sp_2_1_7_gi_224485444_ref_NZ_
1 6646
6868 6976
7503 10210
10367 21752
22611 23405
23906 24274
24927 27164
27766 28857
29023 34080
34453 34538
34777 44129
44924 45015
45240 45341
46175 51158
51677 62332
63254 70181
70788 74249
74521 79402
79652 79783
80921 82138
83723 92182
92931 94067
94841 122890
123102 123210
123430 132542
133536 135308
136369 145588
146950 149434
149751 149907
150124 157567
158078 160302
161556 162043
162674 163881
164552 166439
167055 169726
170267 176911
177063 178270
178666 178791
179051 181920
182691 185061
185566 190510
191097 256460
256984 257108
257328 258580
259226 261737
262423 263882
264098 264385
265018 267369
267548 268541
269042 269142
269366 270845
271443 283476
284111 285047
285791 287639
288285 291778
292616 292999
293279 293361
293721 299110
300204 301076
301307 333847
334466 346988
347220 347407
347615 349695
351155 351912
352019 366537
367709 369309
370012 372460
373076 374054
374643 384353
384564 384690
384910 385651
Bacteroides_sp_2_1_7_gi_224485442_ref_NZ_
1 2252
2795 5461
6082 15792
16299 17624
18123 19829
20544 20646
20856 20943
21219 25377
25614 25732
26027 31097
31931 33813
34825 36036
36589 53949
54896 55911
56138 56244
56913 116367
117157 119700
120236 124840
125431 126338
126588 132778
133836 134574
135941 146709
147342 147478
147767 158026
158595 159143
159714 160997
161592 162003
162237 162337
162555 163466
164213 165822
166442 186098
186660 190984
191673 192724
193046 193158
193956 197237
198332 199025
200162 200992
201848 202124
202790 203240
203458 203583
204398 204539
205168 206091
206904 209899
210786 213798
214354 223044
223926 225768
226496 226582
226854 236602
236717 239200
239832 243851
244978 247129
247263 247455
247728 259897
260697 260993
261701 263862
264686 264956
265767 266314
266969 267120
267363 272395
273896 274359
274935 282299
282821 285539
285783 285907
286227 290301
290522 297561
297817 297962
298212 299365
299585 299698
299923 301285
302258 303646
304279 305012
305557 311057
311371 319171
319904 320566
321118 322080
322245 322938
323494 323757
324819 335023
335818 335997
336504 337067
337743 345992
346786 347691
348109 369819
370361 373575
373831 375538
376189 376890
377402 378399
378635 378764
379463 380761
381262 382360
382947 387014
387648 401720
401844 402016
402267 403927
405285 546204
546723 549848
550395 561684
562375 562742
563320 564758
565082 565170
565670 566290
568260 568359
568592 568680
568972 572206
572415 578918
579643 581928
582507 583091
584894 587284
588093 588842
589081 597719
598444 599697
600212 609613
610592 610691
610932 613351
613438 638210
638832 641464
641769 641913
642434 644516
645093 649386
650791 651756
653233 653635
654252 656129
656900 657534
658089 661433
662141 673060
673270 684702
685346 685523
686062 687643
688166 688349
688571 688687
689333 690921
691051 691313
692422 692522
693991 697267
698046 698169
698639 699342
699957 704430
705027 705770
706957 707093
707892 709348
709882 711265
712040 712104
712641 715296
716147 717812
718024 720439
721108 742951
743640 753180
753726 753878
754199 754519
755057 756257
756957 757906
759341 764550
765059 766323
767597 767761
768017 768179
768397 771627
771841 780104
780446 780541
780906 784620
785483 785768
785992 786077
786361 794459
794743 794846
795263 803866
804002 804380
804559 806473
806663 807428
807760 808066
808275 808357
808457 813861
Bacteroides_sp_2_1_7_gi_224485472_ref_NZ_
1 531
Bacteroides_sp_2_1_7_gi_224485446_ref_NZ_
1 12180
12711 14863
15454 24014
24350 24440
24945 26664
27846 28437
29083 37095
37973 40457
40679 40867
41150 41251
41451 55599
56144 72104
72198 76419
77353 107882
108446 119243
119466 131380
131591 136563
136827 143553
144118 144257
144531 145340
146722 156016
156363 163254
163868 171295
171842 173290
173842 185112
185702 189969
190530 194969
195512 198283
199444 207401
208348 210025
211289 212304
212402 217718
217951 218056
218328 222375
223293 225227
225661 225982
226392 227072
228338 237459
237706 237857
238433 240298
241321 241962
242526 249504
250112 251047
251418 251573
251866 253081
253823 260602
261392 263882
264610 267164
268276 269463
Bacteroides_sp_2_1_7_gi_224485443_ref_NZ_
127 12943
14366 19615
20173 25456
26165 37647
38931 42909
43186 48210
48912 50779
51643 52230
52676 56938
57154 57267
57521 92142
93157 93235
93448 93719
94339 94858
94929 97280
98041 100671
101369 101581
102164 103633
104849 104938
105180 106165
106613 106706
122291 122843
152519 152577
157847 158494
160732 161547
162603 162746
168157 168447
168828 171293
171528 173506
175966 176956
177468 183020
184015 187050
189472 190403
192393 210266
210865 229050
229588 233659
233900 237033
237190 239364
240913 260715
261277 271291
271911 272343
273494 280342
280961 285507
286027 287339
287530 287628
287917 289980
290519 292251
292845 295181
296359 296716
297289 300052
300391 300513
300744 302507
302779 302901
303167 303397
303657 303837
304161 308461
308730 308824
309038 311135
311714 314272
314997 329211
329761 331889
332569 339896
340508 342291
342998 347405
347679 347782
348067 349146
349688 354736
355327 355429
355697 359384
359908 361901
362639 364257
364805 369111
370040 377502
377759 377843
378097 383304
384088 384570
385703 390767
391430 392655
393176 398943
400704 400858
401455 404268
405057 411736
412435 415333
416192 418599
419109 421429
422013 442509
442650 447884
448488 453775
454146 454853
455121 455242
456250 457030
458697 462911
463625 466984
467661 487825
488443 488884
489181 508658
509275 509837
510439 520850
521424 524982
525708 525999
526602 536940
537638 538976
539660 546867
548078 551464
551671 551855
552139 556210
556809 557915
558161 561878
562382 564508
Bacteroides_sp_2_1_7_gi_224485467_ref_NZ_
1 596
Bacteroides_sp_2_1_7_gi_224485471_ref_NZ_
1 533
Bacteroides_sp_2_1_7_gi_224485476_ref_NZ_
1 502
Bacteroides_sp_2_1_7_gi_224485452_ref_NZ_
1 783
1920 4148
Bacteroides_sp_2_1_7_gi_224485449_ref_NZ_
1 4143
4688 6572
7215 13125
13690 14965
15843 21830
22088 24904
25421 30252
30758 34699
35741 36351
36973 38883
39050 40642
41511 42064
42183 48159
49049 49757
50504 70351
71359 74039
74785 80102
80677 83827
85112 87441
88213 89124
91278 99362
99640 102414
103108 105106
106050 108011
109524 112175
112826 124334
124536 124639
124994 127135
Bacteroides_sp_2_1_7_gi_224485450_ref_NZ_
1 6349
Bacteroides_sp_2_1_7_gi_224485473_ref_NZ_
1 531
Bacteroides_sp_2_1_7_gi_224485455_ref_NZ_
1 2419
Bacteroides_sp_2_1_7_gi_224485469_ref_NZ_
1 592
Bacteroides_sp_2_1_7_gi_224485463_ref_NZ_
1 758
Bacteroides_sp_2_1_7_gi_224485440_ref_NZ_
1 19692
20212 21794
22085 22188
22426 23853
24469 26933
27785 29870
30157 30250
30462 33617
34239 39416
40202 41063
41722 44216
45726 54679
56433 82649
82726 90535
91202 92002
92264 92387
92654 111411
112099 113536
113829 113924
114175 117727
118352 118810
119769 120430
121153 121570
122260 126340
127097 129870
130409 134173
135659 144887
145416 145895
146401 147268
148005 148108
148404 150247
150313 151020
151227 151324
153217 162669
163139 163244
163911 167338
167592 171175
172657 189392
189612 189733
189951 190342
190862 192273
192346 194926
195146 198737
199239 203323
203530 203630
204145 204383
204638 204736
204982 205575
205797 205934
206154 214295
215149 219118
219649 222052
222572 223274
223886 223947
224577 224645
225150 226049
227024 227318
227864 229593
229782 232387
232570 232985
233224 233374
233542 235480
235695 236689
236923 237040
237267 239435
240476 245235
245857 251501
252141 253708
254320 261876
263038 263343
264185 269345
270078 271248
272080 273649
274226 279342
279932 280991
281303 281392
281612 285971
286178 287089
287361 287457
288237 296659
297197 324277
324408 326116
326641 326886
327709 328440
328789 328885
329189 332581
332880 332991
333910 338201
339661 340960
341499 345825
346981 349256
349984 353157
354593 358841
359824 369709
370417 370545
370768 370932
371190 371290
371519 372534
373237 382226
382784 383650
383886 387690
388263 389663
390703 394100
394604 401693
402258 402841
403494 408196
409075 410883
411385 415698
416017 416163
416837 429708
430340 431515
432340 460274
460994 463427
463929 479543
480134 481573
481831 481981
482245 482546
483043 483343
483604 484674
485212 485336
486665 487134
487826 492309
493081 493343
493924 507308
507517 507610
507817 510592
511425 512547
513218 515128
515777 515947
516182 516809
517349 517699
519526 524717
525689 531357
531934 532896
533205 533304
533535 533713
534298 536207
537046 541316
541830 542290
543094 546096
547250 549917
550205 550302
550515 557936
558496 562973
563851 566867
567340 569777
570412 571624
571905 572046
573693 581788
582733 584154
585147 585796
586488 587188
587709 588789
589276 598145
598793 601013
601537 604581
605076 605240
606304 606417
607048 611023
611730 613160
613955 614248
614467 614611
614756 616099
617058 617186
617607 617739
618155 618450
618968 623024
624012 630323
630552 630699
631334 631566
632247 638850
639367 641683
642349 643048
643443 643575
644223 645719
646296 646468
646695 647269
647489 647583
647837 649216
649778 649917
650987 661326
661983 662378
662481 664971
666942 669325
669880 670391
671297 675030
675330 680897
680979 684502
686104 702879
703485 731352
731570 734819
735312 741678
742405 747419
747633 747753
748020 749971
750202 761045
761157 763757
764061 764216
764377 769260
769980 770986
771731 775029
775889 778149
778807 779953
780580 780914
781459 781800
782617 784003
784510 787906
788474 796462
797025 799457
800033 803700
804140 810351
811165 812594
813632 819009
819833 826638
826779 830427
832256 832430
832623 839481
840118 842795
843372 843872
844342 847742
848004 848102
848422 869014
869319 869403
869898 886732
888060 888345
888754 888935
889401 889587
890614 890728
892222 892337
892547 895799
896386 897813
898382 900690
901332 909738
910255 915009
915303 915398
915690 915845
916787 917266
917431 917598
917824 918320
918540 918677
919509 920077
920898 934902
936902 937036
937676 944909
945139 949930
951199 954385
954634 954712
955223 956820
958764 959192
959983 960440
960952 973442
974213 974866
975550 979129
979481 979583
980057 980211
980725 981105
981682 985596
986735 988863
989567 994332
994852 998074
998802 999478
1000164 1002086
1003283 1007546
1008065 1009089
1010106 1032074
1032672 1037953
1038200 1038339
1039499 1039831
1040669 1040857
1042539 1044967
1045697 1057135
1057326 1064058
1064622 1067245
1068458 1069657
1070260 1071047
1071641 1078143
1078310 1078418
1078727 1082841
1082953 1086377
1086904 1087908
1088614 1100801
1101790 1107457
1108311 1111700
1113327 1118321
1118650 1127089
1127457 1130892
1132713 1143784
1144762 1146643
1147334 1149681
1150294 1152885
1153096 1155242
1155832 1157477
1157851 1157962
1158144 1159992
1160233 1160343
1160606 1160769
1161321 1174441
1175550 1179441
1180122 1182075
1182807 1190428
1190676 1206957
1207308 1215989
1216914 1220703
1221245 1224768
1225219 1226689
1227560 1227674
1227939 1234932
1235460 1235837
1237277 1238194
1239130 1240662
1241356 1241466
1241694 1244478
1244963 1248863
1249554 1250283
1252167 1252788
1253342 1255093
1255733 1256602
1257164 1257684
1258335 1258635
1259311 1259700
1260399 1260577
1261613 1273370
1273923 1274191
Bacteroides_sp_2_1_7_gi_224485456_ref_NZ_
1 1380
Bacteroides_sp_2_1_7_gi_224485466_ref_NZ_
1 605
Bacteroides_sp_2_1_7_gi_224485464_ref_NZ_
1 657
Bacteroides_sp_2_1_7_gi_224485453_ref_NZ_
1 3248
Bacteroides_sp_2_1_7_gi_224485461_ref_NZ_
1 778
Bacteroides_sp_2_1_7_gi_224485451_ref_NZ_
1 5696
Bacteroides_sp_2_1_7_gi_224485474_ref_NZ_
1 517
