Thermus_sp_CCB_US3_UF1_gi_384438400_ref_NC_
56767 57075
67613 68595
129336 130338
144935 145997
172729 173792
197852 198837
228829 229895
266978 267962
270325 272708
275107 276170
1107859 1108045
1130784 1131848
1180801 1181785
1332180 1332381
1434508 1435491
1678013 1678299
1703762 1704048
1730726 1731786
1734181 1735247
1737190 1739406
1748512 1749575
1757943 1758897
1861150 1861925
1882724 1883786
1884587 1884841
1964687 1965163
2106727 2107747
2123659 2126797
2136566 2137549
2212905 2213065
