Thermus_sp_CCB_US3_UF1_gi_384438400_ref_NC_
16085 16161
39353 39479
56623 58119
67547 68661
77719 77843
86611 87805
129288 130404
131223 131311
144869 146063
172663 173858
197786 198903
228763 229961
266912 268848
270259 272774
275041 276236
329253 329304
350132 350204
420425 420480
467912 467982
479578 479864
480652 480730
597620 597820
800328 800393
967390 968503
1041224 1041382
1107793 1109178
1130718 1131914
1137629 1137688
1180734 1181851
1232844 1232919
1331432 1332447
1407171 1407223
1412006 1412119
1414685 1415869
1434442 1435557
1488255 1488316
1677947 1678365
1703166 1704114
1715471 1715527
1725744 1725977
1726578 1726652
1730548 1731852
1734114 1735313
1737124 1739506
1748420 1749641
1757877 1758836
1769030 1769086
1787550 1787953
1803819 1803918
1860519 1861991
1881306 1881587
1882281 1883852
1884705 1885377
1885962 1889445
1964621 1966093
2082146 2082341
2087707 2087808
2106661 2107813
2123593 2126863
2136500 2137673
2172317 2172379
2212938 2213131
2213892 2214085
2222218 2222270
