Coprococcus_comes_gi_225594901_ref_NZ_
1 9349
10006 18918
19869 26026
26203 32861
32999 33703
34491 36797
37357 38414
38748 39677
Coprococcus_comes_gi_225594900_ref_NZ_
1 4268
5240 21115
21862 23969
25205 26015
26149 26254
26441 26571
27511 28695
29390 37545
38232 41179
41696 44647
45328 51166
51754 58808
58883 60645
61152 61337
61436 61496
61921 64050
65792 69682
69769 72009
72153 73908
74828 80627
81277 90062
91082 93896
95101 99794
100586 111391
112044 112726
113343 121084
122257 124061
124977 128642
129480 148136
148439 155093
162128 167886
168260 191524
191704 198367
199147 200550
201398 203977
204094 207409
207990 209863
209971 214050
215288 222354
222855 226415
227048 243525
243638 244006
244759 254699
260012 260354
266717 275669
277151 277298
280570 295332
297121 297673
297796 298381
298479 298666
299730 304863
Coprococcus_comes_gi_225594898_ref_NZ_
118 4010
4601 7848
8139 20197
20806 25845
26456 28397
28599 45470
45584 46126
46215 47584
47966 49617
50462 50649
51043 56630
57465 75630
76135 77851
78600 100126
101094 101456
102282 122449
123071 123219
123785 136129
136785 137257
138013 140750
141370 142396
142943 152262
153997 154351
155827 171012
171739 172541
172886 173110
173554 195297
195497 204259
205173 206568
206692 206887
207104 207153
207782 208868
209391 210439
211398 217086
217279 221376
222090 223761
223890 224603
225461 228882
229876 231863
232570 234788
235542 239018
239202 239290
239548 241140
241402 243220
243334 248949
Coprococcus_comes_gi_225594904_ref_NZ_
1 9674
10315 38232
39007 63403
63991 71774
72702 88872
89035 100619
101862 108554
109109 114021
114596 135110
135699 159451
159534 183619
183788 190200
190333 193911
195487 197739
197831 198317
201013 206816
207078 209021
210167 211133
211256 226468
227048 258067
258724 259463
259789 261947
262563 279987
280637 288965
289046 289389
292847 294128
296982 301369
302644 305158
305732 307897
Coprococcus_comes_gi_225594897_ref_NZ_
1 2798
Coprococcus_comes_gi_225594908_ref_NZ_
1 329
519 649
Coprococcus_comes_gi_225594906_ref_NZ_
1 7228
10596 11488
12009 13139
13349 16986
22519 24875
25549 34545
66340 70487
71811 73239
98847 103401
112287 112474
116956 117495
117920 117977
129026 139043
139864 163006
163608 164338
165175 165447
166045 166931
167937 168919
169500 171068
171388 176543
177250 177522
178111 184240
185590 206806
207312 211706
212723 215774
216044 218898
219569 222331
222969 226885
226977 227422
228431 228661
232166 232435
233400 233753
234484 235152
237587 238177
240553 240811
243262 248522
249256 274999
275518 279062
279190 300505
300815 314207
314550 318114
318707 326135
326835 345097
345248 347578
347740 348600
349260 389407
390054 394940
395015 398355
398490 454019
454615 454972
455539 485830
486363 486426
486582 486884
487181 517880
518092 522749
522847 564389
565048 573156
573970 603251
603852 641691
641947 658564
659111 668098
668867 728760
729387 736029
736151 855829
859457 861071
861199 874358
874977 875687
876297 877823
878418 884943
885973 886140
886841 889229
889988 891565
Coprococcus_comes_gi_225594909_ref_NZ_
1 876
Coprococcus_comes_gi_225594905_ref_NZ_
1 7304
7911 17106
17655 35543
35823 36870
37072 56229
56946 61666
62334 63878
64416 72074
72197 75657
76281 83079
84220 88627
88703 93088
93160 116708
117320 127583
127772 136368
137010 164863
165476 165895
166190 168482
169573 171178
171313 174729
175479 193547
193802 195080
196163 199802
200030 202853
204717 212155
213261 250690
251317 253124
253397 254321
254409 255112
Coprococcus_comes_gi_225594903_ref_NZ_
1 50191
50720 82432
83003 101249
101856 102358
102671 104811
Coprococcus_comes_gi_225594902_ref_NZ_
1 995
1536 55230
55867 180151
180785 202845
203205 205846
206966 211803
212639 215079
215777 215933
217131 221500
222232 223820
224571 227853
227970 235797
Coprococcus_comes_gi_225594899_ref_NZ_
1 3478
5076 8141
11256 12654
12755 14865
15099 15331
17450 18755
18897 30610
31506 31688
33091 97473
98224 150941
151723 159717
160371 166915
169883 254160
254752 265455
265564 322200
322818 346531
346818 357950
359479 373897
374790 376618
379018 382793
386398 386616
388601 390487
397063 422784
424081 429678
429981 430030
430138 431538
431870 443488
444029 447557
448235 454814
455117 455521
455900 455951
456455 460328
461411 466620
467291 469386
469910 471288
472008 487594
487953 490507
491340 492320
493039 494708
495434 508671
509346 519289
520119 520346
520499 521302
525719 527840
529260 533013
534018 537813
538398 539563
542953 543340
544054 544555
545181 546282
546757 548830
549169 600281
600461 601004
603114 622191
623781 650800
652597 819839
821301 825534
826434 826551
827968 834020
834143 847455
Coprococcus_comes_gi_225594907_ref_NZ_
1 529
