Coprococcus_comes_gi_225594901_ref_NZ_
1 39677
Coprococcus_comes_gi_225594900_ref_NZ_
1 69682
69769 178815
179485 266860
267562 268479
269107 273629
274311 300144
302330 304863
Coprococcus_comes_gi_225594898_ref_NZ_
1 156123
156388 170331
171411 173110
173554 176116
176875 176931
179054 250186
Coprococcus_comes_gi_225594904_ref_NZ_
1 99873
101271 193850
195179 197218
198607 202023
203929 295915
296704 298057
300756 307897
Coprococcus_comes_gi_225594897_ref_NZ_
1 2798
Coprococcus_comes_gi_225594908_ref_NZ_
1 649
Coprococcus_comes_gi_225594906_ref_NZ_
1 7228
8305 10366
10596 10949
11269 11611
12009 35025
36200 37275
37944 38336
38950 39882
40405 40535
41191 41538
42195 44233
45267 45640
46164 47225
48037 50718
51344 60030
60567 61146
62322 63510
64228 64448
65975 68093
68683 72887
73646 78077
78659 78893
80742 83249
83757 84971
85576 89586
90326 90752
91441 92199
93774 94801
96429 97412
98315 103743
105176 105292
106905 107257
109143 110403
111730 112482
114763 117977
118368 118952
119970 121183
121870 124006
124864 125965
127468 127524
129025 236594
237156 242543
243242 888362
888452 891565
Coprococcus_comes_gi_225594909_ref_NZ_
1 876
Coprococcus_comes_gi_225594905_ref_NZ_
1 255112
Coprococcus_comes_gi_225594903_ref_NZ_
1 102358
102671 104811
Coprococcus_comes_gi_225594902_ref_NZ_
1 215079
215777 235797
Coprococcus_comes_gi_225594899_ref_NZ_
1 1288
1506 18755
18897 165526
166858 167917
168510 169136
169669 376894
377792 377843
378046 422784
424081 430030
430359 516880
517178 519289
520119 521533
521897 522814
523998 524298
525731 528781
529205 532211
533227 539563
542953 545082
545265 546264
546394 600465
602736 604790
605957 618174
620841 650834
652597 847455
Coprococcus_comes_gi_225594907_ref_NZ_
1 529
