Coprococcus_comes_gi_225594901_ref_NZ_
1 14186
14300 14496
14643 14768
14912 15145
15234 39677
Coprococcus_comes_gi_225594900_ref_NZ_
1 24667
24790 24992
25205 25377
25530 64169
64683 67399
67806 69556
69687 94180
94331 94836
94989 95152
95335 155981
156145 156976
157692 158935
159146 159684
159994 160185
160962 167969
168181 168914
169284 170615
170951 171170
171781 174385
174619 177078
177193 178345
179710 179896
180448 180592
180895 182480
182631 182821
183014 183142
183401 256532
257023 261800
262347 262521
263505 264937
265461 265704
265894 276767
278079 278316
278503 282333
282853 283276
283402 284951
285385 286530
286772 288883
289077 291056
291450 299021
299730 300392
302281 304863
Coprococcus_comes_gi_225594898_ref_NZ_
1 76334
76408 76577
76691 76856
77062 109098
109231 109419
109535 109773
110067 122621
122733 122895
123028 123246
123329 123584
123688 152730
152928 153083
153382 153587
153668 153815
153974 155453
155715 155893
156079 157537
158147 173319
173385 208457
208535 208754
208842 209075
209174 250186
Coprococcus_comes_gi_225594904_ref_NZ_
1 4856
6016 21223
21345 21548
21696 21895
22059 71907
71999 72129
72337 72864
72968 100687
101234 189987
190173 190363
190547 190732
190853 193903
194953 289415
290450 290703
290791 291012
291273 291485
292133 292438
292794 294381
295578 295645
296941 307897
Coprococcus_comes_gi_225594897_ref_NZ_
1 2798
Coprococcus_comes_gi_225594908_ref_NZ_
1 649
Coprococcus_comes_gi_225594906_ref_NZ_
1 9176
9511 9653
10272 17086
17195 17429
17758 18316
18429 18580
18762 20416
20572 20741
20960 21100
21291 21923
22206 22618
22828 34628
39779 40139
42695 42909
49056 49710
51810 52017
52822 53082
53306 53659
53770 53892
54083 54219
54971 55444
56348 56483
56641 56846
59233 59617
59891 60058
60899 61233
63154 63298
66326 74069
77143 77502
80706 80909
83827 84691
86063 87466
91798 92001
94478 94800
96615 97647
98332 98694
98839 103393
106905 107191
111734 112481
116956 117977
120187 120360
120508 120682
120794 120938
121999 122321
129008 137513
137654 137842
137939 145428
145535 145713
145819 227711
228620 229385
230031 230276
230685 231228
231484 231652
231897 232693
233368 233542
233668 233802
233932 234690
234816 234947
235082 235705
235882 236098
237892 238018
238149 238272
238911 239423
239676 239866
239984 240549
240670 241135
241335 241473
243242 314911
315073 315799
315929 344583
344701 573516
573972 695728
695843 855790
856899 857902
858416 858623
859457 861071
861161 891565
Coprococcus_comes_gi_225594909_ref_NZ_
1 876
Coprococcus_comes_gi_225594905_ref_NZ_
1 71089
71206 71435
71551 71790
71903 132979
133089 133308
133388 133797
133976 170871
171034 171202
171433 198869
199013 199179
199409 202083
202477 202969
204183 210999
211122 211368
211446 226575
226747 236145
236305 236473
236641 236853
236988 255112
Coprococcus_comes_gi_225594903_ref_NZ_
1 67528
68178 101279
101435 101578
101751 102358
102671 104811
Coprococcus_comes_gi_225594902_ref_NZ_
1 215079
215777 217437
217942 223471
223604 224042
224235 224463
224554 224803
224933 225118
225304 235797
Coprococcus_comes_gi_225594899_ref_NZ_
1 3755
4435 8536
8809 18755
18897 30982
31360 165833
166822 358343
358637 358877
358991 359179
359319 360835
360942 361163
361242 361472
361562 361790
361925 374516
374594 375306
375799 375970
377813 382815
383339 383593
383805 383943
384094 384275
384543 384794
384935 386324
386469 386986
387251 387520
388470 391388
391939 394504
394897 395214
395872 396011
396170 423245
423760 423895
424052 424182
424289 425142
425696 460612
460759 460957
461085 461239
461380 461514
461615 519289
520008 521800
523654 528338
529205 537809
538313 538537
538638 539563
540140 540482
542953 601374
602847 617921
618657 629560
630229 632207
632630 634874
635237 805169
805330 820736
821245 847455
Coprococcus_comes_gi_225594907_ref_NZ_
1 529
