Coprococcus_comes_gi_225594901_ref_NZ_
1 181
293 6911
7312 9687
10514 11332
11827 11953
12236 14704
14912 15002
15352 18468
20930 21441
21965 33737
34491 34683
35007 35114
35476 36665
37413 39487
39590 39677
Coprococcus_comes_gi_225594900_ref_NZ_
1 1372
1887 2538
3049 3255
4273 4429
5179 8113
8661 19363
20080 21103
21872 23438
25186 25331
25603 27880
28404 28675
29138 29874
30196 35963
36172 44642
45354 48886
49100 49240
49473 51138
51754 58896
59507 61496
61921 63762
65794 69682
69927 70013
70473 71611
71760 73169
73408 73540
73804 73898
74688 80836
81244 88493
88704 88790
89024 90062
90864 93895
95805 96392
96620 96697
96997 97082
97598 100933
102059 106172
106702 111387
112425 112880
113351 121194
121917 124025
125249 126074
126805 128467
128985 144161
144876 155093
162694 167351
167629 167886
171898 176081
177193 177898
180903 191615
191897 198367
199147 200600
201404 204528
205031 206504
207073 214734
215288 226615
227179 252499
255826 256494
259970 260560
266717 275669
281954 288801
290892 298379
299730 304863
Coprococcus_comes_gi_225594898_ref_NZ_
116 2354
2701 3085
3299 3376
3795 4056
4601 7823
9101 25735
26516 28398
28613 39029
39276 39439
39678 47577
47760 50645
51043 56689
58172 59069
59845 63585
63890 66353
67778 68130
68680 72924
73796 74325
74887 76546
76754 77144
77493 77839
78600 78723
78958 79044
79545 80842
81666 95799
95930 96406
97037 108524
110285 114194
114502 114596
114802 115803
116584 116923
117181 117284
117515 119453
120082 122607
123071 123170
123491 135359
135636 136103
136698 137348
138163 142303
142883 152262
153714 155858
156139 170352
171739 173110
173554 180015
180261 181167
181776 190797
191529 193951
194309 204152
205483 206887
207782 208444
209292 210178
211138 221009
221237 221376
222144 222254
222449 224603
225461 225605
225879 227895
228636 231848
232570 234771
235178 239155
239548 248808
Coprococcus_comes_gi_225594904_ref_NZ_
1 9817
10332 21189
21414 21507
21717 25225
25754 27849
28650 34128
34664 38350
39017 47937
48126 53549
53776 53869
54124 59092
59335 59471
59548 66010
66685 72405
72649 85610
86127 97734
98369 100663
101746 108578
109173 116533
117060 125576
125931 126044
126306 128658
129315 174863
175172 184400
184494 186642
186776 193560
195942 197217
200272 206539
207106 209046
210167 231778
231947 233235
233913 236382
236591 258112
258505 261878
262591 271272
271876 277838
279081 279987
280859 289357
292847 298356
301469 307591
307810 307897
Coprococcus_comes_gi_225594897_ref_NZ_
1 2798
Coprococcus_comes_gi_225594908_ref_NZ_
1 649
Coprococcus_comes_gi_225594906_ref_NZ_
1 7228
8202 8490
9013 10358
10596 11611
12009 16148
21315 21604
23324 23661
23957 24723
25474 33627
34589 34983
66340 77516
98839 103393
112302 112474
116956 117438
117920 117977
129025 139687
139864 139949
140193 141279
141933 154851
155192 155303
155566 159351
159668 159835
160464 162537
162774 162965
163608 164480
165175 167317
167942 174970
175630 175770
176754 176876
177267 177546
178111 198720
199036 202544
203595 209501
210053 211706
212961 217473
218038 218887
220040 221261
221514 222068
222894 223754
224602 227390
234496 235110
240741 241090
242986 245204
245624 248522
249256 252285
252763 254808
255321 256771
257301 271561
272174 298519
299045 313551
314629 317876
318723 330417
330485 338348
338912 343193
343763 344216
344379 344497
344703 345071
345248 347415
348192 348409
349094 358583
358730 358854
358938 365075
365371 366724
367359 367489
368017 371072
371238 378347
378569 378677
378965 386324
386512 389472
390014 390166
390437 394940
395015 454056
454542 471192
471488 471588
471815 477865
478117 485822
486582 486941
487449 490988
491679 549681
549839 573156
573970 575527
576239 580971
581572 592174
592713 594239
594451 603311
603955 620030
620318 624231
624844 641639
641947 658333
659124 668278
668917 682008
682161 684287
684533 715050
715874 728760
729380 735876
736151 771819
772356 852669
853386 855553
859457 861071
861224 866594
866777 872668
873102 875683
876138 886125
886841 891565
Coprococcus_comes_gi_225594909_ref_NZ_
1 876
Coprococcus_comes_gi_225594905_ref_NZ_
1 377
1268 1355
1575 1716
1982 17111
17677 31881
32166 32304
32591 40288
40821 56368
56952 61721
62266 63869
64503 71378
71611 71740
73301 75657
76281 82765
84245 84381
84615 93787
94465 97655
98249 99812
100025 100174
100487 101474
102375 102746
102816 108945
109232 109404
109637 112494
112641 115445
116195 116460
117320 118267
118517 123550
124255 127546
128645 132600
133094 133226
133387 136089
136893 138562
139180 163827
164402 164758
165475 165537
166197 168482
169329 178327
178437 180085
180305 183202
183646 183737
183951 185368
185438 194730
196134 196542
197728 199802
200030 200223
201443 201992
202107 212155
212847 227669
228151 228798
229166 232968
233422 233871
234073 236448
236998 238517
238797 238914
239063 239682
239829 239944
240165 242985
243417 250690
251317 254113
254355 255112
Coprococcus_comes_gi_225594903_ref_NZ_
1 5883
6486 18046
18585 31450
31801 47085
47219 63699
63846 82416
82813 87747
88101 101243
102671 104811
Coprococcus_comes_gi_225594902_ref_NZ_
1 215
701 967
1536 35626
35926 36064
36332 40685
40794 45295
45679 57088
57405 64248
64897 65045
65189 67953
68480 74843
75072 79730
79969 82907
83427 84140
84663 96650
96883 114274
114621 114752
115037 122066
122336 153749
154344 180126
180343 184025
184239 193296
193508 193595
193853 198233
198649 202845
206959 215079
215777 216463
217904 224764
225347 227853
227983 235797
Coprococcus_comes_gi_225594899_ref_NZ_
1 3475
5103 8141
8988 9078
11401 14582
15099 15326
18897 19434
19524 30647
31426 52137
52326 57276
57623 67869
68414 82295
82551 97455
98059 109785
110135 119711
119790 131176
131402 144827
144983 149071
149791 150941
151723 156168
156297 160132
160638 162839
163354 166841
170100 178377
178542 179974
180506 186521
186662 188045
188245 190500
191299 226646
226904 227008
227427 245381
245490 250421
250688 254150
254821 254923
255151 265455
265566 284689
285192 313262
313907 322169
322839 336575
336679 336788
336895 338126
339174 341014
341129 358663
359348 363101
363320 363436
363748 369390
369555 370501
371006 374536
376557 376618
379262 381907
382481 382790
386398 386616
387184 387256
397721 422784
424289 433703
433989 434076
434556 438440
439787 440600
441087 441187
441491 443482
444042 449003
449709 450057
450698 457545
457941 460405
461663 465410
465964 467666
467821 469411
469670 471288
472055 478079
478277 482175
482724 483906
484099 484210
484419 490054
490294 490507
491340 492224
493038 494708
495434 497058
497225 499230
499888 501765
501874 504669
504800 511042
511622 519289
520499 527434
529260 531350
532041 533057
533761 539563
543915 546396
546757 546856
548744 548830
549169 580160
580341 597393
597461 602840
603080 604734
605985 617790
620733 650800
652597 705060
705209 795863
796217 796388
796614 804966
806150 812764
812974 825501
826344 831784
832000 832099
832317 832800
832942 838457
838666 840571
840943 841031
841330 843620
844178 847455
Coprococcus_comes_gi_225594907_ref_NZ_
1 529
