Gemella_sanguinis_M325_gi_511537587_ref_NZ_
1 4240
6533 6816
7785 7874
9683 10069
10694 11038
14524 14595
20371 20627
22810 23099
24907 25818
35419 35762
37320 38914
45713 47270
70277 71188
85412 87949
88049 89925
106280 106524
110143 110221
113133 113823
114998 115254
118773 118993
124239 124325
125836 126355
129423 132735
136568 136626
143406 143902
144275 144437
144803 148163
161430 161502
179693 179785
198432 198602
203044 203361
215472 216966
217106 218359
219332 219570
227312 227667
228931 229038
230051 230789
231975 232374
232955 233970
234623 234969
236458 236946
237889 239553
241198 241996
242913 243108
243729 244634
246448 246776
247537 248020
249512 250107
252182 252447
254463 255002
255834 256352
257006 257500
260540 260633
261098 263277
263523 263950
265588 265703
266250 268008
270256 270342
274095 274490
283888 284440
289910 290258
291824 292263
297580 298241
299267 299387
308121 308949
309309 309526
310563 311351
311525 311945
312450 315070
320629 322428
326269 326573
327691 328392
329047 330067
331426 331674
333342 335288
Gemella_sanguinis_M325_gi_511537563_ref_NZ_
1 1914
2152 2550
3460 8999
10305 10468
14506 14565
15916 16043
23603 28605
29214 29452
30120 30305
32713 33336
34438 36753
37646 37737
38846 39111
39619 42964
43451 43806
44840 45150
45697 46247
46770 47137
48371 50489
61467 61894
67023 68342
72261 72325
80708 81722
103235 103373
104664 104785
114969 115294
115363 115846
115977 116273
116608 116774
120269 120514
121312 121617
123832 124141
124866 127576
128183 129599
130638 130835
136812 137014
138992 142764
148306 159275
159416 164669
167465 168298
168646 169224
169875 171260
178249 179060
181593 181767
181838 181991
202742 206441
207934 212800
214753 216387
217917 218612
218790 220599
220950 221824
222408 223372
229228 230258
230880 231908
241915 242904
243549 245145
245849 246045
249020 250310
252098 252369
254535 256775
257953 258569
259554 267490
271164 277759
278264 278399
281391 281701
281807 281935
282216 286251
296764 297056
305656 306093
312333 312814
313537 313692
316452 316880
326006 326174
328522 328936
329101 329211
329668 329764
330867 331005
335587 335913
340403 342693
342793 344404
344786 345108
345394 347409
347789 347856
349800 350229
351434 351540
352160 353899
354810 356629
359167 359463
361789 361929
366237 366387
367320 368434
370435 370792
371758 371940
372048 372312
377078 377804
378993 379076
379723 379997
Gemella_sanguinis_M325_gi_511537531_ref_NZ_
1 527
5100 5149
5994 6045
15108 17335
24480 24930
29262 33300
37240 37488
40200 40290
41689 41860
42970 46010
46110 46482
49308 49358
49924 50115
51319 51596
52573 54445
64902 65427
68641 68721
69837 69955
77803 78754
85329 85996
101313 101373
108131 108199
128475 128913
133429 133572
160159 160737
168219 168399
175387 175527
178892 178991
183706 184662
184773 185024
186778 187038
200222 203405
204341 204752
206553 206850
207590 207689
211732 211830
213382 213456
217743 217925
222246 222453
225106 225279
227654 228253
229446 232735
232857 233030
234305 234838
239003 240733
245396 245766
258997 261251
262901 262985
268465 268654
269552 269755
269856 270765
271311 271876
275347 275638
282498 282605
287147 287467
290486 291742
292790 293057
302454 305367
305630 305752
317796 318000
322114 327925
330856 331212
337862 338271
339633 339740
347172 347399
348329 349183
353148 355252
355840 356213
356313 356449
375781 376243
387950 389643
390315 391246
391837 392446
393752 393988
403480 404421
404584 404678
Gemella_sanguinis_M325_gi_511537590_ref_NZ_
1 1189
8278 8788
Gemella_sanguinis_M325_gi_511537485_ref_NZ_
1 514
40472 41001
58606 58831
60092 60616
81601 82952
95947 96420
96965 97990
121185 121610
122251 122360
132847 133003
172185 172247
173524 173995
191142 191299
197717 198076
199775 200676
205880 206082
207821 209047
214089 222175
222715 223258
226829 226880
226971 229552
232277 232336
233100 234868
240292 240461
241684 242102
254364 256144
259588 260597
261805 261894
268594 269840
288305 289173
289818 289973
293610 293720
295770 295905
313176 315660
331691 331983
338196 338385
353902 354003
354759 354849
357644 361936
368215 368275
376725 380962
381513 383960
384976 385478
386012 387357
397995 398212
399022 399761
404749 404837
409213 409336
410671 410854
411223 411433
413422 413936
414460 414810
416566 416618
420249 421396
425666 425775
426753 426961
427145 428581
429103 429798
434382 434456
446621 446939
447625 447793
449659 449944
450655 450742
456958 457399
465182 466173
468725 470178
473041 473337
473851 474035
479437 480124
481557 484468
486107 486249
487761 487839
489302 490089
491447 491625
492913 493184
495857 495939
503158 503650
513006 515367
515567 515619
519032 519315
521209 522418
529594 529893
537410 537464
540744 540899
543066 543888
548248 548368
549724 549791
561629 567704
568133 569995
573250 573478
585182 585846
596248 597005
597186 600046
612334 613162
622778 623040
623118 623747
