Gemella_sanguinis_M325_gi_511537587_ref_NZ_
1 3641
13110 17231
18190 18693
45716 47273
150470 150521
170080 170383
171268 171748
260984 262898
268477 268610
297823 298241
326438 326573
333708 335288
Gemella_sanguinis_M325_gi_511537563_ref_NZ_
1 2054
20352 20408
23347 32398
33717 34011
41522 50489
114969 115846
115977 116273
123832 128869
138992 139669
148311 165321
165805 165988
166613 169223
181593 181767
208765 216271
218693 223994
229228 230258
249110 250297
267177 267490
271164 276164
281391 281935
282211 285190
328719 328885
340743 347409
351882 352352
353277 353675
355070 358171
359878 361936
368005 368196
380188 383604
Gemella_sanguinis_M325_gi_511537531_ref_NZ_
1 226
15130 16338
29874 33300
42970 45211
64902 65427
78279 78781
160479 160528
207526 207871
212209 212352
227667 227849
231216 232038
239032 240733
245396 245766
276584 277213
278728 278859
282625 283300
290921 291600
302449 305362
330778 330858
356313 356449
388100 388709
403480 404678
Gemella_sanguinis_M325_gi_511537590_ref_NZ_
1 1189
8523 8788
Gemella_sanguinis_M325_gi_511537485_ref_NZ_
1 514
96329 97990
132848 132918
173524 173996
199379 206214
206988 209047
214089 222772
226971 229552
233663 234831
248612 249221
250181 250303
251470 252262
253229 253731
254673 256144
288850 289973
331691 331983
358058 361585
367963 368062
402037 403411
411225 412650
413284 413537
415902 418703
420249 421396
427035 427552
427849 432658
432965 433371
435200 435382
436511 436854
468627 470182
479437 480124
481925 482417
511360 511559
513006 514960
515212 515467
543065 543768
561357 567501
585427 585846
597186 599239
623632 623747
