Gemella_sanguinis_M325_gi_511537587_ref_NZ_
1 12833
13344 13972
14524 15743
16789 18253
19029 19769
20301 20675
21778 21868
21996 22820
23068 24534
24908 25068
25259 25866
29031 29860
30408 30587
31457 31563
33462 33653
34063 34337
34712 35909
37272 37712
38506 38719
45717 47274
51573 53350
54133 54316
54819 56204
56962 57264
58226 59436
60255 61080
61599 61734
62492 62749
63500 65921
66540 70225
70749 71406
71548 71689
72219 72394
73621 74283
77147 77232
79827 80171
80892 81088
82287 82409
82800 84121
85349 87247
87827 88644
91347 92833
93390 93789
96741 97219
98219 98813
99890 100088
100771 101181
101701 103073
103625 103694
104321 105498
106027 110441
111468 112791
113085 113226
113473 113613
113749 113872
114202 119041
119435 120776
121828 124795
125680 127644
128568 129578
129860 130070
131489 136655
136767 137870
138421 138817
139511 140552
141249 141789
142384 145278
145922 149744
150389 150986
152847 153149
155636 155710
161430 161502
161663 163710
164374 164541
165551 166012
166363 167759
169082 170133
170893 171795
172022 172521
178773 178866
179771 182009
182627 182678
184227 184828
198051 198602
199788 200522
201873 202154
203044 204259
212648 212745
213670 217147
217715 218083
218659 220772
220875 220973
221043 221145
221856 222327
223024 225104
225228 225912
226097 226248
226393 226777
227296 227721
228293 236184
236409 239942
240582 242384
242913 254710
255537 256000
256121 258181
259081 264370
265346 266430
266571 267109
267682 268056
268210 268610
269703 270432
270956 271145
271659 273407
274852 275802
277009 277269
277395 277675
277851 279247
279759 284400
285118 285303
285562 285630
286208 287059
288438 290864
291418 292931
293787 295711
296946 301449
301654 302119
303122 303463
304061 304496
305184 310924
311480 316391
316980 319352
319763 319939
321165 324603
325674 328499
328948 331363
331562 331707
331892 332107
332452 335288
Gemella_sanguinis_M325_gi_511537563_ref_NZ_
1 2678
3187 3539
3697 4528
4688 5069
5972 6862
7439 9311
10206 11251
11526 11644
13429 13812
14458 14772
15373 16329
16895 17471
18320 18613
19150 20408
21909 27246
27392 31084
31529 31851
31995 34515
34754 35154
35745 39004
40094 50920
53681 53765
54304 55492
56087 56606
57187 58349
58856 58955
59956 60017
60584 60639
61296 61894
62424 62769
63464 63520
65207 65538
66434 68927
69046 70021
70888 71162
71892 74881
75460 75991
76784 77108
80521 81430
82270 84227
85595 88130
88269 88555
90715 90867
91507 91570
91791 92261
92591 93581
94995 95338
97654 97712
98380 101582
102136 104037
104222 105235
106205 106333
107053 107881
110360 111818
112802 114383
114833 115846
115977 116821
116931 121197
122772 124290
124574 126760
127080 128869
129253 133764
134778 135734
136605 137531
138185 138276
138922 143554
144078 144171
145455 146806
147595 165490
165573 165942
167417 168484
168637 170327
170737 170830
171059 173336
174548 174818
175349 175592
176339 177573
178237 180368
181122 182036
183372 183502
184673 184835
185541 185637
186625 186719
187958 188091
189294 189385
191381 191516
192099 192506
193126 194207
194735 195701
200088 200331
201944 202029
203232 205087
205750 207988
208645 217623
218184 220373
220520 221791
222293 223372
224025 224492
224658 224873
229228 230258
230696 231025
231483 232143
236176 237380
237760 238259
238997 239577
240009 240067
240711 243187
243534 244947
245801 246093
246934 247595
248487 248539
248874 250825
251135 251444
251757 251953
252187 252284
254487 256735
257314 261727
262287 262721
263905 265939
266659 268982
269855 269996
270358 270621
271164 276725
277247 278428
278571 278715
278862 279016
279189 279391
279603 280273
280434 281101
281352 281935
282176 284646
285188 286697
286843 287320
287521 289193
289742 289829
291578 291939
293189 293281
295481 295793
295945 299157
299596 299755
301022 301547
301680 303655
304587 305310
307948 308034
312018 313746
314342 318101
318352 321927
322522 322631
323839 323948
324964 325392
325981 330776
331422 331716
334146 334650
334974 337841
338072 339075
339785 343888
344092 347905
348426 348955
349061 349950
350225 350313
350609 352108
352463 354272
354967 358047
358554 361142
361841 362350
362673 363103
363604 364189
364872 366387
367001 367394
367650 369893
370094 371226
371393 371654
371733 373817
374946 375131
375749 376204
377030 378762
379294 383604
Gemella_sanguinis_M325_gi_511537531_ref_NZ_
1 738
1304 1374
1882 6231
6733 7337
9779 9902
12179 12251
13728 16065
17297 18600
20088 21039
23379 25209
25730 26120
26307 26978
27370 27822
28994 33300
33790 33850
34486 40193
40376 42918
43089 46647
47482 47737
48378 54482
56986 57136
59053 60093
61183 62067
62736 62878
64534 64633
64902 65427
65694 66408
68584 69132
70337 71913
73142 73249
73601 74170
74285 74413
74652 75515
77545 78835
80785 81202
82542 83183
83982 84081
85171 85996
86244 86356
90873 91398
92049 92324
96558 96951
103096 103183
103800 103943
107353 108031
109798 110393
111837 112163
113105 113739
114525 115215
117814 118089
119601 120251
122167 122228
123039 123761
124327 125090
125927 126127
126345 127925
128459 129147
130681 131137
131863 132183
132381 132467
133429 133572
134144 137603
137955 139394
141618 141917
142227 144161
144333 144585
144760 144945
145769 146333
147692 148816
149943 150025
150991 151551
155287 155375
156162 156211
157248 158396
158925 159009
160177 160785
168168 168630
169147 169905
171242 173763
174402 176406
176975 177914
178435 179178
180834 183186
183706 187390
189159 189262
189441 189831
190396 190991
192500 193001
194122 194185
195774 196267
199771 200440
201420 205090
205763 206504
206630 207225
208786 210659
211340 212850
213147 213990
214582 215127
215608 218098
218681 219939
220464 220620
221171 221507
221725 221879
222126 223064
223219 223812
223946 224813
224986 225119
225566 227091
227442 227804
227886 228352
228530 230859
231216 232175
232519 234781
235188 237551
237743 238149
238673 240733
244863 247638
248233 248344
249034 249115
250764 253285
254005 254062
255134 255942
257379 258140
258689 258811
259455 262996
264214 267603
268349 269646
269757 271361
271475 272209
272805 272880
273397 273505
275347 277347
277614 277746
278554 282484
284443 286579
287147 291923
292062 292265
292790 294961
295380 295568
296486 297763
298436 298517
300708 301701
302267 306534
307361 308267
310518 311646
312485 313425
315187 315920
316105 317076
317212 317955
318883 319970
320566 321041
321963 322248
322813 323122
323744 325099
325780 326333
326872 327988
330031 331697
332235 332809
335218 335863
336832 337866
339014 339789
340942 341820
342348 345850
346074 346325
346835 347147
347424 349002
349137 349341
349449 350241
351884 352393
352989 354427
354957 358348
358976 359177
361879 362005
363341 364718
367217 367271
368078 368252
368768 370690
371577 378075
378984 381426
381693 381788
381936 383471
384293 384652
385158 385531
386257 386800
387350 389217
390315 395898
396080 396978
398676 399482
401346 401414
402201 402264
403198 404678
Gemella_sanguinis_M325_gi_511537590_ref_NZ_
1 1195
2413 2473
3237 3324
4642 5653
5835 6152
6483 7457
7634 8788
Gemella_sanguinis_M325_gi_511537485_ref_NZ_
1 514
1805 1869
2612 2717
5006 5093
8965 9391
12278 12806
13331 14102
17265 17735
20869 21103
23876 25832
26396 27901
28552 28837
29579 29948
33043 33160
33922 34906
36158 36220
39007 39563
40321 40472
40666 41001
41747 42899
43489 43904
44235 45853
46582 46775
48133 48918
50113 51298
52875 53082
54187 55846
56397 56493
57022 59569
59994 60117
60311 62014
62726 66628
66711 67311
68136 70854
71438 72269
72427 73049
73644 73710
74310 74688
74924 75051
75783 78977
79488 83858
84432 85292
85522 87786
88316 89305
89839 93821
93988 94429
94985 97990
98777 98853
101907 102326
104435 104635
106766 106838
113825 113930
114967 115373
116237 116317
118252 119371
119671 119807
119935 120167
120343 121661
122203 122437
124337 125396
126573 126985
128138 129083
129869 131216
131412 131700
132847 133721
135278 135707
137453 137506
141543 141611
143392 143924
147029 147121
148400 148488
148797 148947
152121 153191
155783 155872
156772 156936
160598 160808
161574 161694
163775 163949
164484 164562
166455 166629
168782 168836
169789 170351
171697 172577
173511 173982
175596 175681
176769 176844
177797 180345
180949 181024
181927 182408
182951 183497
185075 185144
185796 185920
186497 186610
186973 187366
189164 189329
189850 192218
195383 195437
196006 196414
197603 203431
204151 204260
204481 206697
207773 209816
213649 213719
213931 223792
223998 226101
226718 226777
226971 229552
231811 232526
233100 233317
233663 235331
237534 238127
238309 239161
239371 240581
241000 245986
246119 252261
253177 256778
256894 256985
257167 260039
261326 261431
261590 263054
263608 263731
264375 264666
265677 265809
268507 269071
269924 270067
270690 271658
271925 272031
273168 274665
275357 275636
275977 276527
277182 277915
279445 282290
283658 283738
286587 286675
288305 288807
289131 290009
291622 291903
292842 293138
293511 293911
294126 294325
295160 295905
296714 296780
298425 299397
299919 300153
301573 303008
305488 305580
306955 308882
309406 310436
310631 311557
313176 315587
316210 317844
319960 320023
321509 321744
322361 322434
323082 324229
325970 327116
327661 329187
329857 330032
330873 331116
331682 331990
333046 333101
334472 335420
336911 337046
337569 337686
338819 339964
341924 342599
343668 343751
344891 344956
345630 346309
348317 349718
350680 354141
354662 356774
356948 357063
357220 357427
357762 361863
362617 364248
364877 365955
366228 366316
366546 366803
367394 368526
370128 370306
370922 371851
372966 373636
377120 378033
379515 379943
380145 380597
381112 387405
388173 388333
390587 393402
394136 394799
395345 395516
396106 396357
396945 397620
399277 399927
400234 400598
402710 403548
404707 405807
407135 407849
408495 411481
411605 412612
413644 413780
413916 414899
415049 419937
420121 422337
425599 425775
426339 429798
433423 435057
435646 436569
436983 437188
437302 437429
438314 438419
439141 439195
440092 440177
444910 445452
446016 446396
446898 449119
449289 450949
452136 452245
453095 455316
455657 456566
456907 457023
457310 457498
458487 459191
461151 461204
461964 462612
462862 467678
468270 471847
472862 472989
473316 473474
473706 473856
474074 474889
475116 475215
476075 478468
478574 479135
479437 480124
480539 480727
481276 483924
484473 484688
485486 485625
486059 490199
490455 490826
491399 494299
494491 494828
494948 495077
495345 495436
495862 496618
497391 497619
497914 498547
499052 499102
500084 500913
501776 503302
503876 504841
507108 507629
508375 509120
509983 510417
511032 512200
512794 515073
515147 515467
515981 516372
517157 517244
518220 519315
519962 521395
522047 523085
523302 523421
523927 524019
525114 527492
528259 533765
534346 534852
535037 535169
536547 540997
541784 542203
542412 542863
542946 543768
544287 545710
545883 546457
546988 548368
549676 551061
551802 555071
555920 556351
557004 557334
557452 558185
560943 567594
567800 567987
568260 568925
569437 570369
571260 571749
573072 573327
574418 574677
575428 575630
575912 576227
577214 579176
580721 581138
581268 581644
582272 583096
584088 586496
587491 587659
588386 589215
592443 593014
593654 593738
595106 597984
598765 600434
600631 600766
604019 604497
606526 607773
612334 613210
614786 614873
615940 616605
617437 617492
618011 618789
619678 621122
621595 623747
