Gemella_sanguinis_M325_gi_511537587_ref_NZ_
1 5455
6820 7224
10291 10594
20814 21072
23144 23545
24487 24841
27397 27516
28766 29268
30876 31550
33466 33744
45716 47273
66635 66938
70277 70601
79520 79775
84318 84628
85269 88640
113924 114235
115471 115644
119201 120245
120828 121210
122345 122650
125086 125447
129739 129793
132556 133121
146426 147168
205515 206336
207588 208109
219877 220174
229293 230712
236262 236358
237444 237731
239994 240270
243774 244080
254419 255452
256709 257433
260458 262545
263196 263837
286212 286824
289820 290204
292010 292263
297482 298243
303940 304119
306529 306643
311222 311351
313312 314014
315029 316209
318373 319374
322949 323188
326438 326573
333298 335288
Gemella_sanguinis_M325_gi_511537563_ref_NZ_
1 62
141 877
13784 14768
15272 15527
23347 27321
30422 30929
40479 46516
48566 50489
56087 56314
66438 66743
71817 72138
87906 88257
94994 95392
102575 103743
110668 110759
114967 115275
115363 115846
115977 116371
117611 118493
123488 123843
123985 125378
126270 128502
128872 129958
138992 141603
148255 164669
167421 169408
181649 181991
203363 204378
204968 206750
207815 212275
216487 217137
218072 219678
220868 221824
222235 223372
229228 230258
239034 239573
241456 241735
243366 244896
249009 250297
267177 267490
271164 276473
281391 282052
282559 284646
288420 288487
324732 324990
325693 326154
327701 328589
329047 329118
329865 330192
335530 335906
337799 338037
340743 342692
343122 344087
344188 344914
345394 347453
350365 350608
351393 351560
353161 358171
358354 359008
359835 361138
367772 368614
369863 370102
371679 371882
381112 383604
Gemella_sanguinis_M325_gi_511537531_ref_NZ_
1 571
5642 6045
15130 17357
27030 27366
29874 33300
34525 34773
37539 38022
42970 46010
64902 65427
69412 69634
78279 78781
85233 85996
129013 129147
204341 205484
214861 216113
227326 228681
230009 233040
234893 235720
239032 239609
239772 239906
240316 240476
240619 240733
245396 245766
266624 266858
269753 271310
275142 275394
278178 278770
279958 280291
281443 281778
286267 286543
290442 291837
302065 302274
302449 305362
306430 307121
330808 330858
331937 332439
335367 335930
337818 338502
375782 376372
387950 388709
393178 393456
403480 404678
Gemella_sanguinis_M325_gi_511537590_ref_NZ_
1 1189
7339 8126
8200 8788
Gemella_sanguinis_M325_gi_511537485_ref_NZ_
1 523
23966 24076
24959 25262
40545 40972
48133 48401
61369 61487
66844 67630
71740 71974
72680 72955
82244 83061
90535 90860
96329 97981
173524 173996
199379 200181
206480 206837
207777 209047
214082 220377
220946 222483
226971 229552
232566 234831
240248 240999
244415 245774
258315 258621
275723 275838
288850 289973
331691 331983
338485 338767
357762 361814
367963 368062
404327 404583
407481 407845
408383 409166
411223 411431
411977 412436
413386 413554
416911 419455
420192 421396
426659 427547
428020 428587
429103 432870
433427 434022
446539 447583
460942 461642
462201 462495
463467 464008
465834 466217
467842 468158
468623 470178
479409 480124
480543 480727
487068 487347
489623 489929
492381 492813
493634 493947
513006 515011
515212 515467
531699 531965
533868 535512
538303 538517
542462 542684
543065 543887
545330 545603
546764 547029
548093 548866
551172 551409
561629 567496
585085 585846
597186 599470
623287 623747
