Alistipes_putredinis_gi_224021125_ref_NZ_
1 1519
Alistipes_putredinis_gi_224021124_ref_NZ_
1 1951
Alistipes_putredinis_gi_224021122_ref_NZ_
1 2776
Alistipes_putredinis_gi_224021128_ref_NZ_
1 3853
Alistipes_putredinis_gi_224021121_ref_NZ_
1 1039
Alistipes_putredinis_gi_224021123_ref_NZ_
1 2558
Alistipes_putredinis_gi_224021130_ref_NZ_
1 56791
70980 118277
119316 119991
120709 138451
139775 151078
152040 479642
Alistipes_putredinis_gi_224021131_ref_NZ_
1 227614
Alistipes_putredinis_gi_224021129_ref_NZ_
1 108701
109032 111696
112235 112975
113751 414547
415331 415658
417390 417581
418681 419336
421096 421209
421457 626692
Alistipes_putredinis_gi_224021127_ref_NZ_
1 186468
187274 187365
187837 550777
552152 557744
558116 559304
559875 736521
736644 769338
770583 895372
895998 898268
899980 905786
906512 906590
907534 907866
908255 1197641
Alistipes_putredinis_gi_224021126_ref_NZ_
1 3644
Alistipes_putredinis_gi_224021120_ref_NZ_
1 1749
