Alistipes_putredinis_gi_224021125_ref_NZ_
1 1519
Alistipes_putredinis_gi_224021124_ref_NZ_
1 1951
Alistipes_putredinis_gi_224021122_ref_NZ_
1 2776
Alistipes_putredinis_gi_224021128_ref_NZ_
1 3853
Alistipes_putredinis_gi_224021121_ref_NZ_
1 1039
Alistipes_putredinis_gi_224021123_ref_NZ_
1 2558
Alistipes_putredinis_gi_224021130_ref_NZ_
1 56808
64189 69736
70980 118731
118941 119159
119265 122637
122729 151444
151595 151750
151874 479642
Alistipes_putredinis_gi_224021131_ref_NZ_
1 945
1342 1572
1679 227614
Alistipes_putredinis_gi_224021129_ref_NZ_
1 619930
620017 620437
620561 626692
Alistipes_putredinis_gi_224021127_ref_NZ_
1 186408
186603 186781
186937 187089
187243 187474
187692 550712
550879 551095
551746 552767
552868 553024
553207 553434
553534 769731
769846 898268
899980 900691
900961 901124
902204 905797
905993 906199
906464 1197641
Alistipes_putredinis_gi_224021126_ref_NZ_
1 3644
Alistipes_putredinis_gi_224021120_ref_NZ_
1 1749
