Alistipes_putredinis_gi_224021125_ref_NZ_
1 1519
Alistipes_putredinis_gi_224021124_ref_NZ_
1 1951
Alistipes_putredinis_gi_224021122_ref_NZ_
1 2776
Alistipes_putredinis_gi_224021128_ref_NZ_
1 3853
Alistipes_putredinis_gi_224021121_ref_NZ_
1 1039
Alistipes_putredinis_gi_224021123_ref_NZ_
1 2558
Alistipes_putredinis_gi_224021130_ref_NZ_
1 119760
120672 138451
139775 141768
142292 148277
149576 150848
152040 466788
466908 479642
Alistipes_putredinis_gi_224021131_ref_NZ_
1 1811
2352 7399
7516 112233
113236 113400
113873 227614
Alistipes_putredinis_gi_224021129_ref_NZ_
1 108701
109032 111676
112247 112459
113651 409958
410189 415559
419208 419369
420422 420522
421113 623130
623631 626692
Alistipes_putredinis_gi_224021127_ref_NZ_
1 81416
81491 186408
187821 535293
535875 536372
536597 550947
551957 558774
559754 560589
561102 563374
563965 564049
564320 744571
745637 747903
747975 769338
770749 894038
894502 898267
899980 902461
902676 902767
903080 904241
905267 905391
905627 907965
908255 996527
996782 1129510
1129697 1197641
Alistipes_putredinis_gi_224021126_ref_NZ_
1 3644
Alistipes_putredinis_gi_224021120_ref_NZ_
1 1749
