Actinomyces_graevenitzii_F0530_gi_545330701_ref_NZ_
1 297
9650 11660
12215 12349
13154 13262
14750 20926
23377 24681
27590 27762
32962 33091
33575 33670
44389 44493
49306 49378
54525 54888
58448 58500
59286 59879
65383 65639
66565 68864
71032 72107
72964 73123
82203 83559
84425 84603
86037 86115
87028 87132
97021 97142
97473 99776
100736 108923
109977 110148
126892 129244
129463 131363
132039 132454
137438 140172
148770 154541
161831 162388
167483 167888
168687 173135
173221 174469
176484 183513
184249 184306
185665 185784
185915 186049
187025 189958
190138 191594
196188 197645
203823 204316
206971 207580
213388 214236
217199 217438
218092 218330
222503 222669
226028 226201
237645 239022
Actinomyces_graevenitzii_F0530_gi_545329346_ref_NZ_
Actinomyces_graevenitzii_F0530_gi_545329966_ref_NZ_
1527 2327
4611 4997
7512 8237
10896 11041
13647 14787
22243 23617
23808 23917
24320 25669
26160 26479
27630 28279
30382 30486
32160 32803
34187 34929
44692 44870
45869 46247
49807 49922
53970 54122
56619 56975
57422 58202
59481 60541
61091 61179
62382 62442
71535 71724
75041 75438
80003 80336
82634 82725
83222 83570
84833 84899
87020 88857
89093 92932
94921 95502
96099 96244
97987 102434
102686 103477
106224 106472
108517 108625
109151 109481
110028 112165
112957 113047
114998 115465
115859 115946
Actinomyces_graevenitzii_F0530_gi_545329524_ref_NZ_
1 264
1060 1167
4961 5039
9469 27594
27815 28046
32072 32197
36374 36444
53383 54910
63906 64304
69535 69932
72026 72217
73165 73272
79273 79600
80595 80998
81621 83057
84322 84880
88411 88861
89435 94443
108742 109282
117698 117938
119532 119588
129628 129822
132457 133193
150307 150458
151723 152245
153016 153193
158338 158391
161329 161389
161641 164465
166555 166654
169012 169193
169968 171001
171575 173414
175409 175477
Actinomyces_graevenitzii_F0530_gi_545330211_ref_NZ_
1 202
406 556
8779 9235
16106 16259
18335 19618
23907 26971
29623 30534
33710 34242
36175 36296
36425 36641
48244 48604
50103 50817
55477 56781
58592 59053
60925 63474
69654 69971
72424 73854
76034 76716
78272 78456
81813 82388
84293 86310
94768 95335
96902 96962
101451 104305
112808 112857
119049 119479
122298 122792
123726 123839
125901 130520
131373 131558
134229 134357
139293 139483
143058 143192
143816 143913
146913 147755
150643 150854
151748 152482
153846 153903
154436 155360
161430 163363
165789 166302
167304 167421
168436 170628
172093 172316
173390 174428
181805 181890
183568 184984
186768 192673
193260 198305
200844 200900
203532 206060
206930 207047
207762 209656
210646 211167
211710 212873
213549 213680
215154 215431
216349 216431
218011 218127
221096 221153
223187 223287
232720 233065
234777 237588
243432 244586
246445 248842
251402 251840
268324 268636
280470 280630
295317 295684
313397 313750
320979 321155
Actinomyces_graevenitzii_F0530_gi_545329654_ref_NZ_
1701 1764
Actinomyces_graevenitzii_F0530_gi_545330213_ref_NZ_
1 820
Actinomyces_graevenitzii_F0530_gi_545330970_ref_NZ_
3459 3725
5801 5868
11094 11807
12675 13439
13991 14185
17728 17817
18680 18778
19335 19557
21977 22316
22795 23470
28441 28630
29814 29892
30932 31381
36679 40719
42067 42436
46259 46508
50792 51677
54524 56031
57790 58970
59044 59898
62188 62269
68602 69168
70118 70212
73810 75923
76565 76733
78932 79195
80150 80403
Actinomyces_graevenitzii_F0530_gi_545330424_ref_NZ_
1 440
3614 4007
Actinomyces_graevenitzii_F0530_gi_545330710_ref_NZ_
3024 3382
3899 4151
Actinomyces_graevenitzii_F0530_gi_545330274_ref_NZ_
1 350
650 1832
2092 7885
11107 11172
Actinomyces_graevenitzii_F0530_gi_545330500_ref_NZ_
1 4486
4577 7453
11037 11158
13905 13999
22205 25290
27039 27351
38121 38771
43157 43252
47711 47871
52346 52491
52674 52754
53094 53495
53935 54245
54573 54714
56785 57153
57645 57696
Actinomyces_graevenitzii_F0530_gi_545329370_ref_NZ_
3338 4542
9316 9654
10484 10741
11434 12067
14541 14608
15811 16025
20713 26077
Actinomyces_graevenitzii_F0530_gi_545330901_ref_NZ_
1564 1670
3073 3197
4373 9548
12184 12304
13357 14503
15833 18126
22333 25763
28677 28779
31033 31499
32550 33830
34374 34980
35080 35131
38735 38815
39583 39920
40432 41790
44309 44706
50003 50812
56512 56640
59794 60160
62463 62708
63480 64279
67281 67671
69929 71539
72249 78595
79998 80463
80869 80978
81547 81811
83093 83237
85221 87903
91517 92364
95802 96525
98740 98837
100787 111236
111575 112146
115202 115315
116179 116734
124023 125011
129347 129456
132709 133157
133998 134390
137667 137855
140079 140561
141242 141900
142189 143336
143425 146313
147304 148982
158185 158408
160544 161867
166993 173526
174502 174928
175554 176174
176966 182345
182996 184456
185754 186927
189982 190064
190664 190801
194621 195157
195980 196048
205930 210863
212919 213204
214420 214595
Actinomyces_graevenitzii_F0530_gi_545329862_ref_NZ_
1059 1463
1686 1867
3303 8562
9410 9656
15527 17870
26029 26465
30244 30420
33375 34111
34686 35487
35894 35973
47873 49100
50155 54647
56078 56380
61733 67443
73993 74918
88142 88967
90629 90933
92829 93385
94675 95238
95834 96022
96783 97639
114748 116722
122920 123587
124876 126705
129026 129081
131481 131653
131755 132146
Actinomyces_graevenitzii_F0530_gi_545329344_ref_NZ_
1 2486
2608 3537
5228 5548
7057 10355
12853 13090
13799 14545
Actinomyces_graevenitzii_F0530_gi_545331069_ref_NZ_
356 3048
5866 6141
7315 10953
13136 13188
24016 26143
30577 30855
36857 37005
51851 51908
57183 57552
60864 61608
65648 66056
70669 70982
73543 73635
80506 81084
83461 84626
88158 88317
90602 91365
91967 93283
93393 93828
94735 94958
95600 95861
97818 98602
102100 104003
Actinomyces_graevenitzii_F0530_gi_545330984_ref_NZ_
219 333
5921 6016
Actinomyces_graevenitzii_F0530_gi_545330443_ref_NZ_
201 387
Actinomyces_graevenitzii_F0530_gi_545330397_ref_NZ_
1 371
2564 2698
8476 8686
11853 24595
28624 30918
33654 33762
34549 35384
37884 59003
61048 61097
70602 71443
75523 75896
78794 78881
79478 79611
86827 92877
93882 94103
95072 96216
97882 98091
99225 99776
109386 109503
114407 115706
115900 116292
118441 118521
Actinomyces_graevenitzii_F0530_gi_545329335_ref_NZ_
1 613
1200 5107
5569 6579
7066 13385
15424 15892
23273 23517
24825 24946
29334 29479
30492 30625
32341 32440
43275 43685
48923 49351
52565 52832
61298 61351
62328 64782
Actinomyces_graevenitzii_F0530_gi_545330981_ref_NZ_
1 53
1042 1246
6670 6935
8939 9048
9889 10072
14034 14207
Actinomyces_graevenitzii_F0530_gi_545330705_ref_NZ_
1 2405
Actinomyces_graevenitzii_F0530_gi_545330418_ref_NZ_
2517 3437
9582 9653
11382 14756
17464 17548
19829 19926
22926 23572
Actinomyces_graevenitzii_F0530_gi_545329743_ref_NZ_
1 1232
3231 4381
5646 8287
10025 10934
15174 15380
17916 18431
21450 21632
29958 30231
32032 32171
32825 33269
37525 37906
38829 38898
39785 39968
41179 41308
42487 45342
47550 47611
48863 49545
50754 52461
53443 53825
55726 56663
57895 58390
59370 64307
64703 65742
66432 66519
67614 75148
76516 76892
78178 78237
78856 78940
80266 80877
82807 83622
84260 84377
85301 85636
87992 88067
92865 92985
94314 94482
98108 98238
105461 105512
107262 107789
Actinomyces_graevenitzii_F0530_gi_545329751_ref_NZ_
1 4198
4750 6921
Actinomyces_graevenitzii_F0530_gi_545329648_ref_NZ_
1 702
1320 1686
4033 4327
16596 16856
19189 19796
29180 32945
38998 39058
39810 41807
47242 49938
53470 54312
55172 57741
61061 61582
66193 66546
67595 68526
68932 70243
70879 75057
80066 80241
86267 86388
87317 87387
93375 93503
99044 99349
100937 101400
103629 104504
106092 106413
106903 106966
107827 109850
110429 110521
112037 112766
115629 120871
124757 128168
128765 131682
132583 142616
146651 148729
Actinomyces_graevenitzii_F0530_gi_545330260_ref_NZ_
1 185
634 3791
15265 15328
18008 18695
20890 22727
27234 27336
31632 32361
39806 41072
50026 50281
54920 56193
58164 58676
Actinomyces_graevenitzii_F0530_gi_545329757_ref_NZ_
109 282
3488 3579
