Actinomyces_graevenitzii_F0530_gi_545330701_ref_NZ_
1 3647
4181 15430
16284 21653
22259 25519
26053 27909
28612 30606
31995 39385
39460 42768
43280 47695
48560 62847
63463 63815
64412 65873
66485 74354
74952 78496
79214 81104
81771 88083
89205 90403
91217 103977
104972 105839
106643 106711
107417 110894
111431 120264
120885 121497
122408 122894
123547 125813
126564 128152
128722 140172
141035 141405
141967 154624
156170 156526
157027 158263
158786 163498
164779 165288
166008 169730
170481 170718
171510 176533
177186 188051
188740 200789
201796 204539
205123 208461
208989 209389
210313 215464
216242 225289
225619 229159
230524 231215
232470 232779
233421 234036
234633 235924
237645 241514
242114 243094
Actinomyces_graevenitzii_F0530_gi_545329346_ref_NZ_
Actinomyces_graevenitzii_F0530_gi_545329966_ref_NZ_
1 11792
12294 16311
16941 18075
18686 23974
24045 38930
39501 53276
53914 54463
55034 65219
65301 78574
79125 84314
84826 85421
86038 86199
87020 93627
94751 97731
97987 103655
104309 115946
Actinomyces_graevenitzii_F0530_gi_545329524_ref_NZ_
1 264
664 1900
2664 3517
4409 6660
7840 27594
27815 28046
28251 29810
30376 33353
34015 35844
36355 37931
38486 39505
40007 40199
40886 41806
42880 43712
44420 45791
46351 52354
52905 55936
56553 60740
61369 73554
74127 79734
80242 82403
82914 98201
99191 102850
103430 105387
106025 107702
108248 114532
115064 120117
120645 124760
125367 128930
129468 130293
131548 131656
132240 133194
134771 137300
138007 138488
139076 140575
141474 154523
155040 155249
156391 156925
157779 167381
168189 175477
Actinomyces_graevenitzii_F0530_gi_545330211_ref_NZ_
1 2195
3532 4510
5694 6858
7365 10101
10622 14551
15271 21840
22555 36296
36425 36641
36943 37158
37802 38590
39305 40978
41482 42082
43057 45590
46176 51785
52351 53361
53444 53830
54374 64592
65930 67159
69230 70031
70857 76727
77504 78611
79116 80129
80757 82631
83263 88596
89193 96965
97786 104792
105499 106502
107218 107778
108301 115728
116548 118156
118733 124784
125599 131946
132504 132613
133161 142158
142664 158488
159092 159332
159907 176235
176901 178594
179269 184190
184836 219814
220399 221754
222366 225219
226513 227988
228576 228694
229253 258365
258980 259724
260859 261406
262176 265087
265591 267619
268198 269936
270450 273876
274377 275918
276524 288553
289307 292067
292612 293861
294432 299595
301205 301311
301820 302591
303652 305177
306183 306442
307109 308462
309146 310056
311010 312816
313389 314299
315914 316702
317540 319093
319597 321155
Actinomyces_graevenitzii_F0530_gi_545329654_ref_NZ_
1 1922
2724 3556
Actinomyces_graevenitzii_F0530_gi_545330213_ref_NZ_
1 820
Actinomyces_graevenitzii_F0530_gi_545330970_ref_NZ_
1 2151
2705 11912
11991 14614
15252 21795
21977 25484
26011 28667
29312 32800
33636 40833
41374 59898
60402 63509
64127 80403
Actinomyces_graevenitzii_F0530_gi_545330424_ref_NZ_
369 1086
2938 5130
Actinomyces_graevenitzii_F0530_gi_545330710_ref_NZ_
1 312
685 4151
Actinomyces_graevenitzii_F0530_gi_545330274_ref_NZ_
1 350
650 12937
13450 14391
Actinomyces_graevenitzii_F0530_gi_545330500_ref_NZ_
1 8769
9426 10485
11036 11492
12096 12416
12963 14753
15417 17716
18411 21363
21990 36252
36843 41078
41591 41908
42413 43260
43775 44917
45531 54174
54574 54714
56894 57696
Actinomyces_graevenitzii_F0530_gi_545329370_ref_NZ_
1 516
1087 2211
2716 4651
5218 9952
10484 12083
12604 14611
15217 18775
19645 26608
27308 34022
Actinomyces_graevenitzii_F0530_gi_545330901_ref_NZ_
1 179
1538 2088
2779 3198
3715 12439
13050 21028
21542 25845
26355 27860
28674 56033
56512 61350
61915 66364
67241 68831
69408 71675
72249 73188
73827 84002
84580 90242
90996 91836
92346 97502
98188 104460
105060 111236
111574 112603
113152 118088
118935 120180
120695 122707
123615 126810
127551 134390
135010 146720
147304 149775
150528 151094
151682 155330
156167 156224
156973 162910
163473 163762
164357 164712
165354 165618
166577 173779
174314 178344
179191 187372
187994 192083
192997 199124
199856 204258
204750 212354
212918 215278
Actinomyces_graevenitzii_F0530_gi_545329862_ref_NZ_
1 7709
8266 13678
14181 14865
15391 27161
28285 38612
39227 40086
40682 43488
44953 46412
47657 52276
52874 58102
58623 58889
59432 61948
62499 63280
63904 66050
66659 67894
68501 68669
69178 81189
81804 98142
98766 102466
103184 104207
104921 106366
107035 109584
110139 126729
127250 131654
131828 132951
Actinomyces_graevenitzii_F0530_gi_545329344_ref_NZ_
1 5656
6384 14545
Actinomyces_graevenitzii_F0530_gi_545331069_ref_NZ_
411 20553
21316 21536
22053 28394
29016 29561
30568 46504
47296 55600
56601 58154
58845 59442
60730 67390
68040 72388
72953 75942
77049 104003
104410 104474
105041 107351
Actinomyces_graevenitzii_F0530_gi_545330984_ref_NZ_
1 6016
Actinomyces_graevenitzii_F0530_gi_545330443_ref_NZ_
1 480
1659 1844
2430 2681
5200 5346
8511 8798
Actinomyces_graevenitzii_F0530_gi_545330397_ref_NZ_
1 4557
5107 9794
10596 29423
29863 65441
65985 71890
72517 72589
74094 74457
75098 80171
80769 82623
83192 85568
86080 102684
103343 104513
105091 107146
107687 110130
110909 111251
111904 118521
Actinomyces_graevenitzii_F0530_gi_545329335_ref_NZ_
1 613
757 4891
5569 16375
17332 17453
18024 25430
26808 29827
30445 32851
33505 38919
39489 40719
41331 46322
46921 47637
48262 54807
55484 57411
58184 59846
60444 64782
Actinomyces_graevenitzii_F0530_gi_545330981_ref_NZ_
1 1566
2520 2914
3712 14422
Actinomyces_graevenitzii_F0530_gi_545330705_ref_NZ_
1 2405
Actinomyces_graevenitzii_F0530_gi_545330418_ref_NZ_
1 23572
Actinomyces_graevenitzii_F0530_gi_545329743_ref_NZ_
1 21633
22269 39847
41179 44074
44577 64307
64380 81240
81816 89516
90043 90989
91536 107789
Actinomyces_graevenitzii_F0530_gi_545329751_ref_NZ_
1 6921
Actinomyces_graevenitzii_F0530_gi_545329648_ref_NZ_
1 8960
10234 12097
12705 16023
16528 17027
17624 26671
27547 33870
34488 40336
40919 43201
43745 50916
51526 52708
53300 61608
62212 64785
65850 66549
67063 93996
94693 96376
97072 97585
98158 112766
113317 113483
114937 131683
132379 132953
133530 142854
143911 148729
Actinomyces_graevenitzii_F0530_gi_545330260_ref_NZ_
1 4368
5072 6337
6989 16471
17977 18262
18795 19468
20440 24511
25060 30453
31035 34608
35124 35554
36150 37377
38211 46512
47072 49385
50001 53028
53780 58676
Actinomyces_graevenitzii_F0530_gi_545329757_ref_NZ_
1 310
1003 2182
2903 3579
