Actinomyces_graevenitzii_F0530_gi_545330701_ref_NZ_
1 3648
4768 5273
5595 6020
6193 6511
6682 8202
8708 18380
18925 22882
23309 27909
28613 35617
36232 39384
39460 40895
41613 42678
44379 46271
46650 49472
50364 53931
54344 62753
63463 65907
66485 67007
67142 69599
69797 76259
76932 78451
79401 80306
80708 85238
85466 88075
89311 90473
92039 98310
99092 103466
103780 105645
106643 106762
107483 119996
120787 121431
122396 122540
123419 123603
124174 124917
125176 128152
128639 132956
133472 133603
134137 140172
140984 141411
141959 142036
142252 142410
143640 144158
144784 146586
147113 148466
148654 152969
153152 156616
157313 158262
158787 165100
166009 168951
170110 172370
173024 176495
177097 183513
183588 196670
197059 197645
198753 199219
199983 200796
201796 211371
211541 221557
222199 222666
223285 229163
230438 234980
235677 235929
237036 241454
242863 243094
Actinomyces_graevenitzii_F0530_gi_545329346_ref_NZ_
1 51
Actinomyces_graevenitzii_F0530_gi_545329966_ref_NZ_
1 1960
2069 8533
9086 11346
11989 12049
12295 17906
18685 20249
20541 26562
27335 37342
38053 41004
41264 50398
50938 53143
53967 54460
55511 62074
62365 62529
62750 65249
65962 72155
72364 75443
76177 84313
84822 85681
87020 93633
94751 97175
97544 106886
107171 107319
107604 111286
111645 111863
112095 115946
Actinomyces_graevenitzii_F0530_gi_545329524_ref_NZ_
1 1713
3195 3516
4210 7873
8117 11214
11726 27594
27815 28046
28594 31354
31912 35815
36444 37527
38490 40212
40763 43260
44420 45541
46351 46521
47545 49171
49777 51065
51307 53065
53363 55978
56554 60737
61710 73553
74276 79734
80279 82402
82915 98200
99077 99602
99785 107645
108235 110815
111321 116077
116599 126735
127326 130064
132150 139767
139957 140302
141079 141527
141707 141926
142188 144543
144745 146637
146839 154195
154422 175477
Actinomyces_graevenitzii_F0530_gi_545330211_ref_NZ_
1 2195
3628 5116
6165 6857
7366 22695
23202 25727
26132 28664
29528 29624
29822 40980
41483 42428
43045 45153
46200 52475
53413 65122
65799 66801
68105 68569
68944 69203
69627 69971
70858 80083
80757 82394
83264 97100
97810 101433
101824 106501
107171 114422
115006 118155
118734 125052
125594 137137
137641 148993
149761 155585
156108 157773
157950 158487
158779 160132
160251 172399
172629 178616
179268 191166
191560 194542
195079 208782
209135 223944
224550 225336
225934 228079
228609 253424
253712 261498
262428 267439
267988 268970
269239 278636
278983 283939
284485 286087
286696 288553
289363 289471
289854 291887
292613 293379
294432 297075
297300 297443
297619 300152
301818 306332
307811 310162
311000 313824
315834 321155
Actinomyces_graevenitzii_F0530_gi_545329654_ref_NZ_
1 1921
2535 3556
Actinomyces_graevenitzii_F0530_gi_545330213_ref_NZ_
1 820
Actinomyces_graevenitzii_F0530_gi_545330970_ref_NZ_
1 14615
15252 15724
16570 17189
17728 20629
21278 21596
21977 22464
22863 24198
24491 28646
29313 32853
33392 39605
39833 40774
41375 41462
41704 42483
43066 43745
44381 46938
47860 51677
52338 55288
55830 56005
56892 59898
60887 62513
62730 62838
63272 63519
64115 69181
69788 71825
72367 80403
Actinomyces_graevenitzii_F0530_gi_545330424_ref_NZ_
1 52
319 1208
1803 1948
2249 5130
Actinomyces_graevenitzii_F0530_gi_545330710_ref_NZ_
1 516
787 4151
Actinomyces_graevenitzii_F0530_gi_545330274_ref_NZ_
1 525
650 14391
Actinomyces_graevenitzii_F0530_gi_545330500_ref_NZ_
1 14754
15980 17526
18591 25048
25262 44870
45376 51480
51649 52179
52346 52491
52595 54715
55913 56137
56339 56750
57118 57696
Actinomyces_graevenitzii_F0530_gi_545329370_ref_NZ_
1 17366
17904 18781
19646 26556
27317 28357
29036 34022
Actinomyces_graevenitzii_F0530_gi_545330901_ref_NZ_
1 227
554 1619
1895 2125
2818 11636
12172 16749
17030 19286
20207 20289
20891 21030
21543 22774
23112 35046
35183 36774
37303 37379
37829 37922
38170 56129
56427 60478
61285 66466
67251 68830
69408 71674
72249 73047
73893 83906
84504 90369
91136 91836
92337 97750
98350 104459
105061 111236
111575 115878
116179 118152
119040 123037
123699 125529
126279 134390
135011 140619
141156 142152
142398 146313
146844 146911
147304 149775
150529 155378
156982 159664
159987 160089
160334 161932
162215 163762
165049 174497
174687 177182
177466 177587
177891 178290
179189 187371
187995 190993
191566 191773
193383 198911
200137 212380
212919 213558
214222 214421
214982 215278
Actinomyces_graevenitzii_F0530_gi_545329862_ref_NZ_
1 2746
2975 10477
10747 10838
11020 12844
12999 13744
14376 19410
19572 26314
26470 31983
32902 34093
34686 35653
35894 37529
37706 37822
38073 40774
41567 42162
43253 45389
45603 45772
46006 46935
47658 49417
50044 58101
58624 58888
59573 61459
61731 61947
62500 67562
68502 69429
70137 70641
70888 76062
76891 79754
80119 80388
80555 82578
82853 82935
83415 84067
84583 94982
95175 97936
98166 98471
98842 112495
113190 118047
118551 121275
121565 122282
122523 126728
127261 132951
Actinomyces_graevenitzii_F0530_gi_545329344_ref_NZ_
1 5696
6451 14545
Actinomyces_graevenitzii_F0530_gi_545331069_ref_NZ_
1 218
413 8524
9055 23297
23549 28400
29002 34121
34431 34735
35648 42467
42994 45147
45678 55599
56622 59502
60731 65066
65676 67475
68043 75826
76442 77623
77940 82347
83006 89585
90142 99955
100509 104465
105106 107351
Actinomyces_graevenitzii_F0530_gi_545330984_ref_NZ_
1 4548
5226 6016
Actinomyces_graevenitzii_F0530_gi_545330443_ref_NZ_
1 722
5292 5344
6426 8616
Actinomyces_graevenitzii_F0530_gi_545330397_ref_NZ_
1 31516
31842 36856
37461 64916
65856 66904
67090 71895
72435 72561
74753 94452
94630 94810
95066 102672
103317 104558
105091 107145
107687 107967
108228 115432
115530 118521
Actinomyces_graevenitzii_F0530_gi_545329335_ref_NZ_
1 3547
3692 5163
5341 13517
13687 16408
17424 17660
17970 19960
20923 26956
27782 29910
30446 30625
31193 31628
31947 32910
33712 35711
36118 38915
39485 40701
41332 41740
42255 45521
46197 46265
46921 54810
55583 57385
58239 64782
Actinomyces_graevenitzii_F0530_gi_545330981_ref_NZ_
1 1565
2521 10819
11011 14225
Actinomyces_graevenitzii_F0530_gi_545330705_ref_NZ_
1 2405
Actinomyces_graevenitzii_F0530_gi_545330418_ref_NZ_
1 65
838 5547
6233 18509
19158 23572
Actinomyces_graevenitzii_F0530_gi_545329743_ref_NZ_
1 6443
6983 23641
24173 33728
34305 39970
40737 41308
41509 41790
42081 44124
44578 47611
47804 59036
59199 64366
64593 77344
77537 77626
77853 81247
81816 84590
85125 89518
90118 91045
91534 92856
93360 107789
Actinomyces_graevenitzii_F0530_gi_545329751_ref_NZ_
1 4358
4750 6921
Actinomyces_graevenitzii_F0530_gi_545329648_ref_NZ_
1 5348
5910 7820
8417 9072
10140 15944
16528 33671
34489 43476
43745 50166
50522 52606
53159 58164
58793 60271
60806 61611
62211 63826
64161 65431
66011 77720
78389 96392
97088 97570
98157 106966
107501 112766
113121 113483
114938 120586
121792 122478
122749 124477
124662 131682
132373 133003
133530 146786
147142 148729
Actinomyces_graevenitzii_F0530_gi_545330260_ref_NZ_
1 4367
5601 6411
6990 14272
14879 16432
17970 19566
20349 21638
21772 25095
25604 25829
26234 26588
27103 30115
31036 33305
33787 37376
38099 48499
48985 49121
50006 58676
Actinomyces_graevenitzii_F0530_gi_545329757_ref_NZ_
1 471
2190 3579
