Actinomyces_graevenitzii_F0530_gi_545330701_ref_NZ_
1 890
5932 6034
9637 11660
12310 13049
17784 20873
23377 24681
25105 25422
27600 27750
28659 28786
32952 33665
39435 40583
44389 44493
49313 49383
54525 54891
59286 59925
64695 64788
65383 65903
66505 67450
69789 69864
71032 72049
75559 75610
80832 80910
82256 83559
84408 85106
86037 86301
86962 87568
89321 90095
97021 97142
98182 99776
101245 103038
109824 110112
124761 124880
126763 126959
127986 128120
129014 129244
129463 131196
132064 132454
137616 140172
147227 148136
148805 154541
156176 158221
162092 162388
166025 167128
167483 167888
168687 173138
173209 173780
174366 174469
175524 175630
176362 176486
179570 179811
182059 184523
185629 186049
187029 188046
189330 189958
190182 192923
196068 197645
199984 200070
203659 204317
205718 205830
207554 207718
210349 210825
213388 214236
215116 215439
217199 217438
218091 218324
222256 222560
226028 226288
226917 227072
234742 234980
237645 239022
Actinomyces_graevenitzii_F0530_gi_545329346_ref_NZ_
Actinomyces_graevenitzii_F0530_gi_545329966_ref_NZ_
1082 1448
1527 2326
3160 3643
4889 4997
9323 9656
10730 11089
13884 14787
22193 23674
23808 23970
24061 24328
25343 28199
34186 35584
40210 40886
44692 44870
45755 46204
48040 48120
53970 54423
56127 56290
56937 58186
65130 65219
71063 71723
76498 77706
80000 80334
82634 82725
83222 83578
87020 92932
94786 95502
96099 96784
97987 102434
102553 103477
106328 106455
108557 110076
110837 112165
115000 115946
Actinomyces_graevenitzii_F0530_gi_545329524_ref_NZ_
1 264
9334 27594
27815 28046
31275 31354
44499 48339
53383 54744
68250 68347
69647 69932
72034 72252
73181 75923
79273 79687
80631 81002
81621 83057
84059 84865
89435 98139
102848 104959
108742 110707
112758 113028
115683 116035
117877 118157
119367 119846
132456 133171
136994 137249
143578 143763
144561 146408
151723 152245
153026 153196
159354 159691
161641 162286
162436 164465
164663 165757
166555 166667
168674 169219
169968 170789
171779 173002
175382 175477
Actinomyces_graevenitzii_F0530_gi_545330211_ref_NZ_
1 1408
8578 9233
16107 17063
17861 17913
18335 19618
21401 21521
23907 26129
26980 27255
29598 30420
32150 34242
36205 36641
36958 37132
47369 47455
48566 48688
49225 49375
50085 50806
54431 56781
58592 59053
61355 63474
66453 66781
69697 69971
72424 73849
76204 76714
78191 78435
81995 82376
83694 86310
90258 90611
94754 95298
96509 96962
98005 98700
100635 100899
102989 104305
105727 106307
108723 108832
117819 117881
119049 119851
122237 122990
123740 123844
125916 126577
128158 131558
134229 134681
136592 136800
139293 139483
148675 148979
150641 152451
153755 153931
155002 155523
161631 162727
165583 166302
167197 167394
168662 170905
172093 172316
173390 174773
181805 181890
182786 185088
186768 192150
193181 197937
200844 202609
203532 206060
206298 209656
210646 211167
212767 212854
213564 213728
216349 216431
217663 218127
219197 219426
221089 221474
223107 223287
223890 224909
229259 229612
232720 233065
234770 237363
239114 239470
243549 244564
245490 248513
251473 251794
253806 253908
254781 256956
263626 264979
266550 266908
272441 274854
280408 280630
282465 282579
294723 295684
296731 298794
303873 303952
306203 306317
313397 313644
Actinomyces_graevenitzii_F0530_gi_545329654_ref_NZ_
1 165
Actinomyces_graevenitzii_F0530_gi_545330213_ref_NZ_
1 820
Actinomyces_graevenitzii_F0530_gi_545330970_ref_NZ_
3639 3725
4344 4597
5801 6184
9348 9563
11704 11912
13984 14185
19387 19557
21977 22316
23035 23470
24082 24180
27828 28033
30887 31769
36382 37856
38908 42436
46259 46504
50563 51677
52422 52561
54010 56005
57805 59898
62195 62305
67161 67221
68510 69181
70118 70212
73284 75923
76565 76733
78895 79295
80152 80403
Actinomyces_graevenitzii_F0530_gi_545330424_ref_NZ_
552 1084
3913 4112
4646 5130
Actinomyces_graevenitzii_F0530_gi_545330710_ref_NZ_
4025 4151
Actinomyces_graevenitzii_F0530_gi_545330274_ref_NZ_
1 350
650 1832
2048 7261
7804 7885
Actinomyces_graevenitzii_F0530_gi_545330500_ref_NZ_
1 6190
7706 8039
13709 13999
16460 16596
23307 25439
27058 27351
28674 29856
40226 40368
43076 43252
51827 52491
52629 54174
54573 54714
57118 57696
Actinomyces_graevenitzii_F0530_gi_545329370_ref_NZ_
2926 4542
6885 9652
10484 10701
11412 12067
12621 12866
14094 14608
17247 17316
17848 18323
20876 25866
29583 29944
30191 30343
31407 31611
33042 33393
Actinomyces_graevenitzii_F0530_gi_545330901_ref_NZ_
1 165
3076 3193
4373 9548
10924 11465
13058 14250
15833 16333
22333 26337
31033 31500
32550 33817
34374 36033
37303 38815
39583 40462
44238 46676
47485 48078
48767 50812
51946 52045
53250 53521
56512 56640
58005 58179
59844 60289
63276 63706
65442 65680
69929 71654
72249 72956
73064 78029
78987 79434
79998 80344
80869 82283
82846 83237
85115 85470
87446 87896
91512 92710
95864 96574
98740 98837
100787 105313
105848 111236
111577 112136
114078 114676
115202 115315
116179 116734
116984 117636
124062 125341
129334 129506
130724 130919
132742 133479
133998 134390
137579 137855
140079 140601
141241 141329
141890 146313
147304 148982
152028 152688
158198 158399
160461 161825
167478 169719
171221 174928
175476 177182
180878 182354
183860 184471
185617 185782
189982 190064
190664 190873
194540 194667
196943 197463
201836 202517
205930 210867
212924 213160
Actinomyces_graevenitzii_F0530_gi_545329862_ref_NZ_
1097 1513
1743 1925
3522 8583
11897 12839
15490 17821
22398 22501
23903 24089
26073 26466
33309 34099
34686 35487
35894 35973
43258 43456
47873 49146
50155 54777
56122 56380
61865 67425
73956 75205
84953 85553
86877 87310
88008 88967
90564 90933
92767 94178
95834 95989
96725 97639
99046 99115
101027 101473
112372 112485
114508 114719
123095 123587
124921 126705
127531 128011
129084 129175
131317 131654
131766 132951
Actinomyces_graevenitzii_F0530_gi_545329344_ref_NZ_
1 2486
2608 3537
7057 9193
12852 13191
13815 14545
Actinomyces_graevenitzii_F0530_gi_545331069_ref_NZ_
1 326
2467 3120
4342 6141
6753 8332
9339 10953
11645 12278
13150 13449
15484 16120
19082 19139
19992 22527
24016 24793
25073 25191
25429 27150
29167 29232
31411 31464
40853 41398
53660 54144
57113 57252
60813 61608
69203 71402
80484 81084
83461 84626
88158 88565
90602 91365
91967 93283
93399 94082
95583 95871
97824 99496
102100 104003
105130 105366
106372 107351
Actinomyces_graevenitzii_F0530_gi_545330984_ref_NZ_
5921 6016
Actinomyces_graevenitzii_F0530_gi_545330443_ref_NZ_
1 462
8543 8598
Actinomyces_graevenitzii_F0530_gi_545330397_ref_NZ_
1 140
2573 2698
8478 8688
8907 9300
13177 18156
20487 21617
22071 24730
28026 28108
28618 31027
33654 33762
34555 35822
39429 39494
40765 59003
68629 68993
70602 71434
75274 75896
78189 79444
85089 85541
86840 92872
93521 96264
98111 98590
99233 99907
105108 105267
115530 115706
115900 116292
118435 118521
Actinomyces_graevenitzii_F0530_gi_545329335_ref_NZ_
1 613
1197 1372
2172 13332
14620 15938
22231 22328
23307 23460
32341 32440
43276 43685
48923 49351
52549 52844
58649 58730
62328 64782
Actinomyces_graevenitzii_F0530_gi_545330981_ref_NZ_
1 53
1030 1246
4764 4941
6666 7121
7863 7956
9029 10063
Actinomyces_graevenitzii_F0530_gi_545330705_ref_NZ_
1 2405
Actinomyces_graevenitzii_F0530_gi_545330418_ref_NZ_
2652 3367
7393 7900
11382 12270
13519 15021
23047 23572
Actinomyces_graevenitzii_F0530_gi_545329743_ref_NZ_
1 907
2429 3327
8088 8367
9065 9143
10055 11583
12318 12543
15048 15360
17605 19199
19707 21627
29951 30772
31276 31564
32100 32732
35791 36190
37797 38898
39785 39847
41179 41308
41608 41785
42513 43314
44731 45389
47550 47611
48205 49552
52158 52484
53443 53892
55853 57009
57534 58470
59092 64307
64638 64784
65637 65767
66388 66519
67628 75148
75719 76892
78176 78910
80192 80875
82738 83830
85318 85632
88039 88228
89028 89261
90409 90742
92825 93029
93354 93779
97944 98288
99752 100618
105149 105471
106881 107789
Actinomyces_graevenitzii_F0530_gi_545329751_ref_NZ_
1 4226
4750 5732
6379 6921
Actinomyces_graevenitzii_F0530_gi_545329648_ref_NZ_
1 980
1622 2410
4033 4327
8476 8956
16596 16800
19174 19848
20490 21073
22317 22624
27920 32536
38998 41796
46425 49998
52343 52516
53435 58132
61013 61530
66205 66548
68207 71354
71842 73892
74457 75012
76713 76942
78912 80241
81826 82439
86267 86396
93345 93474
98548 99886
100816 101483
103876 105119
106083 106413
106903 106966
107827 110521
112040 112766
124757 131668
132585 144656
147592 148729
Actinomyces_graevenitzii_F0530_gi_545330260_ref_NZ_
1 185
634 3791
7422 7741
12577 12728
20890 21537
26083 26419
27308 28591
31632 32361
40344 41070
47699 50281
51442 51715
58193 58676
Actinomyces_graevenitzii_F0530_gi_545329757_ref_NZ_
117 282
3437 3579
