Sphingobium_yanoikuyae_ATCC_51230_gi_427412368_ref_NZ_
1 5337
Sphingobium_yanoikuyae_ATCC_51230_gi_427412345_ref_NZ_
1 5550
10340 12098
13818 20125
Sphingobium_yanoikuyae_ATCC_51230_gi_427412384_ref_NZ_
1 4553
Sphingobium_yanoikuyae_ATCC_51230_gi_427412374_ref_NZ_
1 5185
Sphingobium_yanoikuyae_ATCC_51230_gi_427407324_ref_NZ_
1 15652
16861 18248
19966 20311
21779 21861
23001 23117
24730 24866
26945 27657
28308 28932
30674 75703
76828 77164
77704 77854
81373 81849
89969 90073
94258 94821
95434 165489
166977 188028
189986 196370
201888 211828
218688 221066
223312 234094
235512 278165
280727 299691
302066 369294
372851 386489
388899 401639
401988 409694
411428 427425
428321 435397
437308 442480
445466 479111
481926 519861
521538 523659
528427 538051
539564 554194
556048 573083
575540 580356
583149 589247
591622 604281
615275 656653
659141 661884
667232 669030
671886 677199
678147 679389
680546 749335
750954 766997
767377 770034
772458 786090
787682 826474
829351 933205
940598 989810
990045 1067116
1071141 1078622
1085683 1092340
1092440 1116413
1117173 1117228
1117879 1130901
1135187 1147324
1150070 1159610
1160547 1188888
1194017 1200456
1202488 1205210
1209149 1231138
1234709 1257508
1259738 1269039
1269882 1319088
1323431 1373147
1373860 1375675
1385176 1387986
1388517 1394242
1402077 1445607
1445813 1457034
1459159 1484449
1485999 1515398
1516126 1524454
1526119 1536511
1555158 1555226
1558389 1562771
1568698 1606134
1606905 1648208
1650736 1721859
1723555 1744285
1745286 1752701
1755639 1805144
1807018 1818343
1826281 1826423
1827103 1832462
1834528 1852034
1857605 1858153
1860100 1864514
1867065 1979034
1980335 1986821
1991418 1991486
1996656 1996871
1997804 2011835
2012454 2042837
2045064 2088127
2090805 2168686
2171494 2179418
2186041 2200817
2201258 2211059
2212246 2213706
2214529 2227792
2231736 2233630
2235879 2265113
2267036 2283706
2285025 2295411
2295980 2303179
2303922 2338788
2340301 2340404
2342055 2399079
2401039 2425331
2427091 2436116
2436741 2446763
2452325 2528040
2530038 2558501
2560318 2588021
2590972 2592695
2593136 2593374
2597211 2598790
2601808 2616940
2617398 2676481
2678681 2773542
2775059 2819501
2820133 2824968
2825422 2835006
2836335 2851705
2852592 2883794
2885022 2921453
2923757 2931320
2942969 2964523
2965507 2979400
2980879 2999740
3002692 3008978
3011973 3044596
3047141 3101021
3105551 3113859
3120253 3120333
3121478 3126350
3126743 3197875
3199647 3209738
3213509 3227313
3233174 3237947
3238613 3260193
3261458 3267098
3270409 3346675
3350516 3350863
3352171 3382413
3383161 3391017
3391415 3475522
3478705 3498395
3499106 3499375
3506994 3570142
3571231 3571308
3573892 3755939
3764429 3765849
3768328 3782890
3787820 3788627
3790106 3903677
3907712 3935374
3937148 3937370
3943044 3994621
3996496 3996788
3997085 4056835
4061436 4066535
4070621 4105140
4106278 4126359
4127981 4346156
4355227 4362163
4365834 4376676
4378096 4380018
4381193 4422882
4424407 4520281
4521112 4541016
4543375 4544782
4547501 4547726
4550395 4572571
4574623 4576679
4582402 4593005
4594503 4604940
4605413 4629852
4632883 4692486
4698786 4699093
4701217 4718326
4719029 4742275
4742776 4758303
4761487 4761611
4765714 4774529
4776511 4792264
4795317 4810026
4819100 4843833
4845856 4863842
4866486 4874153
4875266 4875316
4877677 4877907
4885092 4889531
4892446 4939798
4943221 5038795
5048343 5106293
5108115 5182530
5187075 5263854
5268274 5268642
5274381 5274774
5275480 5275591
5276597 5278647
5279485 5279661
5280219 5402660
Sphingobium_yanoikuyae_ATCC_51230_gi_427412396_ref_NZ_
1 2047
Sphingobium_yanoikuyae_ATCC_51230_gi_427412226_ref_NZ_
1 57091
59992 68922
Sphingobium_yanoikuyae_ATCC_51230_gi_427412312_ref_NZ_
1 21691
Sphingobium_yanoikuyae_ATCC_51230_gi_427412392_ref_NZ_
1 2059
