Sphingobium_yanoikuyae_ATCC_51230_gi_427412368_ref_NZ_
1 5337
Sphingobium_yanoikuyae_ATCC_51230_gi_427412345_ref_NZ_
1 7918
8685 9756
10557 12110
12630 13189
13733 20125
Sphingobium_yanoikuyae_ATCC_51230_gi_427412384_ref_NZ_
1 4553
Sphingobium_yanoikuyae_ATCC_51230_gi_427412374_ref_NZ_
1 5185
Sphingobium_yanoikuyae_ATCC_51230_gi_427407324_ref_NZ_
1 564
1074 1551
2102 13567
14156 14498
15337 16132
17132 18374
19092 23135
23747 25168
25756 29955
30586 54283
55163 57951
58719 77934
78590 79682
80239 82409
83383 85604
86469 87346
88178 91105
91997 92908
93622 171985
172601 546731
547365 655313
656243 672598
673260 772444
773264 925098
925888 936345
936945 1003307
1004180 1072143
1073144 1078333
1078904 1148520
1149139 1186906
1187991 1274105
1274754 1284996
1285523 1299714
1300330 1354495
1355014 1363809
1364516 1753508
1754014 1815410
1816022 1823592
1824342 1853436
1854192 1854781
1855288 1856139
1856737 2008245
2008900 2040846
2041437 2168705
2169286 2320896
2321740 2353034
2353930 2843625
2844351 2884630
2885144 2887635
2888347 2979516
2980092 3009674
3010862 3011141
3011912 3057187
3057975 3130901
3131518 3254221
3254723 3371644
3372278 3389062
3389660 3410712
3411341 3478710
3479292 3502999
3503941 3570340
3571077 3588103
3588622 3597591
3598119 3658839
3660105 3833397
3834157 3848016
3848589 3886508
3888026 3889140
3889838 3911107
3911622 3917304
3918510 3920277
3920977 3968937
3969445 3969780
3970414 3990966
3991473 3995245
3995954 4047843
4048627 4354213
4355152 4366509
4367222 4448892
4449426 4464421
4465208 4690119
4690625 4833779
4834334 4850003
4850646 5031414
5032104 5109216
5110009 5180991
5181832 5182531
5183137 5185728
5186523 5257617
5258160 5264043
5264555 5266577
5267303 5268651
5269238 5269421
5270265 5273697
5274320 5275901
5276574 5280768
5282208 5369945
5370461 5370767
5371518 5373405
5373945 5396058
5396695 5397642
5398732 5399759
5400325 5400579
5401316 5402660
Sphingobium_yanoikuyae_ATCC_51230_gi_427412396_ref_NZ_
1 2047
Sphingobium_yanoikuyae_ATCC_51230_gi_427412226_ref_NZ_
1 32469
33464 35685
36343 59093
59977 68922
Sphingobium_yanoikuyae_ATCC_51230_gi_427412312_ref_NZ_
1 21691
Sphingobium_yanoikuyae_ATCC_51230_gi_427412392_ref_NZ_
1 2059
