Sphingobium_yanoikuyae_ATCC_51230_gi_427412368_ref_NZ_
1 5337
Sphingobium_yanoikuyae_ATCC_51230_gi_427412345_ref_NZ_
1 5929
6714 6934
9208 9301
10611 20125
Sphingobium_yanoikuyae_ATCC_51230_gi_427412384_ref_NZ_
1 4553
Sphingobium_yanoikuyae_ATCC_51230_gi_427412374_ref_NZ_
1 5185
Sphingobium_yanoikuyae_ATCC_51230_gi_427407324_ref_NZ_
1 13602
19092 19153
19875 20324
21710 21958
22989 23150
24302 24888
26846 28932
30759 54530
55172 77881
80560 81874
83737 83846
88317 88883
89746 90080
92505 92623
94258 94857
95433 439257
440759 546733
547458 563670
564220 590071
591501 636357
637033 643154
644187 658533
659125 862497
863142 890420
891121 933217
937131 998123
999128 1057687
1059156 1207234
1208069 1210955
1211961 1273634
1274790 1595254
1596284 1611263
1611959 1696099
1696628 1753098
1754504 1792678
1793297 1849371
1851983 1852085
1852856 1853403
1854303 1854780
1857523 1858211
1859422 1859483
1860005 1860881
1861836 1864825
1865548 1887723
1889146 2008336
2009669 2312661
2313186 2320776
2321520 2353008
2353906 2590978
2591561 2843613
2844242 2884064
2885162 2885264
2885915 2994061
2995008 3011053
3012095 3057342
3057964 3120864
3121442 3132081
3132888 3237999
3238613 3388927
3389454 3565537
3566047 3647106
3648007 3658648
3659442 3758432
3759135 3793378
3793887 3813116
3814896 3848015
3848577 3906780
3908682 3910796
3912749 3917311
3918063 3991412
3991952 4062515
4063236 4129257
4129925 4354214
4355212 4380335
4381278 4448894
4449440 4709471
4710225 4833012
4833562 5107542
5108281 5109187
5110486 5110567
5111474 5182530
5183620 5185727
5187140 5264043
5267617 5267715
5268238 5268642
5269836 5271319
5274318 5274797
5275520 5275668
5276575 5278682
5279397 5280279
5281554 5370515
5372521 5372902
5373961 5375118
5375776 5378012
5378682 5391993
5393564 5397115
5398750 5399019
5401313 5402660
Sphingobium_yanoikuyae_ATCC_51230_gi_427412396_ref_NZ_
1 2047
Sphingobium_yanoikuyae_ATCC_51230_gi_427412226_ref_NZ_
1 32903
33749 34864
37710 57118
58852 58902
59728 68922
Sphingobium_yanoikuyae_ATCC_51230_gi_427412312_ref_NZ_
1 21691
Sphingobium_yanoikuyae_ATCC_51230_gi_427412392_ref_NZ_
1 2059
