Sphingobium_yanoikuyae_ATCC_51230_gi_427412368_ref_NZ_
1 5337
Sphingobium_yanoikuyae_ATCC_51230_gi_427412345_ref_NZ_
1 5633
10663 11967
13746 20125
Sphingobium_yanoikuyae_ATCC_51230_gi_427412384_ref_NZ_
1 4553
Sphingobium_yanoikuyae_ATCC_51230_gi_427412374_ref_NZ_
1 1498
1620 5185
Sphingobium_yanoikuyae_ATCC_51230_gi_427407324_ref_NZ_
1 15697
19966 20311
21779 21861
23001 23126
24730 24866
27293 27415
28546 28926
30772 75805
76850 77164
77686 77867
81604 81697
89917 90073
94258 94821
95434 163678
164616 171981
172851 211407
214128 287990
290457 414677
415275 416705
418164 483706
488266 497684
498570 500760
501696 504565
506225 519784
521609 530803
531105 537731
538248 546720
547374 589580
591622 602890
609722 624575
625583 640834
644579 656377
657319 658497
659169 677181
679318 736996
738349 744507
747948 752672
759637 772406
773699 773785
774708 776494
779423 797111
798796 860306
863117 929946
933181 998039
998918 1004684
1006251 1016820
1017523 1055325
1060206 1080926
1085820 1127174
1128808 1130971
1138612 1139674
1140376 1145204
1145756 1158468
1159434 1177234
1183201 1267953
1269083 1290025
1291517 1292489
1301497 1303358
1304906 1305151
1305980 1362620
1364584 1397897
1398425 1403238
1404690 1410033
1414268 1419887
1420743 1428316
1429851 1434950
1442570 1503094
1508776 1534030
1536584 1536640
1540091 1598180
1601924 1615263
1618050 1619850
1622736 1641101
1644108 1650735
1653533 1696104
1699296 1706746
1707997 1709423
1717609 1752701
1755289 1780192
1780704 1814962
1816043 1819663
1826005 1847013
1855321 1856809
1857663 1858148
1864542 1880038
1880716 1888205
1889962 1895438
1896349 1965492
1966252 1979034
1980335 2006751
2012406 2013759
2014525 2019206
2022189 2065948
2066776 2073430
2074310 2084968
2086408 2160176
2160917 2177631
2186041 2198203
2199172 2202771
2205018 2227449
2227810 2234633
2237580 2273497
2276348 2281241
2282761 2283683
2285107 2302255
2303175 2304730
2305078 2312612
2313308 2320773
2324650 2327963
2329821 2332798
2337691 2344121
2344825 2346382
2361837 2420085
2420602 2423765
2425170 2436870
2445060 2472660
2478796 2488620
2490998 2505760
2506236 2507893
2509513 2565378
2567695 2570531
2572596 2660103
2661179 2773285
2775038 2828992
2829699 2877136
2880026 2883705
2891031 2911219
2914145 2921419
2927426 2929457
2930879 2967409
2970030 2976124
2977678 3044596
3047257 3204869
3211882 3226113
3234181 3237977
3238587 3243289
3250800 3254087
3264945 3271639
3272906 3314370
3315032 3327507
3328498 3369595
3373830 3382237
3383259 3389217
3390149 3478701
3480751 3508770
3509308 3541553
3545025 3565517
3566197 3647076
3648026 3668017
3670752 3721952
3724233 3750232
3753824 3764472
3765486 3768331
3774938 3788630
3790122 3828715
3833407 3839916
3845117 3854013
3854403 3877259
3881253 3882388
3883121 3911866
3912806 3915722
3916557 4046245
4047078 4047691
4048756 4052428
4054348 4065835
4066430 4069597
4071485 4088701
4091229 4329890
4331255 4331419
4332678 4332869
4335608 4335764
4339488 4340295
4345246 4362069
4365968 4372540
4374830 4380316
4381335 4394951
4396176 4437426
4450462 4543339
4550440 4566755
4569166 4592639
4594503 4614183
4616320 4657786
4659430 4667698
4669966 4707689
4709825 4718332
4719049 4726214
4730389 4736987
4737235 4746056
4749779 4761485
4762025 4763009
4765651 4773232
4774399 4804671
4806462 4813584
4819101 4823468
4825941 4843653
4849333 4880068
4881008 4905464
4907031 4967395
4968198 5182513
5185400 5185714
5187153 5263811
5268274 5268635
5274381 5274777
5275539 5275591
5276496 5277689
5278212 5278730
5279244 5279661
5280162 5372760
5377941 5402660
Sphingobium_yanoikuyae_ATCC_51230_gi_427412396_ref_NZ_
1 2047
Sphingobium_yanoikuyae_ATCC_51230_gi_427412226_ref_NZ_
1 32438
34771 57091
59992 68922
Sphingobium_yanoikuyae_ATCC_51230_gi_427412312_ref_NZ_
1 17219
17492 21691
Sphingobium_yanoikuyae_ATCC_51230_gi_427412392_ref_NZ_
1 2059
