Bacteroides_vulgatus_ATCC_8482_gi_150002608_ref_NC_
65495 66342
200508 201952
208415 212395
212499 237466
261957 264422
264525 266637
266743 270851
308294 308519
343225 348162
364789 377045
411612 422711
426658 427439
476707 477077
477611 478467
479326 537813
580469 644321
646122 649841
669732 669803
672041 672162
697815 709541
716865 727203
781024 786720
788787 789145
792043 808908
815662 823985
876152 899228
920679 1003587
1018236 1024569
1048708 1056492
1068550 1068910
1073336 1074800
1076301 1077772
1080079 1080742
1086581 1120363
1120447 1126123
1133632 1135931
1158499 1160457
1203642 1209442
1209573 1211717
1211820 1217153
1242904 1257227
1261844 1269181
1282858 1422229
1442976 1461434
1479188 1479376
1483328 1513711
1518977 1563870
1573103 1574400
1581182 1588827
1593107 1595280
1595381 1617565
1618514 1619059
1640561 1641275
1646540 1648978
1668141 1669096
1686529 1695154
1695253 1718884
1720008 1735951
1753421 1753735
1772370 1774722
1775764 1797261
1799383 1832011
1837161 1863830
1904237 1905726
1908575 1910411
1915090 1929289
1929420 1935795
1935893 1941532
1959699 1977612
1977711 1981275
1984549 1984694
1988552 2001849
2002055 2084793
2084870 2084935
2094759 2097701
2098770 2100427
2113201 2121559
2167037 2188653
2197265 2213480
2214712 2216888
2219009 2228519
2232970 2245212
2272927 2273181
2276438 2278222
2281873 2287315
2291059 2291309
2291960 2292184
2294050 2294235
2295354 2295446
2297735 2329009
2331309 2332400
2334863 2337803
2340891 2356064
2356689 2380116
2397216 2397745
2402269 2403021
2406565 2407611
2408180 2408371
2409242 2413564
2451150 2452757
2482094 2482410
2540798 2563579
2565947 2574626
2586394 2592707
2602442 2617951
2655432 2655685
2657595 2666213
2667713 2675410
2689928 2691616
2696588 2760034
2761069 2772610
2773233 2780523
2781134 2782045
2782695 2787198
2787861 2789846
2790212 2790669
2791678 2795845
2796534 2797097
2797370 2798719
2799349 2799962
2800667 2801318
2801963 2807379
2808026 2814782
2815837 2819176
2832969 2833082
2881911 2970347
2971486 3023557
3035798 3064432
3065234 3066350
3072134 3089784
3106827 3142931
3146626 3175598
3202468 3204173
3217539 3221109
3223174 3223344
3226228 3241181
3257820 3266784
3332283 3442321
3470020 3533366
3541388 3559255
3579765 3588617
3588932 3589593
3590000 3590304
3590572 3638662
3647073 3648392
3666374 3667863
3674918 3675064
3676885 3677153
3707259 3708573
3709611 3710099
3710259 3710992
3713101 3754086
3754387 3754815
3761015 3761091
3770815 3771188
3771970 3772131
3881337 3902611
3903528 3919704
3923909 3925055
3925603 3925820
3929808 3943161
3948357 3948514
3951140 3951249
3960972 3961079
3961445 3961868
3962393 3963183
3974698 3990951
4006694 4006947
4009939 4013495
4014421 4014593
4019482 4019542
4023209 4023566
4028833 4029494
4031706 4034558
4058124 4058351
4127043 4166240
4183361 4184832
4200746 4230920
4231382 4232935
4233687 4241167
4241573 4276647
4290308 4293360
4293469 4300897
4301248 4311067
4323108 4331353
4331743 4334258
4335272 4338378
4339117 4343686
4345144 4351792
4351905 4362783
4367528 4367711
4372091 4376268
4389484 4389807
4404889 4406582
4412619 4414207
4414301 4432475
4468772 4469035
4472318 4511080
4546649 4556026
4556120 4556907
4557515 4572720
4574098 4597174
4599246 4602727
4602871 4605751
4607462 4637762
4638752 4652798
4653083 4654772
4685021 4686926
4730119 4745047
4750944 4779074
4804195 4805887
4825720 4828377
4828893 4833502
4833684 4835987
4836900 4856723
4916123 4918080
4919056 4943346
4943446 4944931
4945030 4946667
4948638 4948767
4950472 4950604
4952749 4954179
4954905 4956881
4957596 4961034
4962240 4962517
4963881 4964164
4965265 4966446
4967432 4968256
4970841 4974021
4975199 4976893
4980846 4980976
4981698 4981967
5018087 5018256
5020899 5020992
5022019 5022112
5022877 5023189
