Bacteroides_vulgatus_ATCC_8482_gi_150002608_ref_NC_
1 16322
49648 51640
59856 63868
65747 66082
83628 85304
90114 95456
112912 113052
174423 174648
197242 197494
199520 201952
207473 208415
211858 225227
229826 254208
262229 262861
263543 264188
264525 265695
266055 266390
266733 297545
310574 310856
317766 348914
349713 365067
366744 375489
377058 406747
408883 411890
412439 435068
458984 459473
461605 462033
476784 479999
489068 494373
496009 509668
511113 530611
531287 533113
534093 535317
537689 554667
579558 580404
611829 650013
656622 669731
672262 672523
683881 684628
694241 709649
716865 728900
732234 744354
781293 815747
827411 868949
869672 895458
920625 1003587
1010602 1010792
1018236 1024569
1041702 1042152
1048708 1056492
1064906 1065274
1065427 1065545
1067538 1074800
1076301 1077772
1080305 1080742
1087231 1087465
1088989 1089973
1092409 1096551
1097499 1097737
1098445 1098592
1099700 1100107
1104778 1106539
1107228 1117510
1119211 1120481
1124559 1126123
1133315 1133915
1158616 1209443
1209791 1211464
1211806 1217153
1227982 1229844
1230974 1231498
1242904 1257227
1260515 1274757
1282522 1286903
1289940 1352906
1372981 1395724
1399685 1453538
1461564 1461775
1464095 1478447
1487431 1488145
1489100 1489895
1492428 1516768
1518887 1527924
1528435 1529305
1535247 1535826
1539573 1564583
1565338 1565827
1567001 1574485
1576183 1580960
1588836 1593008
1593370 1602067
1603758 1616739
1618549 1619059
1629153 1629215
1633897 1634187
1638113 1645977
1646540 1649077
1668141 1669096
1693570 1700483
1701461 1715542
1718670 1735627
1753210 1755308
1764714 1770889
1772268 1774597
1775764 1905553
1908575 1910411
1915090 1928355
1929104 1929200
1933823 1935505
1935792 1936829
1955535 1977348
1977706 1982240
1984058 1984515
1988552 2084793
2095424 2145421
2157333 2174507
2182894 2188744
2197269 2218096
2218727 2244862
2273329 2279837
2287712 2297992
2303098 2389193
2390199 2416011
2436487 2436616
2451143 2452833
2471236 2482501
2491467 2492015
2502337 2510374
2514508 2514599
2522653 2525193
2540222 2592593
2593528 2618419
2621628 2691254
2691611 2823005
2825490 2825698
2864398 2864515
2867709 2869843
2870821 2873205
2874021 2874560
2875380 2877500
2878562 2879849
2881664 2887012
2898549 2907180
2919335 2943427
2951695 3007810
3010642 3043879
3047310 3066350
3067548 3067613
3067708 3087544
3088698 3089058
3089676 3089750
3104899 3104973
3121530 3145757
3146329 3170163
3171180 3175598
3177205 3177758
3183559 3188225
3203465 3208775
3209626 3210623
3211126 3211668
3212215 3214697
3217140 3232800
3251372 3267089
3269685 3275011
3279974 3298851
3302347 3303813
3306072 3321324
3327565 3327742
3332519 3351560
3371823 3400572
3404360 3431001
3432390 3432876
3442262 3460076
3470020 3470186
3483465 3484104
3489775 3533986
3535198 3538137
3538769 3565902
3566948 3567589
3574619 3589593
3590000 3590304
3590572 3648392
3660552 3661485
3666277 3669235
3674918 3675064
3676091 3677153
3703354 3715892
3716274 3754853
3757141 3757286
3758800 3764160
3764661 3764939
3765592 3772752
3796702 3814714
3823972 3824021
3834031 3834097
3854847 3854899
3860512 3860836
3870632 3870797
3872165 3888819
3898725 3928188
3928849 3943161
3946220 3946547
3950918 3951676
3955320 3955800
3958640 3959124
3961050 3962174
3963284 3963945
3974365 3997285
4004575 4004665
4006563 4007612
4011349 4012356
4013200 4014695
4016477 4016962
4018627 4019544
4022101 4023572
4028833 4035030
4035104 4060329
4064147 4070008
4085106 4099953
4101557 4124541
4125553 4132716
4147598 4148014
4165460 4167606
4168437 4168589
4183352 4184823
4194647 4195855
4199504 4199816
4200420 4294061
4294406 4301058
4302084 4302147
4302865 4330604
4331746 4348158
4348685 4351807
4352160 4368338
4370498 4376268
4389511 4390025
4393005 4397734
4404889 4406587
4412619 4413951
4414303 4432706
4437428 4450316
4468772 4469035
4472655 4514074
4520083 4520439
4526838 4527688
4528194 4528311
4546052 4556592
4557316 4597174
4599246 4602727
4602871 4637762
4638752 4652798
4653083 4654772
4662529 4662666
4664639 4664777
4666612 4666709
4668996 4678963
4685021 4686926
4692377 4708002
4716686 4717182
4728233 4730835
4739553 4745290
4747061 4769528
4778067 4802415
4804141 4808507
4810666 4810841
4819418 4857711
4870907 4871222
4874638 4881269
4881922 4885633
4886145 4896278
4897155 4920464
4926829 4936766
4940253 4944668
4945030 4978265
4978930 5050977
5058229 5061778
5068653 5070511
5071637 5071721
5092219 5092737
5103095 5110658
5124230 5124599
5127666 5127775
5137015 5142025
5147300 5148839
5161501 5163189
