Bacteroides_vulgatus_ATCC_8482_gi_150002608_ref_NC_
1 267
2465 2672
4081 4159
5596 6442
9898 9968
10827 10900
15115 15313
15890 16771
17451 17750
19340 19417
20085 20331
21282 22161
24994 26025
35973 36129
37957 38261
39691 45589
51143 51998
59140 59248
65047 66772
75588 75671
78715 78783
80905 81172
82159 82302
85795 86082
86746 87667
88418 89001
89514 93531
94742 95132
96498 97805
98371 98735
105125 105908
108007 108950
112171 112251
114910 115004
117984 118338
119876 120015
125920 126003
132136 132959
134433 135460
135975 136466
137851 138062
138867 139354
140975 141174
142289 142785
143909 144185
162196 164177
164759 165551
167662 169483
170412 171302
174031 174920
175436 175654
177528 178281
178439 178722
194052 195432
197526 198853
199520 201652
201806 201992
207025 207476
210574 212451
213976 214092
215463 215541
216054 216373
217161 217406
219905 220647
222913 223724
225917 226494
227118 227198
228135 228584
229094 229169
230766 231576
233455 235012
235678 237866
238459 238521
241488 241583
244489 244771
247634 247880
250127 250341
252435 252729
261888 262634
264109 266735
267434 274969
275936 278923
280137 280669
281915 282255
286812 287215
287846 288038
290748 290880
293361 293440
295174 295929
297080 297545
298579 298972
304299 304808
306792 308818
315792 316275
316805 317513
318586 319077
319679 320125
320789 320998
324162 325291
339418 339521
341431 341636
342462 342575
343158 350060
350937 351301
352700 352799
353357 353457
356953 358436
364452 366240
369110 369628
371054 372037
375353 375492
376961 377405
378216 378653
380173 380770
384296 384519
385323 386793
389350 389722
391078 391299
392646 392715
393623 394037
394783 395009
395607 396202
402525 402881
404852 405202
411543 427485
430085 430978
433518 433731
435198 435712
436729 436862
438175 438331
439317 439388
440281 440467
448725 449175
450407 450871
454339 454669
456833 457256
457930 458153
458996 460561
461606 462033
465467 465740
468699 469710
471249 472435
476784 478929
480030 480493
481299 481729
482520 484242
484971 485199
485857 491595
493074 493293
495216 497256
500259 500344
501081 503880
504407 504803
505539 505921
506737 507780
508963 509643
510160 511966
512642 514069
514825 515099
515662 519500
523458 523578
527103 527524
530340 531263
533053 538197
539898 540708
544359 545017
545600 546213
548668 550803
551370 551540
552251 552680
554450 554573
555210 555473
556195 557718
559176 559350
575417 576156
577169 577220
577794 578136
579558 580994
581906 583439
584000 585917
586733 588567
590182 591515
598339 598406
599052 600019
601917 602772
605473 605548
606396 606511
609738 609810
611363 612054
613821 630843
631955 632036
633573 634202
635026 636067
637520 637689
638950 640068
642824 643361
644044 650011
650865 651001
651862 653059
655099 655330
655845 657027
658994 659250
664964 665142
665950 667025
668173 673418
673986 674647
676168 676269
677213 677451
678314 678708
679213 680502
684598 684673
685879 686194
686815 686873
687445 687736
689131 689690
690699 691707
692233 692618
693851 694317
696024 709961
711164 711861
714510 716135
716863 727300
741844 743111
746633 747304
750040 750123
751546 751639
753581 753646
754844 755017
761405 763401
769676 769793
770840 771344
779294 779708
781020 781180
782008 783395
784131 784306
784918 785111
785611 785699
787417 787584
787721 787905
788139 789519
789787 789900
790256 791000
791664 799399
802752 804205
804720 804933
806487 806772
808641 809658
812437 814705
815637 815963
817122 817211
820060 823323
825448 825885
826651 827379
828372 828843
843385 843729
849721 849942
850992 852915
853597 853974
854564 854668
856314 857040
859795 860147
861828 862329
865324 865724
868307 870293
874443 875100
876084 876328
877123 877663
879005 891523
893083 893302
895122 895515
896849 897627
898328 900923
901570 901779
902545 903169
903979 904200
904778 905082
906059 906399
907393 907468
909186 909526
913787 914594
915646 916799
917358 917429
918418 918848
919392 1003941
1006055 1007051
1007854 1008079
1009171 1013173
1014575 1014825
1016762 1017537
1018211 1024569
1027135 1030399
1035824 1036954
1037500 1038125
1038789 1039843
1043082 1045123
1046339 1046465
1046990 1052441
1053210 1057353
1057985 1060255
1061118 1062575
1064762 1065545
1067538 1068355
1068554 1068715
1068811 1068946
1069053 1069195
1069595 1069996
1070753 1074800
1075917 1078704
1079953 1081512
1084948 1085235
1086245 1087457
1088010 1090216
1092393 1096674
1097247 1108109
1109005 1111106
1111705 1114408
1114911 1115053
1115632 1116370
1116934 1121963
1122822 1123533
1124262 1126131
1126692 1127138
1128836 1130055
1130650 1130815
1131389 1131656
1133070 1134686
1151566 1151716
1153147 1154092
1155340 1155413
1157339 1160826
1161356 1161963
1162473 1162885
1163605 1163902
1164577 1165462
1166067 1168824
1170877 1172206
1174390 1176067
1180244 1180881
1181733 1182494
1184281 1184627
1186818 1187976
1189167 1189351
1194848 1196804
1199342 1199542
1200651 1201239
1203004 1203610
1208120 1212261
1213432 1213945
1216130 1217664
1218137 1218310
1219237 1219636
1228578 1228712
1242904 1257227
1261844 1269389
1270546 1274208
1275658 1276974
1280973 1285041
1285678 1285762
1287247 1287936
1289789 1291209
1292116 1292572
1294360 1295102
1295626 1295898
1296492 1305135
1307488 1308200
1308942 1309293
1310595 1311157
1317361 1317482
1318036 1318129
1318645 1320879
1322701 1323967
1325750 1326599
1327857 1328554
1331469 1331811
1334395 1334887
1336581 1338514
1339165 1339690
1340424 1343485
1344130 1345117
1346183 1347065
1347580 1347764
1348794 1349313
1350252 1350582
1351335 1352007
1352723 1353068
1353617 1354731
1358210 1361650
1363436 1363546
1364587 1364851
1365426 1365514
1366135 1366483
1368819 1369077
1369749 1369873
1371699 1373482
1374732 1374954
1376857 1377116
1378323 1378462
1379342 1379852
1380397 1380914
1384568 1393587
1395223 1396586
1398751 1399068
1399783 1400025
1403229 1403495
1404311 1404780
1406423 1406611
1417797 1422565
1433581 1433690
1438265 1443702
1445679 1445987
1448075 1448691
1449860 1450985
1453609 1454725
1456208 1456299
1461100 1461624
1464252 1464607
1465350 1465509
1466512 1467161
1469150 1471173
1471882 1472724
1473685 1475551
1476097 1476411
1477491 1478447
1479188 1480012
1483212 1483302
1487810 1488145
1489100 1489411
1495197 1496277
1498195 1499001
1503516 1504609
1505278 1509657
1513524 1514063
1516272 1527532
1529921 1530459
1531802 1532369
1532925 1533214
1535092 1535481
1538603 1538875
1542833 1543211
1543889 1543992
1544635 1545013
1545538 1545787
1546589 1546667
1547244 1550077
1550901 1556811
1557337 1563938
1573004 1574468
1576356 1576952
1578305 1578615
1579339 1579547
1580055 1581218
1582079 1582470
1585915 1586980
1588176 1591493
1592476 1595897
1599225 1600234
1601345 1602429
1603167 1610628
1612211 1612535
1617219 1617633
1618448 1623126
1624941 1625165
1626578 1627011
1629153 1629575
1630649 1631402
1632012 1634420
1636026 1636290
1638129 1639884
1640523 1641571
1642240 1643742
1645005 1645760
1646540 1649077
1652411 1653011
1653560 1654283
1655532 1655820
1658057 1658180
1658690 1659221
1659722 1662473
1663275 1663482
1664261 1665549
1666097 1670248
1670812 1671967
1672488 1674423
1675125 1676066
1676813 1677789
1678482 1679204
1687434 1687696
1688896 1688977
1689610 1690145
1690674 1701303
1701827 1702508
1703057 1703256
1704286 1706520
1707024 1707710
1709584 1709967
1710993 1711286
1713376 1713787
1717074 1717240
1718296 1720221
1723272 1723919
1725133 1725581
1729539 1736222
1739658 1739808
1740374 1740736
1741924 1741996
1742968 1743627
1744927 1745181
1748785 1749090
1749722 1753040
1753734 1755098
1756279 1756617
1757739 1757860
1760037 1760269
1761185 1761606
1762738 1763272
1765492 1766411
1767542 1768338
1769180 1769275
1770899 1771029
1771610 1776367
1784482 1785086
1787692 1788197
1788918 1789945
1793779 1793934
1795983 1797261
1797915 1798332
1799180 1799501
1801676 1801940
1802554 1803001
1804274 1804388
1804937 1805027
1806933 1808244
1809299 1809374
1809878 1810109
1810888 1811417
1813724 1818236
1826994 1827204
1829833 1832215
1833690 1834294
1835494 1835622
1836134 1845251
1846283 1846407
1846982 1847365
1849369 1854261
1855337 1855483
1856459 1857732
1860353 1860762
1861868 1862934
1863696 1864103
1871119 1871309
1873150 1873662
1874211 1874373
1875851 1876065
1878649 1879583
1880428 1880524
1881310 1881942
1882799 1884122
1887041 1887972
1888560 1888744
1889484 1889659
1892381 1892603
1894232 1896403
1898303 1898407
1899933 1902616
1903141 1906040
1908248 1911370
1912128 1912790
1916359 1937340
1940263 1940654
1942203 1942499
1943173 1945015
1947314 1948737
1955213 1955504
1957413 1962150
1964477 1964841
1975536 1979160
1979938 1982410
1984313 1985522
1986556 1987196
1987754 2084844
2093049 2093298
2093809 2102153
2102686 2104233
2106687 2111052
2112357 2113330
2113919 2114064
2115075 2115677
2116253 2116348
2117614 2117692
2118318 2120083
2120659 2121842
2123364 2123930
2124893 2125097
2127243 2128039
2129943 2130351
2130966 2132774
2133708 2136516
2137061 2137718
2138299 2140370
2141997 2142075
2145623 2145692
2147438 2148217
2148877 2151585
2152325 2152506
2154883 2156504
2157028 2157478
2158041 2159600
2160647 2162224
2164544 2164637
2166693 2166776
2167330 2167842
2168833 2170141
2173638 2173854
2175196 2175274
2176590 2176677
2177394 2177490
2178553 2179661
2180265 2181398
2182532 2189416
2196124 2196220
2196932 2227247
2227386 2227561
2227750 2228854
2229285 2230757
2231595 2234847
2234947 2235057
2235170 2240638
2242677 2243069
2245180 2245621
2247629 2248800
2257758 2259710
2264123 2264387
2266358 2267478
2270183 2270780
2272148 2278399
2279206 2279349
2279690 2288300
2288425 2288616
2288766 2288977
2289404 2290209
2290396 2290528
2290964 2293157
2293884 2294072
2294200 2295655
2296158 2296410
2297006 2297992
2300555 2300641
2302044 2303180
2304697 2304993
2305742 2306513
2307104 2307474
2309127 2310161
2311312 2311683
2312253 2313000
2313602 2314890
2317295 2317388
2318137 2336108
2337101 2339919
2340663 2341378
2343647 2343734
2344350 2344429
2345232 2345334
2346570 2346956
2347733 2348636
2349153 2349635
2351703 2352192
2354050 2354663
2356055 2356724
2357576 2357675
2358488 2358544
2361768 2362039
2363175 2364047
2369441 2370346
2374587 2374920
2376597 2376722
2377517 2377819
2378547 2380548
2381059 2381372
2381879 2382524
2388861 2389319
2390199 2390681
2391309 2391370
2397604 2398938
2399833 2399970
2400214 2400416
2401226 2401433
2401564 2401753
2402205 2404749
2404925 2405173
2405256 2405493
2405866 2409199
2413551 2414604
2415336 2416065
2416979 2418868
2423856 2424065
2425170 2425388
2426215 2426858
2427447 2427993
2432145 2432340
2433504 2433910
2436973 2437224
2437741 2437953
2438728 2438974
2440094 2440884
2447683 2448117
2450891 2453245
2455241 2456245
2459274 2459465
2461296 2461703
2463360 2464437
2466189 2466538
2468621 2469248
2470984 2471219
2472378 2472536
2474108 2475493
2479435 2480301
2480817 2483219
2484390 2485037
2485645 2486060
2487360 2487678
2490676 2490941
2491467 2492071
2492697 2493148
2495682 2496153
2497801 2497926
2499369 2499853
2500378 2500781
2501794 2511924
2512682 2513350
2514530 2514599
2517047 2517834
2519914 2520377
2522091 2523436
2524119 2524444
2526905 2527200
2528480 2529344
2532417 2532739
2536006 2536860
2540004 2542402
2543509 2543942
2544522 2544982
2547267 2547582
2548110 2548464
2555242 2556303
2556859 2558173
2559551 2559896
2560691 2561272
2562204 2562304
2562835 2563566
2563695 2563889
2563961 2564144
2564409 2564997
2565131 2565280
2565496 2568254
2571804 2572035
2572549 2572931
2577602 2577731
2578280 2578496
2584992 2585219
2585753 2585847
2586379 2593464
2594187 2594268
2596042 2596223
2598420 2599173
2602362 2605144
2606855 2606950
2611918 2614909
2615416 2616160
2617189 2617297
2618014 2618258
2619230 2619547
2620633 2621255
2637937 2638379
2639726 2640486
2643732 2643804
2648193 2648329
2652011 2653303
2653961 2656832
2657335 2658365
2659287 2659341
2660986 2661552
2663596 2668445
2669472 2671455
2673132 2673450
2674118 2674498
2676065 2677090
2678008 2678296
2681246 2681589
2687056 2687419
2689359 2693604
2696346 2696743
2698064 2698644
2703502 2704038
2705480 2705558
2708360 2708983
2710139 2764967
2765376 2766977
2767147 2767328
2767514 2776144
2776229 2776382
2776472 2776688
2776756 2776952
2777041 2777225
2777408 2787936
2788051 2788497
2788657 2788776
2789018 2789217
2789342 2819315
2824118 2825992
2830364 2830463
2831199 2831255
2832527 2832767
2834366 2834771
2836478 2837382
2838092 2838291
2841001 2841271
2842276 2843781
2844494 2845369
2846240 2846736
2847558 2848621
2849392 2849948
2853174 2854256
2854931 2855466
2856005 2857248
2857380 2857611
2857957 2858060
2858698 2859348
2860283 2861948
2863012 2863446
2864396 2864524
2868211 2868369
2868500 2868637
2868989 2869842
2872156 2873775
2874357 2874560
2875476 2877001
2881609 2881901
2896974 2897054
2899298 2901970
2903755 2903840
2905472 2905717
2906512 2907034
2907746 2910102
2911583 2911664
2912258 2912457
2913646 2913757
2916386 2916833
2917662 2917912
2919098 2919487
2923946 2924146
2925258 2925558
2926388 2926795
2928596 2931846
2936288 2936480
2938619 2939590
2941250 2941877
2942739 2943472
2944550 2944756
2947293 2949115
2949637 2950034
2950843 2950929
2951695 2953575
2955014 2956401
2956904 2957039
2958022 2959690
2961828 2975193
2977476 2977586
2978312 2979992
2980585 2980947
2981634 2982204
2990736 2991039
2992853 2993327
2995384 2996630
3001256 3002434
3003408 3004429
3007098 3008985
3009527 3009853
3010642 3011059
3018796 3024286
3025996 3026276
3033392 3033910
3035802 3037450
3039607 3040376
3041520 3042160
3044045 3044785
3045446 3045687
3047059 3048547
3051657 3055182
3056363 3056785
3058688 3059036
3060232 3065812
3065908 3066173
3066246 3066430
3067548 3067707
3072096 3086709
3087475 3087777
3091487 3091808
3097713 3104973
3106827 3109142
3114403 3114843
3115418 3115501
3119609 3129457
3130142 3132208
3135582 3135945
3136981 3137426
3142134 3149817
3152506 3167396
3167956 3170283
3171549 3175598
3181718 3181987
3183658 3183713
3191081 3192135
3192911 3193719
3199045 3199778
3200992 3205335
3208057 3208301
3209825 3210619
3212981 3213275
3214095 3228911
3229545 3231862
3232383 3234087
3239286 3239450
3245738 3246395
3250949 3251021
3264560 3267040
3268128 3268671
3271302 3272229
3272929 3273272
3274917 3275865
3278267 3278673
3279865 3279945
3280526 3281039
3286779 3287068
3296851 3298762
3299625 3300096
3302040 3303813
3305245 3307184
3308127 3309158
3312470 3312616
3315095 3315625
3316155 3317847
3318448 3319015
3319863 3320610
3321962 3322471
3323645 3324750
3325308 3325693
3326290 3326646
3328932 3329663
3331291 3335126
3338694 3338772
3341318 3341414
3345371 3345529
3347759 3353814
3355705 3355844
3356921 3357252
3360193 3360367
3360870 3361288
3362657 3363450
3363954 3364170
3364893 3366299
3368381 3369009
3370240 3370538
3371112 3371916
3373647 3388958
3393627 3395184
3396330 3401485
3401688 3401908
3402253 3402518
3402900 3403138
3403615 3403728
3405083 3405444
3407574 3408010
3409422 3416429
3417067 3417470
3427988 3428393
3429530 3429624
3430130 3430867
3431450 3432876
3434030 3434349
3436518 3439095
3439700 3440274
3440937 3442321
3448532 3448677
3452218 3452464
3453682 3453783
3454901 3455037
3456766 3456844
3460121 3460962
3462487 3462766
3466007 3466123
3467617 3467745
3471044 3471177
3472255 3472432
3473324 3473430
3474970 3475297
3475948 3476031
3477384 3477474
3478788 3479250
3479807 3480333
3480933 3481996
3482937 3485944
3486856 3491825
3492343 3492446
3494135 3494204
3494780 3494922
3496504 3496576
3499852 3500423
3502614 3506577
3511709 3514765
3515441 3515828
3516610 3517282
3518212 3518537
3519680 3519836
3525291 3525464
3527302 3527930
3530982 3531388
3535881 3535957
3536796 3537089
3539816 3541770
3544314 3544688
3546186 3547608
3553057 3553632
3554287 3555033
3558886 3563043
3564120 3564742
3565435 3566115
3566622 3567442
3570743 3571981
3572721 3574120
3576168 3577423
3578153 3578492
3579277 3588629
3588932 3590304
3590572 3639249
3643239 3644059
3644784 3644962
3645525 3646112
3646930 3650313
3654735 3655176
3658337 3658760
3661413 3661485
3665323 3667980
3668693 3669394
3670828 3674746
3674917 3675063
3676268 3676468
3676553 3676739
3676885 3677069
3678978 3679361
3688080 3688155
3691397 3691478
3693008 3693082
3694367 3695343
3695851 3696001
3707259 3709977
3710224 3710427
3710701 3711051
3711206 3711350
3711461 3711632
3711859 3712023
3712188 3716685
3717460 3720384
3724826 3725004
3726073 3727135
3731180 3733689
3734878 3752537
3753618 3755818
3756425 3760172
3761015 3772841
3779128 3779316
3779452 3779595
3780668 3782500
3790977 3791811
3792984 3793426
3800756 3800853
3802287 3809392
3810203 3811969
3812497 3815146
3816103 3816316
3817302 3817735
3818977 3819091
3820843 3821547
3823992 3824457
3826277 3826354
3831140 3831267
3832590 3834152
3836019 3836129
3838131 3838533
3842611 3844636
3847169 3847383
3852578 3852782
3853675 3855275
3859184 3860882
3861422 3864441
3865741 3867588
3868501 3868624
3870662 3872134
3872787 3874736
3880679 3880794
3881337 3882180
3885463 3886332
3888230 3888830
3901101 3903785
3911319 3912965
3913492 3913910
3919446 3919927
3922550 3927947
3929445 3930736
3933329 3933442
3935601 3935951
3937627 3937804
3939095 3939975
3941377 3943206
3945235 3949035
3949660 3951665
3956911 3957636
3958353 3958606
3961414 3963311
3963418 3964346
3973601 3975186
3979787 3980432
3981474 3981778
3986213 3989486
3990290 3990515
3991051 3991367
3992653 3995819
3996996 3997285
3997670 3998229
3999875 4000527
4001139 4005331
4006465 4007632
4008697 4008814
4010533 4013500
4013710 4013918
4013986 4014198
4014396 4014914
4018598 4023572
4028833 4030343
4030496 4030654
4030815 4031042
4031305 4031471
4031600 4037268
4039270 4039505
4041645 4043274
4045351 4045755
4047102 4047562
4050827 4050908
4055324 4058937
4059890 4064039
4065067 4065171
4065757 4066104
4066771 4067277
4068025 4070725
4072510 4072590
4076845 4077167
4084754 4084936
4085106 4086319
4088609 4089019
4093032 4093174
4096240 4097014
4099194 4101586
4111792 4111847
4113369 4113676
4115109 4115364
4116408 4119519
4120637 4121516
4122515 4123381
4126483 4128962
4131098 4131270
4131855 4132096
4134825 4135627
4136387 4136862
4140134 4140762
4141564 4141636
4143509 4143674
4144270 4145055
4147922 4148394
4149795 4150993
4152652 4152879
4153667 4154649
4155178 4155326
4157887 4158247
4158841 4158965
4164385 4166833
4167428 4167794
4171605 4172285
4172873 4174040
4174627 4179000
4180239 4180532
4181596 4182117
4183198 4186140
4186707 4186884
4188152 4189482
4190688 4190895
4193187 4197147
4197758 4199997
4200538 4277740
4278393 4279354
4283128 4283212
4289788 4290418
4290537 4290713
4290827 4302281
4302895 4303162
4305663 4305905
4308390 4308466
4310724 4310947
4311507 4312252
4314788 4317091
4318361 4320255
4322097 4322557
4323108 4328345
4328448 4328626
4329129 4329342
4329464 4329595
4329800 4330100
4330634 4338924
4339024 4339266
4339459 4346019
4346778 4347081
4347766 4363664
4365210 4367749
4368288 4377986
4380349 4383023
4383659 4383754
4384847 4385555
4388232 4390204
4392318 4394106
4395184 4399912
4400838 4401192
4402921 4406587
4407678 4408057
4410815 4411216
4412619 4414610
4415243 4415849
4417988 4419984
4421431 4424395
4425040 4425217
4426924 4432984
4437519 4437633
4447595 4448875
4449403 4449605
4452598 4452767
4462846 4463132
4468772 4469035
4471962 4472623
4473850 4473917
4475666 4476615
4479380 4479444
4480065 4480779
4481317 4481530
4484765 4485361
4485988 4487278
4487820 4489907
4490686 4491718
4495359 4495493
4496069 4496919
4500373 4501224
4502164 4502418
4503804 4505079
4506738 4508432
4510694 4512898
4515420 4519042
4520098 4520398
4527055 4528304
4535453 4538088
4538760 4540335
4540949 4541641
4543776 4543958
4546649 4556660
4556863 4597174
4599246 4602727
4602871 4637762
4638425 4652798
4653083 4654772
4662409 4662831
4663737 4663873
4664501 4664648
4665368 4666937
4667812 4668058
4669096 4670415
4671200 4671290
4672176 4672569
4673419 4674120
4677210 4681414
4682368 4686926
4694592 4694668
4695466 4695616
4696249 4696697
4700741 4702265
4705386 4705479
4706817 4707123
4709958 4711853
4714684 4714751
4716318 4717170
4723251 4723398
4724539 4724802
4727418 4727956
4735189 4735574
4736676 4737573
4738101 4738188
4738799 4746080
4746714 4747116
4748646 4749417
4750287 4751241
4754404 4754999
4757114 4757289
4758727 4760440
4764805 4765216
4765825 4766136
4767528 4767808
4768689 4769071
4772007 4772496
4779083 4782047
4784641 4785260
4789024 4789093
4790837 4791090
4791749 4791972
4792777 4794669
4795808 4796124
4796671 4797168
4797287 4798118
4798251 4798668
4799610 4801299
4802071 4806340
4807122 4807565
4809496 4811125
4815108 4816571
4819350 4819626
4822202 4846935
4848030 4848666
4849218 4849581
4850391 4850819
4855747 4855984
4856849 4856962
4857255 4857416
4857550 4857715
4858521 4858903
4859347 4859482
4859636 4859988
4860586 4861432
4864106 4864675
4865687 4866132
4869457 4871202
4871760 4872256
4873548 4875191
4875883 4878551
4879121 4879919
4880897 4881187
4882746 4883446
4886224 4892927
4897155 4897316
4898259 4898439
4898555 4898711
4898808 4902171
4903148 4904528
4905523 4905597
4909054 4909205
4910473 4910747
4913337 4914884
4916123 4919043
4919834 4921765
4922391 4922632
4923823 4924226
4925848 4926594
4927227 4937870
4938971 4941644
4942478 4947768
4948878 4951877
4952054 4952240
4952395 4952623
4952742 4959928
4960106 4961303
4961862 4962107
4962174 4966569
4966775 4966998
4967248 4970510
4970690 4971211
4971649 4977457
4978001 4978265
4980839 4983036
4986256 4986689
4988300 4989311
4990641 4991533
4992063 4994605
4997563 4997926
5001544 5002220
5006343 5006697
5009273 5009460
5013797 5013938
5017708 5017915
5018589 5020443
5020991 5021233
5021998 5025022
5026667 5026909
5030131 5030426
5034717 5036240
5037820 5038828
5043392 5045258
5046115 5046723
5048977 5051240
5052393 5053587
5059210 5064346
5065627 5065822
5067877 5068093
5069074 5074176
5074763 5076036
5076655 5078322
5079541 5079634
5081519 5083832
5085295 5086137
5087292 5087833
5088408 5088478
5090928 5091261
5094029 5094515
5103068 5103466
5105216 5105315
5105979 5108073
5110312 5110658
5111330 5112090
5112781 5113682
5114518 5115165
5122274 5122380
5126741 5129113
5130134 5130212
5130854 5130977
5132223 5132457
5133675 5133759
5136472 5136922
5140822 5142405
5147823 5147905
5149850 5149926
5160512 5161129
5162999 5163189
