Bacteroides_vulgatus_ATCC_8482_gi_150002608_ref_NC_
25042 25422
60301 66381
201470 201952
208415 212395
237904 237954
262300 262609
264079 295824
297228 297305
343181 345417
345899 346713
347374 375460
414308 421231
426690 427439
477790 478191
478479 478994
488194 501600
502491 509643
511456 512928
535310 537688
580141 580404
586713 586940
616814 628338
644813 649870
658985 670725
672225 673144
697815 709541
716865 727203
781024 781312
790540 790798
792043 798642
809064 1003587
1018236 1024569
1048708 1056492
1068819 1068910
1070007 1074800
1076301 1077772
1080305 1080742
1086714 1090192
1098645 1106434
1107196 1113708
1120193 1120391
1133613 1217153
1242904 1257227
1261844 1269181
1282858 1289622
1295637 1461508
1464283 1529845
1549053 1557805
1559714 1560718
1593009 1638815
1640561 1641275
1646540 1649077
1663299 1676838
1693570 1700483
1718671 1735902
1753779 1772275
1772363 1773751
1782409 1797006
1799376 1863830
1904141 1928355
1933823 1935662
1935792 1936829
1958020 1958279
1976025 1977714
1980774 1981424
1982442 1984515
1988438 2100472
2178989 2180416
2183028 2187324
2188043 2188653
2191245 2213480
2214606 2216984
2219009 2228519
2231787 2243169
2273329 2278399
2279776 2279837
2288195 2288423
2290210 2290388
2291059 2291309
2294054 2294235
2295387 2295649
2303098 2333448
2334065 2334136
2335045 2336058
2346966 2380160
2390199 2391293
2397216 2397725
2402520 2404361
2406582 2407591
2409147 2413564
2451150 2452840
2471051 2481956
2482492 2494629
2506834 2508465
2525205 2536969
2543782 2564688
2565474 2592715
2602442 2604148
2660021 2665927
2667761 2710252
2710349 2760310
2761208 2766623
2767544 2769051
2769544 2769803
2770584 2773539
2774400 2775515
2776598 2777585
2778340 2779570
2781134 2782074
2783085 2789061
2789177 2789609
2791678 2795845
2796567 2796655
2796909 2797029
2797407 2799639
2800691 2801318
2802859 2807379
2808034 2809074
2809433 2814781
2815857 2815916
2816791 2818241
2818537 2818621
2818866 2819176
2864547 2866054
2871598 3064125
3064885 3067040
3072134 3143020
3145647 3145772
3146643 3146804
3146908 3162274
3162571 3162707
3163342 3167394
3171549 3175598
3203234 3218958
3219484 3221098
3227080 3227215
3228401 3231446
3241191 3267028
3331297 3460364
3484419 3537080
3554575 3554813
3579765 3588617
3588932 3589593
3590000 3590304
3590572 3638662
3648390 3648939
3666277 3667966
3674918 3675064
3676091 3676421
3695351 3708749
3709100 3709963
3710265 3710421
3713638 3735350
3735512 3735751
3736961 3752488
3754309 3772129
3824030 3834846
3843168 3925864
3926544 3943161
3945235 3945575
3947883 3948558
3951098 3951528
3961445 3963282
3974395 3974737
4006563 4006943
4009939 4013146
4014421 4014593
4019327 4019544
4021270 4021572
4023209 4023566
4028833 4029476
4031661 4032943
4033223 4033387
4033562 4033679
4033974 4065954
4121192 4140562
4183361 4184832
4195283 4210751
4211017 4217128
4217373 4219010
4219119 4230920
4231382 4241167
4241573 4301545
4302084 4305660
4324500 4333600
4335287 4343686
4343834 4363657
4370498 4370624
4371860 4376268
4389449 4389954
4404889 4406582
4412619 4432673
4468772 4469035
4510792 4511842
4546649 4551201
4551273 4555311
4555550 4556592
4558930 4570700
4571286 4597174
4599246 4602727
4602871 4637762
4638752 4652798
4653083 4654772
4685021 4686926
4716923 4717001
4723251 4745335
4750944 4779074
4788496 4788662
4804195 4805887
4825720 4856789
4857413 4874632
4913374 4945492
4950472 4950604
4952067 4952178
4952763 4954673
4954851 4961034
4962240 4962505
4963881 4964217
4967500 4967653
4967831 4968232
4971265 4971354
4972419 4972600
4975217 4976893
4980859 5020297
5020899 5022214
5024797 5035862
