gi|48994873|gb|U00096.2|_Escherichia_coli_str._K-12_substr._MG1655__complete_genome
19960 20020
130210 131177
131728 132956
270810 270886
278551 278611
279157 279236
290022 290082
736448 736529
1049544 1049604
1415739 1416203
1417110 1418299
1418660 1420538
1420996 1421223
1421594 1421880
1423568 1424018
1426076 1426195
1427421 1428020
1428324 1428384
1435528 1435636
1436797 1436883
1437833 1437966
1438795 1439458
1440290 1440755
1441212 1443654
1444002 1444697
1445107 1461062
1461621 1462349
1462721 1462860
1464442 1464663
1468365 1468441
1550153 1550215
1557885 1568664
1570169 1570491
1600905 1602247
1617259 1617735
1620801 1621244
1622269 1629421
1633258 1633862
1640407 1640667
1642332 1642693
1701521 1701972
1749055 1749551
1750641 1866976
1867476 1868641
1870431 1871054
1871766 1873564
1874307 1874546
1875268 1875597
1878597 1880147
1976691 1976751
3581994 3582054
3706490 3706549
3765342 3765391
3921175 3921322
3922419 3922608
3922758 3922811
3923123 3923700
3924041 3924184
3924662 3926936
3927743 3928410
3928997 3939464
3941417 3941654
4166277 4166594
4207765 4207993
4505581 4505657
