gi|48994873|gb|U00096.2|_Escherichia_coli_str._K-12_substr._MG1655__complete_genome
130625 131047
339155 339210
1096264 1096557
1096626 1096738
1416980 1417088
1417626 1417762
1419043 1419313
1420107 1420169
1427473 1427584
1430643 1430711
1436074 1436126
1436797 1436864
1438795 1438865
1439227 1439289
1441212 1441362
1442568 1442671
1443004 1443315
1445202 1445253
1445446 1445592
1445973 1446229
1448075 1448186
1448693 1448789
1451038 1451362
1451503 1452215
1452427 1452852
1453500 1454273
1454509 1454939
1455159 1456947
1457215 1458249
1458597 1458742
1459102 1459216
1459684 1460106
1460558 1460944
1464313 1464473
1464714 1464840
1467268 1467319
1557885 1558854
1559035 1562071
1562385 1567623
1567901 1568664
1570169 1570465
1601361 1601502
1620831 1621075
1623141 1623326
1624351 1624453
1624692 1624836
1625061 1625269
1626338 1626622
1627387 1627521
1627702 1629421
1632633 1632701
1633314 1633534
1698397 1698482
1750827 1751027
1752909 1753489
1753864 1782474
1782761 1787074
1787345 1787536
1787841 1791756
1792081 1794263
1794489 1818713
1818948 1851023
1851292 1851663
1852052 1852258
1852465 1862622
1864001 1864125
1870763 1871054
1871766 1871973
1875309 1875423
2816380 2816493
3923164 3923536
3926640 3926784
3927922 3928041
3928319 3928390
3929041 3929287
3929621 3929868
3930197 3930748
3931222 3931450
3931948 3932137
3932763 3932942
3933173 3933540
3933766 3934458
3934921 3935435
3936065 3936208
3936848 3936969
3941513 3941706
4166594 4166643
4207852 4208045
