3	4263805	4264884
3	795085	795774
3	2529485	2530246
3	3810754	3811974
3	2260387	2261517
3	4345427	4346767
3	2422539	2423255
3	4199949	4201346
3	5683	6459
3	926697	928418
3	1938337	1939659
3	2585617	2588730
3	2639853	2640866
3	3270809	3271579
3	3331732	3332703
3	3399414	3401354
3	4102995	4103693
3	4585932	4586888
3	4215132	4216436
3	4213501	4215102
3	123017	125680
3	125695	127587
3	4216619	4218355
3	2411492	2412694
3	949563	950303
3	2307363	2308427
3	1700257	1701258
3	1294669	1297344
3	496399	497043
3	1064808	1066049
3	2817403	2820033
3	1486256	1487695
3	1360767	1362254
3	2306713	2307363
3	2053085	2054539
3	4375834	4376967
3	118733	119284
3	119281	120135
3	4434778	4435518
3	3097704	3098750
3	51229	51606
3	50380	51222
3	1039840	1041138
3	582904	583653
3	490636	491187
3	66835	68337
3	68348	70048
3	70387	71265
3	65855	66550
3	2978786	2980204
3	1983163	1984152
3	1981579	1983093
3	1980578	1981564
3	410521	411705
3	4637613	4638329
3	3348711	3351047
3	2947264	2948595
3	4154036	4154812
3	4153024	4154028
3	3486982	3488202
3	288525	289529
3	3316659	3318002
3	4475330	4476334
3	3382725	3383195
3	1958086	1959819
3	2425031	2425813
3	958035	959318
3	3515420	3516508
3	2444410	2445495
3	3428042	3428860
3	2738102	2739172
3	784856	785908
3	3516565	3517086
3	405629	406153
3	406652	407329
3	120178	121551
3	2839012	2840436
3	2837546	2839003
3	2836276	2837289
3	3571798	3572901
3	3982375	3984030
3	3980981	3982216
3	696736	698400
3	3924568	3925026
3	986808	988208
3	4364914	4366350
3	983742	984932
3	1946774	1948546
3	3916339	3917880
3	3919259	3920074
3	3913576	3913995
3	3914016	3915398
3	3918973	3919212
3	3918441	3918911
3	3915425	3916288
3	3917893	3918426
3	3920083	3920463
3	3737728	3738981
3	2598500	2598970
3	324801	326471
3	326485	327957
3	327971	328558
3	328687	330720
3	3464271	3464747
3	3900312	3901724
3	3901743	3903620
3	3903754	3904590
3	807191	808480
3	808567	809607
3	810745	811500
3	811493	812170
3	809604	810758
3	3542096	3542866
3	4171105	4172070
3	3712084	3714417
3	453696	454013
3	4161662	4163506
3	1325791	1326381
3	4354493	4356640
3	4356720	4358054
3	4358419	4359957
3	29651	30799
3	30817	34038
3	3199913	3201151
3	2229866	2230750
3	4107953	4108708
3	195677	196534
3	4636201	4637553
3	1971384	1973348
3	1965476	1966525
3	1966528	1967388
3	1970860	1971363
3	1965072	1965461
3	1964417	1965061
3	795777	796835
3	864352	865587
3	863603	864352
3	2242800	2244791
3	922487	924763
3	2729622	2732195
3	455901	456524
3	456650	457924
3	4432645	4434588
3	2121108	2122544
3	2119633	2121003
3	4101625	4102998
3	3484142	3484774
3	2533856	2534365
3	3718072	3718284
3	629117	631222
3	688566	690104
3	2428297	2428785
3	3989176	3991722
3	1488926	1489456
3	770681	772249
3	772265	773404
3	358713	359183
3	358023	358682
3	359216	360370
3	449887	450834
3	447874	449865
3	447270	447884
3	446941	447270
3	446039	446929
3	2537739	2538836
3	1331879	1332853
3	2871409	2872014
3	2873443	2874351
3	3779764	3780585
3	3495850	3497223
3	2885600	2886334
3	2886409	2888121
3	2888121	2889920
3	2530431	2531402
3	2536694	2537605
3	2872014	2873441
3	2540534	2541550
3	553834	555219
3	2539701	2540534
3	2538826	2539701
3	4121454	4122479
3	661975	663186
3	3326985	3328418
3	879950	881152
3	3513099	3513935
3	2596904	2597782
3	28374	29195
3	185123	185947
3	2589629	2590756
3	3992785	3993609
3	1407535	1408908
3	2028923	2030341
3	399053	400147
3	102233	103153
3	3303993	3305882
3	2432104	2432763
3	2431034	2431948
3	2429044	2429706
3	4616252	4617574
3	4617626	4618849
3	4615346	4616125
3	4618906	4619625
3	881199	881957
3	4254660	4255028
3	179237	180754
3	1645958	1646365
3	1647633	1647821
3	1645644	1645874
3	2435972	2436967
3	160149	160604
3	2220207	2221922
3	940182	942626
3	942637	943254
3	943256	944119
3	3880349	3881752
3	4262337	4263752
3	4598261	4598998
3	205126	208608
3	3209129	3210874
3	14168	15298
3	12163	14079
3	3879244	3880344
3	236067	236798
3	4599001	4599540
3	491316	493247
3	232597	233955
3	2698640	2699020
3	3704121	3705728
3	2477224	2478552
3	2475869	2477206
3	3811955	3812410
3	3220655	3223747
3	3223744	3224193
3	3219488	3220471
3	2301927	2302415
3	1930139	1930780
3	1930817	1932628
3	2904665	2905963
3	627774	628520
3	626917	627774
3	624108	625283
3	608682	609311
3	625293	626903
3	613380	617261
3	106557	107474
3	3411886	3413043
3	3413055	3416159
3	585370	586131
3	3532538	3533890
3	2700503	2701408
3	3149272	3150006
3	3148840	3149265
3	1015175	1015693
3	2438407	2439627
3	3403458	3403928
3	3403939	3405288
3	1147982	1148935
3	4025632	4026795
3	4026805	4028994
3	2459328	2460668
3	1234161	1234880
3	3068187	3069266
3	4452634	4453632
3	4078322	4079251
3	4295242	4297389
3	4512376	4514700
3	4511429	4512331
3	4510434	4511432
3	4509481	4510437
3	4508713	4509480
3	4515737	4516258
3	4514787	4515740
3	609477	611717
3	622777	623733
3	618607	619422
3	620408	621412
3	617477	618610
3	619419	620411
3	612038	613162
3	2744456	2745817
3	2852360	2854438
3	167484	169727
3	171462	173444
3	169778	170575
3	170575	171465
3	1158585	1160774
3	3488883	3489485
3	4541138	4541686
3	4538980	4539582
3	4542327	4543052
3	4543119	4545755
3	4540060	4540656
3	4545765	4546295
3	4546308	4546811
3	4546831	4547733
3	200971	201996
3	3409293	3409589
3	710158	710688
3	1975290	1975868
3	1975871	1976221
3	2000134	2001630
3	2017642	2018106
3	2018111	2019115
3	2019112	2019525
3	1396798	1397550
3	49823	50302
3	2429696	2430964
3	556098	556964
3	3808366	3809175
3	4378533	4380341
3	4377806	4378540
3	4377400	4377795
3	4377030	4377389
3	4024550	4025251
3	192872	193429
3	2257741	2259432
3	2259449	2260387
3	88028	89032
3	103982	105244
3	3600102	3600770
3	91413	93179
3	103155	103985
3	3602416	3603012
3	98403	99647
3	3599051	3600109
3	3600773	3602266
3	105305	106456
3	2931063	2931710
3	2933606	2935381
3	2935460	2936908
3	2929887	2931038
3	2932257	2933573
3	2937390	2938121
3	2936910	2937332
3	1684755	1686401
3	4343703	4345349
3	1683209	1684612
3	709423	709869
3	3469422	3471536
3	2790757	2792037
3	790262	791278
3	788054	789202
3	2974621	2975652
3	2238650	2239690
3	789206	790252
3	3070694	3071713
3	138835	141225
3	2638708	2639826
3	3047182	3047571
3	16751	16903
3	3583104	3584846
3	3921080	3921703
3	3564623	3566056
3	3569339	3571525
3	3566056	3567351
3	3562157	3564604
3	3567369	3569342
3	3909862	3911691
3	4054648	4056057
3	2685092	2685430
3	4051892	4053301
3	846481	847227
3	4053313	4054362
3	845683	846342
3	844964	845686
3	705316	706980
3	2350669	2352297
3	2352287	2353546
3	2353543	2354733
3	3560036	3561541
3	3559520	3559846
3	4115268	4116113
3	3558645	3559475
3	4113737	4115245
3	2347957	2349033
3	3557870	3558628
3	2349038	2350396
3	752408	753691
3	3352654	3357207
3	3357220	3358638
3	4292504	4293817
3	3825483	3826688
3	2517279	2518694
3	2682276	2683529
3	3722430	3723341
3	3720351	3722420
3	2097886	2099292
3	3644322	3645674
3	3960768	3962252
3	255977	256435
3	3326261	3326737
3	2748137	2748730
3	889719	889976
3	2812905	2814461
3	3089900	3090850
3	2628980	2630557
3	2630626	2632092
3	113444	114487
3	2334815	2337442
3	3875728	3878142
3	1695297	1696064
3	1023694	1025748
3	1262937	1264193
3	387977	388951
3	3987848	3988789
3	3987111	3987851
3	497279	498241
3	173602	174882
3	3985908	3987089
3	3984709	3985905
3	4401323	4402327
3	4400061	4401320
3	4398695	4399975
3	4398311	4398619
3	479314	479532
3	963051	963335
3	1590200	1590466
3	1588878	1590200
3	2093149	2093886
3	2091492	2092559
3	2090422	2091492
3	2089121	2090425
3	2093868	2094644
3	2088216	2089115
3	2092559	2093149
3	2094638	2095249
3	2421758	2422531
3	2637323	2638597
3	2432846	2433658
3	200482	200967
3	2683857	2685047
3	1291732	1292145
3	4579482	4581071
3	4581272	4584784
3	4578091	4579485
3	494344	496218
3	1909719	1910600
3	180884	182308
3	1114885	1115805
3	3181835	3182488
3	4198304	4198576
3	460675	460947
3	1031362	1032480
3	1032477	1034270
3	1034289	1034996
3	1034993	1035580
3	1035577	1035975
3	1035972	1036829
3	2847996	2848457
3	2847260	2847871
3	2845437	2847263
3	2844511	2845434
3	2842784	2844493
3	2842232	2842774
3	2841465	2842232
3	2841058	2841468
3	4201343	4202668
3	2848669	2849019
3	2849023	2849895
3	2849886	2850158
3	2850158	2851279
3	2851276	2852286
3	2874603	2875640
3	1194346	1195596
3	3057775	3058668
3	4220827	4221651
3	22391	25207
3	3953354	3954898
3	3849119	3850807
3	3955993	3957468
3	87357	87848
3	85630	87354
3	3950224	3950487
3	3848825	3849115
3	3954950	3955843
3	925448	925666
3	3311364	3314036
3	564038	565201
3	439426	440325
3	2864581	2865573
3	4131858	4134038
3	3789378	3790574
3	726282	727955
3	724211	726259
3	723630	724202
3	720953	723637
3	720279	720956
3	1267388	1268242
3	970075	970821
3	3806563	3807840
3	47769	49631
3	2722470	2723768
3	51609	52430
3	360473	361084
3	365652	366734
3	361150	362403
3	362455	365529
3	4245994	4247334
3	2703347	2705146
3	2702357	2703331
3	84368	85312
3	671424	674006
3	4255138	4255746
3	2526183	2528198
3	1197918	1198811
3	3590747	3591460
3	3591462	3592229
3	3593500	3594426
3	3596578	3597681
3	3594474	3595583
3	3592226	3593503
3	458112	460466
3	127912	129336
3	202560	203348
3	203348	204496
3	931818	932312
3	25207	25701
3	2975659	2976921
3	4229907	4231256
3	2977043	2977978
3	3031679	3033196
3	4351223	4352740
3	4243252	4244442
3	4241554	4243098
3	4240649	4241539
3	1696176	1697204
3	4244807	4245922
3	4247577	4248497
3	3548102	3550495
3	3546008	3548092
3	3551107	3553812
3	1697379	1698971
3	1698981	1700153
3	421739	423556
3	1686600	1687775
3	1900072	1901043
3	1901106	1901906
3	1901910	1902770
3	188712	189506
3	2909113	2909361
3	2907916	2908707
3	1209569	1210402
3	4575981	4577360
3	4574935	4575981
3	3381352	3382290
3	4339934	4341289
3	4341404	4342813
3	2375611	2377281
3	2443582	2444406
3	4212303	4213232
3	4126695	4127855
3	3150258	3151445
3	4011076	4013337
3	4130639	4131529
3	2192322	2194355
3	4221851	4225534
3	4126101	4126418
3	3084728	3085882
3	4127858	4130290
3	4009886	4010839
3	2235791	2237311
3	2237372	2238370
3	2234765	2235775
3	4397275	4398225
3	1224608	1225303
3	1223772	1224584
3	1223502	1223768
3	4369048	4370694
3	4368711	4369004
3	1974276	1975163
3	1973353	1974279
3	2808792	2809322
3	96002	97084
3	164730	167264
3	665539	667440
3	664424	665536
3	3398066	3399109
3	3396897	3398000
3	3396409	3396897
3	2191081	2192190
3	4584972	4585886
3	965844	967592
3	1937246	1938217
3	3770304	3772217
3	3772447	3773595
3	3302595	3303839
3	975549	980009
3	100765	102240
3	97087	98403
3	93166	94653
3	94650	96008
3	99644	100711
3	2967684	2968373
3	2855115	2857676
3	111044	111433
3	3101035	3102087
3	567538	567870
3	781308	782351
3	2708442	2710064
3	700826	701974
3	702034	702834
3	698797	699549
3	703167	705113
3	699597	700817
3	3370705	3371598
3	1279087	1282830
3	1282827	1284365
3	1285072	1285749
3	1284362	1285072
3	1277180	1278571
3	1274402	1275052
3	1533961	1534641
3	1534638	1535333
3	1275045	1276841
3	1535333	1536877
3	1536874	1540614
3	1165308	1166612
3	2642455	2642886
3	2248862	2249719
3	17489	18655
3	3492033	3494576
3	3495025	3495831
3	3494573	3494899
3	3332931	3333209
3	3837198	3838016
3	2595853	2596887
3	2342887	2345172
3	2345406	2346536
3	1709547	1710182
3	3103736	3104992
3	3314061	3315548
3	434361	434780
3	4175766	4176311
3	1397745	1398260
3	1018236	1019276
3	2309668	2310771
3	985117	986205
3	3533887	3534606
3	583903	584856
3	1299206	1300837
3	1300923	1301843
3	1301858	1302766
3	1302778	1303791
3	1303788	1304792
3	1341134	1341352
3	1554649	1555080
3	4156513	4157430
3	3488288	3488851
3	1892829	1894190
3	778290	778811
3	3405629	3407080
3	3161737	3163995
3	3171526	3173418
3	3530840	3532462
3	2866915	2867541
3	157729	159126
3	52427	53416
3	2434737	2435873
3	2699020	2699751
3	4482463	4483974
3	254259	255716
3	989845	992457
3	3051537	3052862
3	4029184	4030515
3	4105575	4106537
3	950495	952777
3	4231781	4233430
3	3069481	3070644
3	435813	436331
3	1337354	1338118
3	1990293	1990841
3	2735767	2736927
3	601182	602558
3	4324422	4324757
3	4323321	4323764
3	4322400	4323188
3	4321359	4322375
3	4319720	4320445
3	4319267	4319719
3	4318686	4319270
3	4317622	4318686
3	4316784	4317629
3	4316029	4316787
3	4315238	4315918
3	4314105	4315241
3	4313548	4314105
3	4313127	4313561
3	4312367	4313125
3	400971	402386
3	416366	417055
3	258269	259324
3	4634719	4636143
3	1188999	1189670
3	1187539	1188999
3	417113	418408
3	3908508	3909548
3	3904876	3905601
3	738730	740148
3	1208908	1209462
3	4002885	4003754
3	4007193	4008215
3	4252066	4254489
3	4455982	4457334
3	988377	989579
3	3307055	3309190
3	1674395	1675927
3	1672996	1674384
3	4044989	4047775
3	63429	65780
3	3520893	3523445
3	1183681	1184817
3	1182840	1183667
3	1182049	1182843
3	1181006	1182052
3	716169	717488
3	908554	910272
3	4447145	4447675
3	4148470	4151121
3	3489747	3490319
3	553166	553660
3	1910792	1912840
3	1264235	1265317
3	3033206	3034304
3	4122635	4124833
3	4423543	4423857
3	489509	490036
3	3440788	3442119
3	260727	261980
3	259612	260715
3	404059	404868
3	217057	218775
3	2802837	2804039
3	2804032	2805096
3	2805154	2806146
3	1260151	1261098
3	4387415	4388383
3	1366103	1366771
3	1366825	1367049
3	1367049	1367408
3	1367417	1367638
3	1367713	1368027
3	2720749	2722104
3	3906572	3907462
3	3905616	3906389
3	3907462	3908421
3	1257152	1257736
3	2954018	2956906
3	1157092	1158525
3	2531786	2532043
3	2532088	2533815
3	4402710	4404008
3	2594927	2595640
3	4202665	4203954
3	551814	552323
3	2426743	2428260
3	4203966	4205555
3	550750	551817
3	2689678	2693565
3	2619219	2620256
3	2620256	2620894
3	1735868	1736893
3	1074143	1078105
3	1078528	1080036
3	1935673	1937115
3	4469483	4470418
3	1120784	1121830
3	1003991	1005001
3	3813150	3813791
3	1339945	1340682
3	2906051	2907688
3	4469009	4469470
3	424235	425305
3	1415512	1415787
3	2021992	2022615
3	2314199	2314849
3	2315049	2317898
3	2820730	2821791
3	2950483	2954025
3	2957082	2960450
3	2948657	2950483
3	1412810	1415410
3	3878171	3879244
3	3823233	3825314
3	3034395	3036128
3	2749817	2751478
3	2699763	2700491
3	4003887	4005716
3	493629	494234
3	2909439	2911673
3	1643657	1643896
3	3958700	3960721
3	3792010	3792942
3	4022356	4022844
3	3965939	3967042
3	2001896	2003302
3	4096669	4097517
3	4095759	4096595
3	3962388	3963653
3	3964440	3965699
3	4606208	4606654
3	1124785	1125369
3	891190	892092
3	1496962	1497501
3	663325	664413
3	670828	671409
3	643420	644226
3	2701405	2702085
3	1884888	1886015
3	1140405	1143590
3	235535	236002
3	204493	205089
3	3882516	3882875
3	4176902	4177606
3	3448565	3449386
3	3450319	3450948
3	3449703	3450308
3	3444921	3445460
3	3443629	3444162
3	4424131	4424580
3	4178019	4178516
3	4176470	4176898
3	4178583	4178948
3	3376245	3376673
3	3445800	3446171
3	3442127	3442561
3	3446781	3447191
3	3437638	3438021
3	3443266	3443619
3	2742205	2742552
3	3447923	3448255
3	3449404	3449706
3	3445475	3445789
3	2280539	2280823
3	3809461	3809697
3	3446590	3446781
3	3442565	3442744
3	4125036	4125248
3	1146590	1146763
3	3809273	3809440
3	3882359	3882499
3	3438062	3439051
3	4179268	4183296
3	4183373	4187596
3	3211069	3212910
3	3597952	3598806
3	3342739	3344172
3	3820129	3820404
3	961218	962891
3	189874	190599
3	3447204	3447905
3	3439077	3439697
3	3442748	3443251
3	4423141	4423536
3	3471564	3472103
3	3444175	3444567
3	3375837	3376229
3	3450981	3451292
3	3439731	3440120
3	3472200	3472574
3	3440137	3440493
3	3444601	3444906
3	3309437	3309706
3	2743959	2744207
3	3446336	3446590
3	4423862	4424089
3	3448270	3448548
3	20815	21078
3	3208803	3209018
3	1986740	1987237
3	4172099	4173049
3	1943389	1944000
3	1942370	1943380
3	1944879	1945400
3	2080780	2082207
3	411831	414977
3	395863	397083
3	4106857	4107846
3	1894956	1896320
3	755130	756896
3	756912	757628
3	754400	754789
3	754783	755130
3	1994134	1994856
3	108279	110984
3	3781684	3782151
3	426871	428718
3	4175381	4175764
3	428729	429700
3	3757881	3759272
3	3756040	3757884
3	3055200	3056432
3	4622918	4623886
3	956876	957964
3	938651	939943
3	1551996	1553693
3	160782	161486
3	4628756	4630693
3	4622168	4622812
3	2751627	2751968
3	4098833	4099453
3	1733402	1733983
3	3275024	3275359
3	1327356	1328405
3	4275492	4275956
3	4275083	4275406
3	3081957	3083933
3	3080899	3081819
3	3105042	3107177
3	134788	135582
3	135598	136464
3	717485	719683
3	3819451	3820074
3	3820423	3822531
3	3822538	3823227
3	2823854	2824417
3	2825384	2825755
3	2825759	2826538
3	2826643	2827002
3	2827835	2828800
3	2827069	2827842
3	2710918	2712252
3	4272148	4272684
3	3374804	3375442
3	3374301	3374798
3	757929	760730
3	760745	761962
3	762237	763403
3	763403	764272
3	2661464	2662267
3	1019633	1020142
3	53416	54702
3	3711115	3711678
3	1967407	1969008
3	1969054	1970715
3	3264149	3265087
3	3263061	3264050
3	3261708	3263039
3	3265402	3265620
3	3788343	3789368
3	1292750	1293367
3	473525	474385
3	425361	426488
3	3884851	3886215
3	337	2799
3	2801	3733
3	3734	5020
3	2962383	2963177
3	454357	455655
3	1924803	1926863
3	3886753	3888168
3	3888259	3889506
3	775565	776830
3	776963	778255
3	3176137	3177618
3	774376	775068
3	775072	775500
3	1309113	1309832
3	1329072	1331669
3	4108763	4109530
3	1286310	1286399
3	1244902	1246599
3	1490494	1492134
3	3434540	3435916
3	1421806	1423263
3	4031168	4032619
3	4160193	4161293
3	2742594	2743361
3	1314440	1315246
3	1315246	1316439
3	1316451	1317809
3	1317813	1319408
3	1319408	1320970
3	4630783	4631109
3	3510656	3511660
3	3963784	3964113
3	930308	931273
3	190857	191708
3	4589680	4591335
3	430353	431237
3	1682283	1683212
3	2736970	2738091
3	4265137	4266330
3	1987705	1988916
3	1384744	1386285
3	1713972	1715246
3	2426079	2426648
3	4014454	4015215
3	3588047	3588934
3	3589032	3590348
3	3586133	3587203
3	3587205	3588050
3	3585393	3586136
3	3848159	3848749
3	3846657	3848159
3	3845328	3846647
3	3843799	3845190
3	1692284	1694095
3	1230409	1231677
3	1229990	1230409
3	2714776	2715465
3	2433658	2434671
3	504138	505790
3	4269072	4271894
3	812749	814770
3	1990898	1992730
3	3996006	3998168
3	1607253	1608704
3	4549659	4550843
3	4479005	4481860
3	2028472	2028942
3	3994310	3995206
3	3036134	3036844
3	3036869	3037765
3	2632254	2633624
3	3727466	3728788
3	3725940	3727394
3	4238802	4240277
3	18715	19620
3	21407	22348
3	25826	26275
3	26277	27227
3	27293	28207
3	60358	63264
3	89634	90092
3	90094	91035
3	91032	91397
3	107705	108217
3	122092	122856
3	136570	136917
3	178455	179153
3	256527	257771
3	406203	406394
3	414974	416176
3	423561	424142
3	426511	426843
3	429829	430176
3	440325	440567
3	475896	476249
3	493300	493629
3	498238	499197
3	499349	500653
3	563071	563703
3	621523	622773
3	628523	628936
3	631405	631602
3	738224	738733
3	764376	765098
3	773975	774379
3	921589	921813
3	925951	926655
3	1029982	1030641
3	1039668	1039760
3	1116030	1117082
3	1121936	1122496
3	1144163	1145122
3	1146017	1146538
3	1207740	1208342
3	1309872	1310270
3	1310375	1310914
3	1310944	1311687
3	1312044	1312682
3	1312742	1313248
3	1313294	1313794
3	1313880	1314059
3	1340682	1341008
3	1642675	1642926
3	1643143	1643298
3	1643370	1643657
3	1944275	1944877
3	1945435	1946175
3	1946204	1946656
3	1988978	1989643
3	1992727	1993383
3	2027563	2028483
3	2332978	2334666
3	2337589	2338311
3	2442773	2443582
3	2513665	2515854
3	2519615	2520499
3	2589269	2589625
3	2597928	2598500
3	2599223	2599840
3	2735176	2735517
3	2741647	2742129
3	2743392	2743940
3	2960463	2960786
3	2960771	2961178
3	2961175	2961738
3	2977965	2978657
3	3054263	3054811
3	3066195	3066830
3	3066969	3067829
3	3071998	3072711
3	3072708	3073217
3	3177766	3178437
3	3178443	3179603
3	3179641	3180429
3	3180572	3181345
3	3204485	3205396
3	3205393	3205998
3	3207552	3208565
3	3260474	3261682
3	3265876	3266415
3	3266437	3267624
3	3268647	3269792
3	3269889	3270773
3	3309855	3310799
3	3310799	3311200
3	3315576	3316028
3	3436046	3436456
3	3464819	3465013
3	3483436	3483840
3	3514042	3515328
3	3584966	3585406
3	3724947	3725384
3	3764360	3765202
3	3790849	3791706
3	3794002	3794961
3	3807848	3808327
3	3812517	3813113
3	3814699	3815562
3	3815783	3816607
3	3826968	3828359
3	3874163	3874975
3	3875090	3875488
3	3883099	3884745
3	3911853	3913223
3	3924035	3924478
3	3993606	3994313
3	3995206	3995922
3	4048156	4048788
3	4163451	4164308
3	4170080	4171108
3	4211257	4211640
3	4211703	4212146
3	4218324	4220510
3	4238348	4238758
3	4325158	4327386
3	4380666	4381643
3	4404213	4404638
3	4597718	4598212
3	4599647	4600120
3	4633544	4634017
3	4634030	4634719
3	1489701	1489874
3	1932863	1934338
3	2144716	2145564
3	4154873	4156246
3	2019528	2019893
3	4363495	4364796
3	81958	83529
3	1545425	1548472
3	1548485	1549369
3	1549362	1550015
3	4338743	4339651
3	3440640	3440756
3	1680906	1682207
3	830095	831459
3	331595	332683
3	3465182	3467875
3	806656	807132
3	796836	797654
3	1489946	1490095
3	944154	944780
3	945094	946242
3	3065362	3066102
3	3073239	3074204
3	1395696	1396646
3	2911721	2913022
3	2908778	2909113
3	4446470	4446721
3	1266543	1267352
3	974845	975549
3	980270	982117
3	667471	667938
3	667942	668259
3	400610	400870
3	402927	404042
3	952832	953689
3	4404677	4407118
3	3946472	3947992
3	890407	891129
3	3490590	3491771
3	3451530	3451949
3	960424	961107
3	3787070	3788104
3	3725430	3725771
3	3432236	3433183
3	2088020	2088070
3	3948345	3948443
3	2735621	2735668
3	1321062	1321106
3	3850913	3851011
3	3886458	3886532
3	190	255
3	4470422	4470556
3	83622	83708
3	4395435	4397282
3	2599840	2601858
3	202101	202556
3	2685491	2686825
3	4151719	4152870
3	2854475	2854828
3	409368	410276
3	2233287	2234522
3	2239832	2240989
3	3079935	3080693
3	3147684	3148568
3	1262100	1262723
3	1261249	1262100
3	3967054	3968100
3	4623935	4625317
3	4041441	4042067
3	3395807	3396400
3	3394348	3395817
3	1646532	1646687
3	1646689	1646817
3	1646847	1647065
3	1647818	1648009
3	658170	658373
3	658474	659439
3	1472245	1473105
3	1473168	1475474
3	3408302	3409267
3	3809914	3810582
3	4097514	4098548
3	1189839	1191209
3	3401506	3402480
3	3735520	3737550
3	1148951	1149880
3	1149893	1150627
3	1290680	1291588
3	432226	432675
3	432679	433782
3	433871	434341
3	3052888	3053466
3	3050362	3051540
3	1333855	1336530
3	355395	356678
3	354146	355405
3	2654770	2655105
3	2789295	2790743
3	2792275	2793675
3	1336594	1337184
3	2618268	2618894
3	3049137	3050339
3	3817511	3819193
3	4625338	4626570
3	3088369	3089076
3	2245085	2246554
3	1113030	1113404
3	3803966	3805090
3	3803176	3803973
3	3805087	3806121
3	1297821	1298468
3	1113487	1114713
3	1191890	1192996
3	1191213	1191854
3	2010724	2011038
3	2011253	2012911
3	3882839	3883096
3	3802204	3803139
3	3801081	3802160
3	3800062	3801081
3	3799006	3800022
3	2809449	2810621
3	1999094	1999813
3	1998497	1999048
3	832293	834443
3	3333257	3334516
3	3463565	3464242
3	3734376	3735200
3	2137783	2139636
3	159186	160112
3	4394088	4395425
3	3898627	3900243
3	4632464	4633333
3	2913079	2915835
3	2373984	2374841
3	4250529	4251026
3	4251039	4251911
3	2695937	2696572
3	2695376	2695879
3	2693823	2695379
3	157253	157732
3	2241006	2241674
3	3159279	3160691
3	3160766	3161503
3	1038519	1039655
3	1036963	1038507
3	3189761	3189961
3	3347828	3348481
3	638168	638731
3	638976	640541
3	2004180	2005667
3	2003327	2003737
3	2003737	2004102
3	3638134	3638568
3	4609419	4610024
3	1232399	1233940
3	1231723	1232253
3	4159147	4159794
3	4159794	4160153
3	4023011	4024504
3	3654431	3654763
3	3653989	3654315
3	3653278	3653925
3	402505	402825
3	4461077	4462732
3	2623137	2624678
3	1255944	1257035
3	928419	930185
3	1740625	1741266
3	1236794	1238092
3	1238102	1239172
3	967589	968575
3	4455337	4455888
3	185978	188650
3	669797	670828
3	4481860	4482303
3	4605826	4606239
3	847631	848134
3	4458545	4460683
3	2139658	2140239
3	2276592	2277782
3	357015	357914
3	2346844	2347494
3	3796262	3797335
3	3794971	3796230
3	3798290	3798988
3	3797368	3798219
3	3077666	3079657
3	4157413	4158813
3	4187809	4188348
3	1186342	1187463
3	2516489	2516833
3	2516835	2517227
3	4439561	4440199
3	1617598	1617981
3	1617144	1617578
3	4493213	4494232
3	1146844	1147914
3	1145234	1145818
3	2810638	2812176
3	3431712	3432221
3	3641163	3643205
3	3047595	3048689
3	3056688	3057347
3	3058872	3061016
3	3061009	3062004
3	2816983	2817168
3	4283436	4285394
3	3945151	3945990
3	3946109	3946447
3	3968156	3969286
3	3969283	3970545
3	3970545	3971612
3	3971631	3972512
3	3972490	3973164
3	3973169	3974299
3	3976624	3977976
3	3977979	3978719
3	3978910	3980295
3	2583753	2585453
3	3998315	3999079
3	3999449	4000399
3	4000442	4000822
3	4000836	4001216
3	4001311	4002201
3	4002253	4002720
3	4005780	4006400
3	4006462	4007082
3	4008223	4009023
3	4009099	4009998
3	4015356	4016783
3	4016878	4017633
3	4017647	4018252
3	4018249	4019889
3	4019968	4020237
3	4020759	4021535
3	4021577	4022359
3	4030515	4031129
3	4032631	4033176
3	3974301	3975551
3	1715375	1716031
3	1716090	1716419
3	1103670	1104125
3	4255765	4257144
3	4261271	4262254
3	1152523	1153332
3	1153335	1154357
3	3655018	3655590
3	3407092	3407973
3	3409675	3410559
3	3329792	3330757
3	1154985	1155989
3	4336277	4338544
3	219591	219995
3	218887	219594
3	220113	220928
3	1923132	1923362
3	3323023	3324957
3	3325057	3325686
3	1553850	1553987
3	2621066	2623132
3	9306	9893
3	9928	10494
3	11382	11786
3	3359198	3359962
3	3360134	3360808
3	1234932	1236464
3	4112592	4113602
3	4111749	4112495
3	3616611	3617012
3	3621422	3621805
3	728357	728563
3	732999	733325
3	734873	735442
3	737315	738076
3	2288522	2289169
3	1348275	1349063
3	4120403	4121362
3	1886085	1887770
3	1739437	1740585
3	2373022	2373984
3	1258014	1258292
3	3865032	3865445
3	3864492	3864920
3	3862635	3864296
3	1125380	1126027
3	2710049	2710786
3	191855	192580
3	1066335	1066931
3	518363	518989
3	4195739	4196803
3	3656389	3656916
3	1139256	1140209
3	117752	118645
3	1726371	1727018
3	1727111	1731727
3	1185067	1186293
3	2833195	2835447
3	2835600	2836127
3	3320755	3322092
3	2796113	2796517
3	6529	7959
3	8238	9191
3	35377	36162
3	36271	37824
3	37898	39115
3	39244	40386
3	40417	41931
3	42403	43173
3	43188	44129
3	44180	45466
3	45463	45750
3	45807	47138
3	47246	47776
3	54755	57109
3	57364	58179
3	71351	72115
3	72229	72927
3	72911	74521
3	74497	75480
3	78848	79453
3	79464	80864
3	80867	81958
3	3534834	3535310
3	831691	832173
3	834471	835433
3	835574	836659
3	533140	534921
3	534934	535710
3	4192227	4194122
3	4191592	4192227
3	4190844	4191599
3	4189888	4190658
3	4188758	4189891
3	660860	661501
3	661602	661865
3	659648	660601
3	816267	817256
3	817278	817790
3	818271	818516
3	818518	818970
3	1618013	1618231
3	2650516	2651361
3	2652179	2652955
3	3194823	3197663
3	3197686	3198987
3	3430458	3431582
3	3430013	3430486
3	1307040	1308293
3	1308593	1308889
3	1305209	1306669
3	2481777	2482391
3	2482396	2485989
3	4328525	4330027
3	4331970	4333613
3	4330204	4331295
3	4331305	4331973
3	4374898	4375215
3	2160900	2162303
3	2162300	2163022
3	1169741	1173187
3	1345002	1346936
3	221614	222645
3	468095	469867
3	2927598	2928965
3	902229	902957
3	901480	902211
3	900757	901473
3	900089	900757
3	899067	899798
3	893007	894119
3	894214	895347
3	895357	896310
3	896307	897152
3	1616267	1616932
3	1618262	1619161
3	1619356	1620543
3	1622129	1622521
3	2256377	2257318
3	208621	209580
3	229167	229970
3	229967	230881
3	231122	231922
3	231926	232549
3	3380222	3381289
3	3991762	3992082
3	2012904	2013899
3	2013892	2014578
3	518957	519643
3	1690914	1692287
3	2005701	2006114
3	2006301	2007506
3	2007503	2007736
3	3475929	3476519
3	3475662	3475880
3	3201332	3202153
3	817793	818278
3	2318065	2319891
3	2319888	2321273
3	2321469	2322131
3	2322131	2322781
3	2322778	2324100
3	2324131	2325315
3	3202243	3202611
3	3202716	3203333
3	148807	149601
3	4119780	4120310
3	791539	793011
3	149715	150953
3	2971877	2974036
3	3341966	3342691
3	3344195	3344482
3	3344600	3345091
3	3816897	3817514
3	3828480	3830189
3	3830242	3832560
3	3832570	3833952
3	3834976	3836160
3	3836271	3837194
3	3838572	3839762
3	3839973	3840425
3	3840478	3841812
3	3841987	3843753
3	3851945	3853129
3	3853137	3853634
3	3853631	3853993
3	3853983	3854330
3	3854438	3854887
3	787020	788060
3	786066	786818
3	782389	783108
3	2140331	2140972
3	4194926	4195699
3	483650	484843
3	480478	483627
3	3854934	3856427
3	3856424	3858139
3	3858306	3859199
3	3861922	3862638
3	3865751	3866083
3	3866085	3867299
3	3867400	3868464
3	3868461	3869753
3	3871018	3871635
3	3871619	3872497
3	3872494	3873183
3	3873461	3874117
3	3889638	3890813
3	3890788	3891747
3	3891904	3892653
3	3892675	3893241
3	3893295	3894632
3	3894797	3895462
3	3895529	3895996
3	3896045	3896632
3	3896694	3897416
3	3897431	3898600
3	3938658	3939350
3	1084215	1085279
3	1082599	1083870
3	222833	223408
3	220968	221621
3	4194355	4194831
3	590164	592401
3	587205	590177
3	3410825	3411487
3	1575681	1577366
3	1573271	1575643
3	147944	148795
3	146314	146694
3	146968	147870
3	145081	146310
3	3541189	3542067
3	1978212	1979636
3	1979611	1980411
3	1269972	1271072
3	77621	78799
3	2033859	2034710
3	349236	350405
3	4393608	4394069
3	1326378	1327136
3	1527946	1528428
3	1531076	1531309
3	3759370	3759978
3	3766200	3766661
3	3768266	3769402
3	3769405	3769767
3	3623702	3624826
3	529356	530450
3	526805	527173
3	2389534	2391063
3	2398240	2399577
3	710828	711121
3	711261	712025
3	3100155	3100874
3	4285787	4287223
3	2752918	2753400
3	2754181	2755422
3	2714088	2714471
3	2712461	2713342
3	2715513	2716550
3	2125217	2126338
3	2124249	2125214
3	2123767	2124246
3	2122547	2123770
3	3076909	3077352
3	3075493	3076881
3	2939258	2939653
3	2938165	2939265
3	2939672	2940589
3	4621124	4622140
3	2576688	2577638
3	114522	115724
3	3142176	3143162
3	3141008	3142186
3	3139308	3141011
3	3138814	3139308
3	3138333	3138821
3	3137999	3138340
3	3137738	3137986
3	1927072	1927731
3	1928058	1928414
3	1928481	1928771
3	1928905	1930083
3	3044190	3047063
3	4412298	4413923
3	4411051	4412214
3	1058479	1061025
3	1057307	1058479
3	2869323	2869802
3	2867535	2868296
3	1287005	1287847
3	1117124	1117699
3	472190	473476
3	1362256	1363536
3	2550374	2551243
3	3151585	3152244
3	1532989	1533882
3	1041253	1043433
3	4311373	4311822
3	4038929	4039456
3	4039438	4040022
3	4040092	4040361
3	4040438	4041424
3	4042222	4043652
3	4043693	4044625
3	4049370	4049879
3	4050068	4051441
3	4056430	4058253
3	4058470	4059180
3	4059188	4060168
3	4060270	4061535
3	4062386	4063789
3	4063832	4065217
3	4065263	4067299
3	4067498	4068424
3	4068538	4069779
3	4069796	4070674
3	4070698	4071594
3	4071762	4072658
3	4072692	4073477
3	4073576	4074175
3	4074169	4075041
3	4075038	4075475
3	4075472	4076461
3	4077320	4077532
3	4077774	4077992
3	4079248	4079883
3	4079880	4080782
3	4080795	4083845
3	4084039	4084872
3	4085025	4086080
3	4086130	4087878
3	4087878	4088948
3	4088938	4090389
3	4090400	4090846
3	4091147	4091461
3	4091471	4092295
3	4092746	4094005
3	4094002	4095471
3	4099713	4100696
3	4100845	4101519
3	3511653	3512411
3	4103843	4104343
3	4104492	4105394
3	4109638	4110237
3	4110338	4110778
3	4110990	4111289
3	4111316	4111744
3	4116538	4116783
3	4116868	4117353
3	4117446	4118372
3	4118439	4119770
3	4125309	4125917
3	1498597	1499589
3	1499586	1500179
3	1108558	1110093
3	1110086	1112629
3	2716757	2717176
3	3779238	3779711
3	3652706	3653236
3	3651984	3652550
3	2077557	2078615
3	2078813	2079286
3	2079405	2080571
3	2082250	2082477
3	2082491	2083549
3	2083728	2085086
3	2707459	2708034
3	1412008	1412817
3	1411757	1411951
3	1411555	1411764
3	4134131	4135036
3	4135063	4135680
3	4135955	4137058
3	4137069	4137731
3	4137743	4140244
3	4140553	4141632
3	4141647	4141967
3	4142018	4144315
3	4144281	4145159
3	4145161	4145502
3	4145489	4146340
3	4146555	4148288
3	4196813	4197484
3	4197527	4198117
3	4198589	4199284
3	4199286	4199711
3	4225754	4227385
3	4227476	4228165
3	4228377	4229249
3	4229382	4229654
3	4233929	4234171
3	4234285	4234923
3	4234920	4235657
3	4235657	4237753
3	4257260	4257469
3	4257511	4258026
3	4258344	4258598
3	4258622	4259329
3	4259737	4260729
3	4260863	4261105
3	4267437	4268150
3	4268261	4268677
3	4268681	4269037
3	4272783	4273064
3	4273494	4275080
3	4276502	4277851
3	4278003	4279652
3	4279806	4281098
3	4281276	4282925
3	4282922	4283236
3	4287268	4287834
3	4287831	4288502
3	4288499	4289455
3	4289535	4291193
3	4291186	4291569
3	4291566	4292162
3	4294459	4295148
3	4297587	4299053
3	4299050	4301101
3	4301101	4302132
3	4302635	4304620
3	4304893	4305822
3	4305806	4306501
3	4306512	4307492
3	4307471	4309003
3	3512404	3513081
3	3775422	3777077
3	3777077	3777853
3	3777850	3779040
3	3774688	3775050
3	3773595	3774182
3	4335191	4335952
3	1137601	1139244
3	3436453	3436671
3	3436727	3437152
3	3437163	3437531
3	2511064	2512266
3	152829	155426
3	155461	156201
3	4541751	4542290
3	2019893	2020630
3	2020640	2020909
3	2020917	2021702
3	2108162	2109043
3	2107605	2108162
3	2106361	2107608
3	2105250	2106353
3	2104084	2105250
3	2103089	2104081
3	2102518	2103108
3	2101415	2102533
3	2185402	2186436
3	2186452	2188932
3	2188948	2189667
3	2189702	2190244
3	2190537	2190818
3	2198301	2201933
3	2201994	2202311
3	2202618	2203706
3	2203717	2205996
3	2205989	2207125
3	2209247	2209708
3	2209748	2210218
3	2210265	2210984
3	2210981	2212666
3	2212888	2213619
3	2213767	2214498
3	2214503	2215429
3	2215422	2216579
3	2216586	2217503
3	2217714	2220011
3	2221960	2222892
3	2223066	2223653
3	2223823	2224401
3	2224531	2225292
3	2227460	2228407
3	2228646	2229044
3	2229041	2229736
3	2230900	2231619
3	2241932	2242768
3	2247739	2248788
3	2249722	2250810
3	2250917	2252167
3	2252267	2253208
3	2253377	2254036
3	2254107	2255357
3	2255451	2256389
3	2261885	2263066
3	2263472	2264044
3	2264267	2265733
3	2270386	2272200
3	2272201	2273295
3	2273295	2274320
3	2274322	2275911
3	2275915	2276259
3	2282151	2282378
3	2277810	2278505
3	2278654	2280414
3	2280962	2281969
3	2282398	2284158
3	2289380	2290432
3	2290429	2290986
3	2290983	2292926
3	2292923	2293402
3	2293605	2294342
3	2294384	2295046
3	2295043	2295666
3	2295679	2296281
3	2296291	2296740
3	2296737	2297600
3	2297587	2298282
3	2298289	2300775
3	2301025	2301519
3	2303130	2304776
3	2304994	2306637
3	2308501	2309556
3	16751	16960
3	3611690	3613264
3	3613264	3614208
3	3614205	3615038
3	3615038	3615802
3	3615799	3616605
3	2820161	2820661
3	2961729	2962199
3	2402651	2403094
3	2401973	2402635
3	2400077	2401867
3	2399574	2400074
3	2395461	2398187
3	2394487	2395464
3	2393930	2394472
3	2393364	2393918
3	2393065	2393367
3	2391227	2393068
3	2388070	2389527
3	75644	77299
3	3320195	3320527
3	4446715	4447065
3	2732325	2733056
3	2733053	2734033
3	4373722	4374288
3	2577658	2579661
3	3538185	3538412
3	3538429	3540750
3	2265851	2266837
3	2246759	2247640
3	115714	117099
3	117109	117549
3	2828797	2830311
3	1485259	1486059
3	2865636	2866775
3	2756666	2756878
3	3517487	3518725
3	4607437	4609026
3	4606669	4607346
3	484985	485632
3	1287897	1288355
3	1288468	1289373
3	1289465	1290478
3	3087777	3088274
3	2403725	2404663
3	2424028	2424810
3	2423252	2423938
3	727955	728044
3	4462782	4464203
3	2963184	2964059
3	2616893	2618182
3	2655107	2656957
3	2656974	2657489
3	2657585	2657908
3	2541854	2542645
3	848433	849320
3	849673	850188
3	2159488	2160903
3	215269	215979
3	216179	217003
3	2686815	2687528
3	1736890	1737822
3	1737935	1739146
3	2926251	2927540
3	2300772	2301035
3	712781	714421
3	3345137	3345991
3	3345988	3346260
3	3086306	3087700
3	1669400	1669708
3	2062503	2063246
3	2061412	2062491
3	4492646	4493209
3	1540696	1542084
3	1416695	1417183
3	1416032	1416253
3	1417180	1417335
3	408332	409243
3	407401	407685
3	3433229	3434518
3	4631820	4632467
3	973542	974864
3	971845	972624
3	972760	973545
3	418815	420134
3	2293399	2293608
3	4613538	4615088
3	1161108	1161467
3	3463104	3463565
3	1417346	1417480
3	4360756	4361331
3	4363041	4363379
3	4361368	4363065
3	656515	656724
3	655780	656340
3	1731778	1732125
3	452813	453391
3	451294	452769
3	3175303	3175932
3	3174880	3175302
3	3173447	3174028
3	3174028	3174855
3	2964210	2966456
3	2551247	2552146
3	2552152	2553204
3	471822	472160
3	2748853	2749731
3	1062078	1062998
3	1061773	1062078
3	1061022	1061621
3	1063259	1064515
3	712210	712755
3	2145698	2147050
3	2797672	2798016
3	4464322	4465269
3	1639363	1639578
3	1905250	1905459
3	1639879	1640091
3	1904275	1905084
3	656778	657161
3	3792952	3793998
3	3596007	3596390
3	3603002	3603271
3	3603274	3603633
3	3603774	3604400
3	3604474	3606672
3	3606774	3607019
3	3607240	3607905
3	3607978	3608535
3	3608539	3609756
3	3609888	3610937
3	3610992	3611579
3	3624826	3627561
3	3627558	3628625
3	3628991	3630613
3	3632864	3633916
3	3634231	3635433
3	3635665	3637164
3	3637408	3637743
3	3638885	3640354
3	3640403	3641155
3	3643408	3644250
3	3646551	3646904
3	3646958	3648247
3	3648260	3648685
3	3657255	3658412
3	3658437	3661550
3	3661913	3662641
3	3663009	3663833
3	3665814	3667211
3	3667615	3669264
3	3669315	3669917
3	3670437	3671336
3	3671385	3672398
3	3672809	3674131
3	3674313	3676373
3	3676443	3677210
3	3677442	3678371
3	3678467	3679963
3	3681653	3683641
3	3683723	3687196
3	3687178	3688284
3	3688291	3690630
3	3690641	3693259
3	3694020	3694208
3	3694481	3696052
3	3696049	3696240
3	3696237	3697916
3	3698586	3699857
3	3706807	3708498
3	3708822	3710030
3	3710259	3710957
3	3711675	3712115
3	3714570	3715229
3	3715333	3716307
3	3716357	3717067
3	3723910	3724905
3	3730224	3731765
3	3731743	3732924
3	3739707	3740555
3	3740756	3741754
3	3741766	3742233
3	3742351	3742824
3	3742827	3744104
3	3744117	3745103
3	3745107	3746603
3	3746600	3747262
3	3747255	3748115
3	3748109	3748804
3	3749151	3749891
3	3750015	3750989
3	3750986	3752122
3	3752128	3752451
3	3752996	3754534
3	3754699	3755850
3	3782214	3782465
3	3782607	3783038
3	3783283	3784827
3	3784861	3786120
3	3786124	3787083
3	1073465	1074103
3	1154347	1154988
3	1156000	1156797
3	1350660	1351652
3	1349852	1350658
3	1023125	1023571
3	1025780	1026238
3	2696781	2697629
3	4638965	4639651
3	2653097	2654380
3	2654558	2654758
3	112599	113219
3	111856	112599
3	111649	111846
3	137083	138633
3	142008	142670
3	142779	143705
3	143702	144472
3	144577	145017
3	2354926	2355825
3	151003	151599
3	151626	152231
3	152243	152812
3	156299	156883
3	162105	164534
3	161501	162031
3	175107	176528
3	176610	176954
3	177001	177624
3	177662	178462
3	182463	183620
3	183709	184095
3	184257	185069
3	280053	281207
3	276980	278026
3	2706776	2707426
3	4619792	4621123
3	4626878	4628545
3	1364959	1365936
3	3718471	3718623
3	1995086	1995838
3	3957555	3957836
3	3992545	3992748
3	214833	215255
3	3556290	3557888
3	992500	993267
3	751452	752018
3	2346536	2346790
3	2980519	2981280
3	2377370	2378665
3	3183436	3183987
3	3482512	3483381
3	3089156	3089887
3	597937	601080
3	1941438	1942223
3	1198902	1200029
3	3306062	3306946
3	2929077	2929832
3	2924330	2925694
3	3489475	3489642
3	963543	965807
3	2524968	2525966
3	1948856	1949422
3	1949419	1950237
3	3544581	3545897
3	2801524	2802483
3	4366687	4367163
3	549662	550555
3	2311510	2314182
3	2793696	2794358
3	2788004	2789272
3	562553	563068
3	4536808	4537524
3	1787637	1787828
3	1258347	1260026
3	3206046	3207509
3	773532	773825
3	2141290	2144607
3	1003170	1003880
3	1246919	1248337
3	1741481	1742854
3	2641151	2642305
3	1271342	1271572
3	1271730	1272425
3	1272469	1272822
3	1273007	1274401
3	829195	829866
3	865791	866756
3	2581568	2583547
3	2580925	2581500
3	2109101	2110000
3	2110000	2111085
3	2464567	2465724
3	2172619	2173071
3	2172304	2172588
3	2170945	2172300
3	2169857	2170897
3	2173081	2174343
3	2174372	2175226
3	2463323	2464255
3	837413	837679
3	836888	837148
3	387019	387870
3	1265317	1266150
3	2165326	2165544
3	794312	795085
3	479558	479932
3	1359935	1360492
3	1324876	1325751
3	3199229	3199849
3	196546	197898
3	2371670	2373025
3	2374856	2375614
3	4451606	4452601
3	4453808	4455181
3	2746796	2748082
3	3099829	3100155
3	1166822	1167361
3	2713445	2714032
3	2739382	2739747
3	1654208	1654768
3	586314	587204
3	2445530	2446462
3	2831934	2833067
3	1651951	1653165
3	1650920	1651939
3	4476496	4476912
3	505827	506306
3	2970691	2971884
3	1687876	1689384
3	4309130	4310065
3	4310124	4311014
3	4327383	4328261
3	4333717	4335054
3	4342952	4343581
3	4347338	4348057
3	4348054	4349685
3	4349866	4350096
3	4350108	4350380
3	4350607	4350903
3	4352977	4354434
3	4367179	4368435
3	4370832	4371185
3	4371388	4372257
3	4372652	4373680
3	4375212	4375745
3	4381862	4383364
3	4383416	4383730
3	4383727	4384041
3	4384070	4387393
3	4388480	4389532
3	4389627	4390172
3	4390951	4392090
3	4402409	4402606
3	4407298	4408029
3	4408156	4408557
3	4408576	4409274
3	4409325	4409984
3	4410002	4410400
3	4410410	4411048
3	4414464	4414793
3	4414975	4415724
3	4415721	4416476
3	4416584	4417648
3	4418003	4419400
3	4419416	4419721
3	4419731	4420195
3	4420209	4420859
3	4420869	4421723
3	4421723	4422409
3	4422539	4422814
3	4424651	4425445
3	4426102	4426740
3	4426958	4427578
3	4427887	4429299
3	4429344	4430006
3	4430114	4431079
3	4431187	4432047
3	4432136	4432516
3	4435730	4436668
3	4436731	4437285
3	4437610	4437816
3	4437895	4439238
3	4440405	4442138
3	4442135	4445914
3	4445917	4446258
3	4447985	4448941
3	4449081	4450583
3	4450594	4451619
3	4414040	4414315
3	3273304	3274875
3	4457923	4458387
3	4468550	4468936
3	4465648	4468344
3	4470837	4471232
3	4471363	4472076
3	4472147	4472740
3	4472885	4473337
3	4473460	4475274
3	4477057	4477560
3	4477753	4478949
3	4484241	4485341
3	4485341	4486423
3	4486584	4488086
3	4488164	4489162
3	4489229	4490548
3	4490610	4491374
3	4491398	4492429
3	4502081	4503298
3	4503310	4504428
3	4518694	4520043
3	4520150	4522117
3	4522128	4523033
3	4523038	4523826
3	4524129	4524911
3	4524928	4525560
3	4525572	4526003
3	4526134	4526940
3	4526953	4528266
3	4528553	4529674
3	4530460	4531206
3	4531262	4531807
3	4534637	4535617
3	4535682	4536788
3	4547976	4549319
3	4553513	4554343
3	4555016	4555408
3	4555401	4556312
3	4556377	4557549
3	4557562	4558023
3	4558020	4558703
3	4558953	4559507
3	4559520	4560698
3	4560766	4561626
3	4561945	4562712
3	4562722	4563873
3	4563989	4565269
3	4565310	4566542
3	4568185	4569597
3	4569774	4569938
3	4577522	4577863
3	4586899	4587102
3	4587152	4589302
3	4591384	4592745
3	4592960	4593874
3	4594013	4595035
3	4595173	4597464
3	4600111	4600881
3	4601500	4602225
3	4602333	4602860
3	4602898	4603686
3	4604692	4605723
3	4610434	4611507
3	4611504	4612283
3	4612703	4613566
3	4631256	4631768
3	4638425	4638565
3	4499283	4499612
3	4517361	4518347
3	134388	134750
3	1151162	1152403
3	2415103	2416623
3	34781	35371
3	59687	60346
3	3378765	3380132
3	1712401	1713006
3	3378213	3378611
3	1056485	1057177
3	1055484	1056512
3	1052657	1055401
3	3341402	3341959
3	604741	605109
3	602639	603886
3	1103174	1103629
3	1550852	1551862
3	500786	502462
3	3717501	3717791
3	3702794	3703813
3	3701882	3702784
3	3700888	3701871
3	3699887	3700891
3	3575088	3575615
3	3575754	3576749
3	3573744	3575084
3	2882575	2885241
3	2022659	2022847
3	642780	643190
3	2534408	2535259
3	2535364	2535738
3	2112526	2113920
3	2113931	2115151
3	1349431	1349784
3	3170552	3171133
3	3171164	3171478
3	1117703	1118269
3	685152	685892
3	684478	685152
3	683753	684478
3	1129058	1129351
3	1128637	1129053
3	552441	553163
3	1694486	1695076
3	1689610	1690875
3	1118691	1119809
3	1120465	1120710
3	2371294	2371560
3	1386329	1386835
3	1433209	1433643
3	2794359	2794808
3	197928	200360
3	2658339	2659553
3	1939675	1940607
3	1997609	1998409
3	2060415	2061347
3	640662	641090
3	936595	937206
3	3039335	3040315
3	2069563	2072682
3	1122630	1123277
3	1112802	1113029
3	937217	938560
3	1338582	1339751
3	631612	632700
3	1894194	1894772
3	3203346	3204278
3	1480279	1480884
3	3037877	3038398
3	2821871	2822368
3	2822513	2823598
3	686062	686970
3	682700	683635
3	948891	949481
3	1066087	1066314
3	3096580	3097587
3	3098926	3099645
3	2871036	2871359
3	555255	555776
3	2026473	2027390
3	2030408	2031103
3	2812240	2812755
3	1544312	1545193
3	193521	194717
3	3212989	3213495
3	3217516	3218895
3	3218937	3219269
3	3224256	3225689
3	3225823	3226893
3	3226910	3229261
3	3229687	3231705
3	3231750	3232166
3	3232163	3232477
3	3232761	3233897
3	3233982	3234485
3	3234562	3235254
3	3235333	3236319
3	3236602	3237567
3	3237966	3239210
3	3239215	3239766
3	3239849	3241336
3	3241351	3242763
3	3243126	3244544
3	3244674	3245450
3	3245795	3246457
3	3246461	3246844
3	3246991	3247359
3	3247397	3247702
3	3247705	3248109
3	3248584	3248976
3	3249046	3250032
3	3250326	3250691
3	3250933	3251289
3	3251340	3252236
3	3252341	3253042
3	3253065	3253229
3	3253363	3254673
3	3254701	3256032
3	3256307	3257671
3	3257743	3258132
3	3258146	3260440
3	3271595	3272929
3	3275359	3275823
3	3275878	3276687
3	3276936	3278216
3	3278239	3278712
3	3279998	3281152
3	3281165	3282025
3	3282192	3282668
3	3282707	3283510
3	3283500	3284291
3	3284292	3285047
3	3285448	3286032
3	3286112	3286807
3	3286836	3289352
3	3289363	3290454
3	3290497	3291357
3	3291422	3293458
3	3293416	3293811
3	3293831	3294421
3	3294431	3295006
3	3295120	3296160
3	3296233	3296868
3	3296996	3297514
3	3297494	3297937
3	3297988	3298290
3	3298277	3298780
3	3298774	3299298
3	3299507	3300502
3	3300511	3301389
3	3301470	3302477
3	3318010	3319635
3	3325812	3326105
3	3328604	3329776
3	3334571	3334825
3	3334985	3335278
3	3335278	3335913
3	3335932	3336483
3	3336488	3337270
3	3337278	3338087
3	3338297	3339274
3	3339288	3340274
3	3340295	3340861
3	3340858	3341433
3	3346474	3347106
3	3347103	3347831
3	3351143	3352072
3	3360829	3363210
3	3364948	3365664
3	3365849	3366976
3	3367036	3367500
3	3367497	3368372
3	3368369	3369058
3	3371720	3372511
3	3372891	3374258
3	3376892	3378019
3	3383560	3383823
3	3383879	3384151
3	3384243	3386210
3	3386216	3387148
3	3387156	3387359
3	3387542	3388471
3	3388605	3390050
3	3390480	3394280
3	489334	489495
3	3405397	3405639
3	3410643	3410822
3	3416412	3416633
3	3418156	3419337
3	3419347	3420450
3	3420458	3421216
3	3427258	3427812
3	3427788	3428045
3	3428865	3429437
3	3429442	3429984
3	890136	890423
3	490106	490483
3	2087486	2087737
3	2876591	2876875
3	2338439	2342191
3	674241	674723
3	1398271	1399797
3	778821	779612
3	1017708	1018160
3	2722150	2722473
3	1494880	1496535
3	1934676	1935545
3	1993842	1994066
3	1977777	1978205
3	1987275	1987514
3	1496675	1496899
3	1912860	1913558
3	394354	395511
3	1328441	1328692
3	719806	720063
3	1383535	1384596
3	431536	432075
3	805221	806504
3	1029562	1029891
3	1206724	1207353
3	3053634	3053963
3	555884	556096
3	2740405	2741631
3	3134685	3136544
3	3132894	3134393
3	3457839	3459035
3	3459045	3459482
3	3459490	3459999
3	3451951	3453420
3	3453600	3454415
3	3454399	3456351
3	3456361	3457842
3	3459996	3460373
3	3460366	3460953
3	3460946	3461929
3	3461944	3463107
3	3472700	3472987
3	3472995	3473354
3	3473354	3473740
3	3473740	3474462
3	3474629	3475441
3	2493667	2494587
3	3478629	3479183
3	3479311	3481224
3	3481224	3482246
3	3482240	3482458
3	3484813	3486915
3	3497470	3497637
3	3497932	3499269
3	3499290	3500312
3	3500362	3501192
3	3501189	3501974
3	3502074	3502805
3	3502957	3504042
3	3504054	3505358
3	3505370	3505723
3	3505734	3506612
3	3506609	3507835
3	3507835	3508998
3	3509082	3509444
3	3509461	3510366
3	3518637	3519041
3	3519031	3519471
3	3519455	3519994
3	3519994	3520773
3	3523611	3524171
3	3524491	3526626
3	3526691	3527359
3	3527370	3527771
3	3527796	3528674
3	3528737	3530461
3	3535407	3537728
3	3540750	3540986
3	3542904	3543587
3	3543646	3544221
3	1481085	1484987
3	3553855	3554871
3	3554875	3556101
3	2808366	2808701
3	3573094	3573687
3	3576973	3577668
3	3577791	3578828
3	3579161	3579649
3	3579886	3581064
3	3582782	3583066
3	2470409	2470903
3	1667723	1668976
3	3121849	3122253
3	3213749	3214513
3	3214801	3215424
3	3215578	3217098
3	1956544	1957290
3	2506483	2507448
3	2922757	2923302
3	2830498	2831937
3	1011224	1012477
3	1012482	1014122
3	1322122	1322742
3	1322770	1324665
3	3043180	3043923
3	3062015	3062800
3	3062824	3064302
3	3064299	3065195
3	3074201	3075478
3	3092122	3093102
3	3093120	3093824
3	3093842	3094408
3	3094405	3094695
3	3094703	3095296
3	3095289	3096425
3	3102115	3102390
3	3102455	3103534
3	3107575	3108282
3	3108612	3109148
3	3111089	3111499
3	3111565	3112374
3	3112572	3117134
3	3117619	3119301
3	3123492	3124544
3	3124544	3126043
3	3126294	3127058
3	3129363	3130430
3	3130476	3131234
3	3131266	3131979
3	3132153	3132845
3	3136749	3137615
3	3143165	3144283
3	3144472	3144759
3	3145919	3146959
3	3146999	3147493
3	3152284	3153240
3	3153377	3154540
3	3154645	3155472
3	3155672	3156598
3	3156649	3156906
3	3156949	3159168
3	3164133	3165740
3	3165873	3166268
3	3166270	3166566
3	3166771	3167253
3	3167306	3167698
3	3167850	3168509
3	3168506	3169855
3	3169901	3170233
3	3182862	3183152
3	2899918	2901396
3	2902769	2903440
3	2903733	2904605
3	2989290	2989781
3	2990116	2991492
3	2991660	2991878
3	2997158	2997913
3	2998367	3000625
3	3000636	3001514
3	3001511	3001990
3	3002030	3003808
3	3004284	3005474
3	3005532	3006728
3	3006786	3007997
3	3008050	3009435
3	3009483	3010415
3	3010636	3012261
3	3012309	3013079
3	3013182	3013760
3	3014082	3017180
3	3017183	3018511
3	3018562	3019341
3	3019338	3022208
3	3022373	3023773
3	3023788	3025107
3	3025143	3026510
3	3026546	3027034
3	3027034	3028953
3	3029389	3030837
3	3031087	3031635
3	3038438	3038845
3	3038826	3039092
3	2969293	2969511
3	3040511	3041170
3	3041334	3041645
3	3041684	3043123
3	2940940	2941167
3	2941359	2942564
3	2942564	2943007
3	2943058	2943864
3	2944103	2945200
3	2945779	2947032
3	2966469	2966999
3	2968442	2969155
3	2969619	2970659
3	2981310	2982146
3	2982433	2983614
3	2983869	2985098
3	2985558	2986190
3	2986524	2987333
3	2987326	2987808
3	2857782	2858438
3	2858489	2859256
3	2859452	2860360
3	2860357	2861523
3	2861615	2862253
3	2862258	2863034
3	2863123	2864487
3	2868277	2869326
3	2869802	2870512
3	2870531	2870842
3	2876877	2877794
3	2877810	2878409
3	2878396	2879070
3	2879073	2880164
3	2880177	2880659
3	2880652	2882160
3	2890236	2890601
3	2890679	2891950
3	2891941	2892201
3	2892218	2892793
3	2892941	2893801
3	2893798	2894577
3	2894555	2895892
3	2895986	2897440
3	2897510	2898295
3	1940686	1941441
3	959487	960251
3	1009187	1011094
3	250898	251953
3	246242	246502
3	240859	243303
3	243543	244121
3	244327	245094
3	245065	245805
3	246712	247461
3	247637	248134
3	252005	252298
3	252301	252699
3	252709	253161
3	245961	246239
3	2363040	2363642
3	1665368	1666588
3	2520751	2522007
3	2523149	2523913
3	2474716	2475651
3	3083942	3084073
3	3084209	3084424
3	2916067	2917407
3	2917428	2918768
3	2918770	2920122
3	2920557	2921006
3	2921024	2921806
3	2921806	2922135
3	2923370	2924218
3	2898614	2899891
3	1984949	1985452
3	404988	405446
3	2705820	2706776
3	2705344	2705823
3	1439345	1439767
3	1439082	1439348
3	2379104	2379565
3	2378744	2379049
3	1439878	1440867
3	1363574	1364839
3	1679000	1679722
3	1680183	1680902
3	1679719	1680054
3	2752030	2752320
3	2752310	2752786
3	2755666	2756622
3	2757007	2758416
3	2758569	2759195
3	2759373	2761562
3	2761559	2763175
3	2763535	2763798
3	2763940	2765013
3	2765006	2765377
3	2765732	2766595
3	2766687	2767508
3	2767725	2768426
3	2768703	2769146
3	2769170	2769637
3	2771340	2773043
3	2773941	2774399
3	2774408	2774890
3	2775137	2775454
3	2776168	2780748
3	2697685	2697945
3	466636	467454
3	464836	466536
3	467607	468065
3	209679	211820
3	212331	213629
3	213678	213932
3	213925	214125
3	214291	214836
3	211877	212266
3	932447	936436
3	793079	793867
3	1386954	1387919
3	798845	799798
3	797809	798804
3	1051070	1051300
3	1051290	1051463
3	1051512	1052585
3	765207	767183
3	767201	769834
3	745158	745949
3	2063243	2063788
3	668519	669130
3	669154	669795
3	1985531	1985782
3	1228706	1229617
3	506510	507304
3	507442	507783
3	508099	510603
3	510865	511797
3	511800	513092
3	461139	463010
3	463161	463532
3	463626	464024
3	464076	464771
3	474603	475175
3	475206	475595
3	513217	513624
3	513625	514083
3	514080	514997
3	515143	515820
3	515807	516586
3	516649	517503
3	517564	518373
3	519640	522054
3	535810	536688
3	530519	531445
3	502700	503920
3	914575	915270
3	442828	443739
3	442275	442865
3	440773	442221
3	2987957	2988382
3	2362576	2363001
3	1952602	1955031
3	1955056	1956156
3	2007845	2008513
3	2008624	2009103
3	2480198	2481361
3	2478660	2480198
3	2486045	2487190
3	2798156	2798497
3	2798745	2798990
3	2798987	2799397
3	2795542	2796066
3	3090959	3091522
3	3091522	3091938
3	3122258	3123481
3	373092	374105
3	374683	375894
3	375996	376535
3	376759	377592
3	378830	379105
3	379293	380066
3	381963	383159
3	385431	386198
3	384456	385418
3	386195	387022
3	383283	383840
3	740298	741779
3	742050	742793
3	742816	743472
3	743466	744398
3	744388	745122
3	745946	746992
3	747144	748205
3	748202	748930
3	748945	751392
3	826468	828204
3	828197	829195
3	837753	838430
3	838472	840754
3	841019	841279
3	841555	842481
3	842478	844703
3	850237	851820
3	852406	852873
3	852870	853988
3	854047	854967
3	855186	856778
3	857019	858284
3	858436	859251
3	859397	861829
3	194903	195664
3	234027	234782
3	234816	235538
3	237335	238120
3	239419	240189
3	262914	263231
3	263972	264430
3	265334	265777
3	266408	267229
3	267321	268184
3	268513	269406
3	274549	275952
3	275939	276871
3	281481	282410
3	282425	284392
3	284619	286001
3	286013	287623
3	4603827	4604063
3	287628	288386
3	1399834	1401279
3	1401279	1402589
3	1402765	1403673
3	1404003	1404566
3	1404587	1405819
3	1406074	1407057
3	1409037	1409972
3	1410024	1411259
3	1411261	1411476
3	1418389	1418685
3	1431108	1431698
3	1432015	1432281
3	4061626	4062318
3	1433784	1434917
3	1391251	1392864
3	2041675	2042472
3	2042962	2050038
3	2054882	2055598
3	2056227	2057714
3	2072803	2074335
3	2074332	2074778
3	2074841	2075062
3	2075136	2075504
3	2075593	2075967
3	2077056	2077385
3	2085353	2086282
3	2086328	2087152
3	2645348	2650309
3	2657925	2658311
3	2840595	2841065
3	2659665	2660153
3	545904	547571
3	1957304	1957870
3	2095345	2096325
3	2096471	2097637
3	1718414	1718848
3	1717900	1718367
3	1101769	1102419
3	1101375	1101764
3	1100934	1101350
3	1100074	1100907
3	1104184	1104516
3	1342781	1344766
3	3193342	3194775
3	2663457	2664737
3	1722158	1722679
3	1722760	1723656
3	1725861	1726268
3	915696	917354
3	913181	914080
3	897741	898868
3	1379971	1380876
3	1644429	1644761
3	1161470	1161847
3	1161861	1162502
3	1162483	1163307
3	1163318	1164343
3	1164366	1164908
3	1167423	1168055
3	1168296	1168553
3	1168635	1169597
3	1173315	1174388
3	1174650	1175849
3	1175842	1176543
3	1176543	1177787
3	1177816	1178727
3	1178743	1179582
3	1179702	1180490
3	1180487	1180948
3	1193050	1193511
3	1193521	1194174
3	1196090	1196755
3	1196756	1197460
3	34300	34695
3	2660605	2661345
3	2662412	2663266
3	2664729	2665868
3	2666028	2666918
3	2667054	2668415
3	2668412	2668930
3	2668930	2669250
3	2669247	2670059
3	2670069	2671271
3	2687693	2689120
3	2671368	2671790
3	2671838	2672710
3	2672722	2673783
3	2673849	2674847
3	2674872	2676383
3	2676406	2677389
3	2677486	2680767
3	2680885	2682078
3	861835	862734
3	862865	863527
3	866743	868614
3	868634	870172
3	870190	871110
3	871113	872024
3	872202	874550
3	874558	875886
3	875933	877258
3	877471	877854
3	877965	879080
3	879077	879703
3	1866979	1868262
3	1868409	1869884
3	1872376	1872822
3	1872779	1873600
3	1873697	1874878
3	1874933	1875280
3	1875739	1876764
3	1877031	1877279
3	1877613	1877972
3	1878145	1878783
3	1879936	1881021
3	1881212	1882657
3	1882689	1883813
3	1883869	1884834
3	1887975	1888556
3	1888596	1889291
3	1889349	1891259
3	1891391	1891735
3	1892157	1892456
3	1896451	1898049
3	1898053	1899609
3	2787007	2787984
3	2795233	2795532
3	2797186	2797635
3	2807639	2808376
3	2814534	2814962
3	2814959	2815525
3	632809	633969
3	633970	634599
3	634572	635792
3	635939	636841
3	637050	637796
3	641311	642549
3	644340	645803
3	645854	646732
3	646707	647258
3	647262	648794
3	648805	649713
3	649710	650006
3	653085	653765
3	653806	655191
3	1724683	1725780
3	240343	240816
3	264844	265311
3	291546	292172
3	292444	293142
3	293169	294023
3	294363	294803
3	294920	296320
3	296994	297950
3	297960	300158
3	300155	301111
3	301108	301797
3	302215	302829
3	303719	304429
3	304398	306041
3	306031	308556
3	308582	309250
3	309308	309895
3	2134128	2135267
3	2133679	2134122
3	2131514	2133676
3	2130582	2131421
3	2130091	2130579
3	2128877	2130094
3	2127685	2128902
3	2126928	2127674
3	2126364	2126912
3	2118184	2119578
3	2116704	2118182
3	2115148	2116428
3	2111458	2112351
3	316950	317543
3	317900	319225
3	319451	320305
3	320832	321551
3	321562	322989
3	322982	323677
3	323920	324588
3	332725	333657
3	333749	334246
3	334504	335109
3	335149	336012
3	336002	337549
3	337549	338967
3	339389	340339
3	340349	341731
3	342108	343157
3	343400	344215
3	344628	344873
3	344890	345561
3	345708	345983
3	346081	347667
3	347906	348796
3	350439	351890
3	351930	353816
3	393730	394353
3	397096	398190
3	420210	421583
3	436385	437359
3	437539	439401
3	443907	444398
3	444526	445890
3	531675	532157
3	532235	533050
3	536857	538311
3	538371	539732
3	539789	541090
3	541112	542257
3	542485	543270
3	543281	544516
3	544538	545587
3	372145	373095
3	548850	549665
3	568125	569651
3	570116	570667
3	570677	571474
3	571689	572144
3	572307	572597
3	573179	573562
3	576621	576836
3	576836	577333
3	577823	578116
3	578407	578817
3	579103	579309
3	592551	593993
3	605174	605422
3	605488	606606
3	650021	651079
3	651458	653116
3	674793	675770
3	675934	676641
3	676638	678065
3	678075	678629
3	678731	679438
3	679435	680886
3	680946	682616
3	690129	691007
3	691097	691564
3	691561	692601
3	692754	694178
3	694324	695499
3	707557	708963
3	709013	709339
3	783105	784046
3	784160	784540
3	799982	801034
3	801110	802543
3	802726	804987
3	814962	815870
3	819107	819811
3	820016	820729
3	820765	821721
3	821721	822962
3	822959	823720
3	823853	824263
3	824225	825331
3	825342	826475
3	882015	882611
3	884169	884453
3	884539	885354
3	885354	886562
3	886646	887182
3	887357	889042
3	889312	889689
3	892180	892656
3	897212	897700
3	903175	903690
3	903816	904139
3	904136	904966
3	904963	905976
3	906075	907505
3	907516	908517
3	910405	911373
3	911385	913037
3	917351	918343
3	918458	919573
3	919570	921516
3	882896	884128
3	946452	947882
3	947883	948791
3	954095	955855
3	955985	956677
3	968612	969844
3	970975	971868
3	982298	982846
3	982873	983520
3	993264	994055
3	994066	995211
3	995208	996167
3	996160	996735
3	997091	997630
3	997713	998414
3	998439	1001039
3	1001030	1002100
3	1002112	1002654
3	1002662	1003177
3	1005175	1005717
3	1005714	1006823
3	1007067	1009175
3	1015762	1017522
3	1014119	1014682
3	1020361	1020990
3	1020953	1023106
3	1026334	1026996
3	1027169	1027582
3	1027627	1027944
3	1028002	1029192
3	1029287	1029565
3	1043453	1043899
3	1043887	1045026
3	1045072	1047168
3	1047168	1047914
3	1047911	1048555
3	1048662	1048967
3	1443904	1444230
3	1461563	1462513
3	1462495	1463085
3	1475645	1476250
3	1476250	1477146
3	1477162	1478919
3	1478933	1480225
3	1492172	1493095
3	1493312	1494655
3	1497493	1498473
3	1500481	1501149
3	1501741	1502889
3	1504196	1504732
3	1502929	1504104
3	1504805	1506766
3	1507532	1507948
3	1508027	1509433
3	1509678	1510823
3	1510841	1511854
3	1511855	1512796
3	1512786	1513580
3	1513602	1515026
3	1515413	1515586
3	1515672	1515905
3	1515906	1516355
3	1516352	1516870
3	1517051	1518088
3	1518286	1518951
3	1518987	1521089
3	1521331	1522392
3	1522505	1524004
3	1524271	1524888
3	1524964	1525176
3	1531306	1531875
3	1532048	1532893
3	1542408	1542743
3	1550422	1550706
3	1555136	1556062
3	1556055	1557041
3	1577657	1578814
3	1578866	1580548
3	1580950	1581711
3	1582231	1584510
3	1584844	1585758
3	1585817	1586320
3	1586333	1586863
3	1596641	1598233
3	1598312	1599265
3	1599514	1601049
3	1602071	1603063
3	1603075	1604097
3	1604124	1604999
3	1605023	1605313
3	1605370	1606128
3	1606132	1607046
3	1608931	1609878
3	1609990	1610349
3	1610349	1611275
3	1611339	1612727
3	1612828	1613709
3	1613787	1614902
3	1635071	1635481
3	1637548	1638081
3	1638078	1638389
3	1638394	1638609
3	1643921	1644226
3	1635633	1635806
3	1653371	1653697
3	1653832	1654173
3	1654771	1655481
3	1655589	1655894
3	1656093	1658519
3	1658580	1661003
3	1661633	1662487
3	1662530	1663144
3	1663339	1664595
3	1664548	1665243
3	1666723	1667616
3	593983	594666
3	1069083	1069577
3	1069588	1070178
3	1070188	1070988
3	1070996	1071382
3	1071394	1072086
3	1072086	1073234
3	1081466	1082593
3	1085329	1085742
3	1085744	1087069
3	1087062	1089080
3	1089089	1091512
3	1092099	1093457
3	1095066	1096052
3	1097109	1098047
3	1098102	1098839
3	1098863	1099417
3	1099519	1100010
3	1104637	1104948
3	1105043	1105576
3	1105578	1106999
3	1107007	1108164
3	1636479	1636691
3	1123341	1124549
3	1126029	1126952
3	1127062	1128597
3	557435	557977
3	558197	558889
3	558920	561523
3	561559	562542
3	1210903	1211226
3	1212551	1213282
3	1213487	1214698
3	1216551	1218074
3	1225823	1226191
3	1226294	1226695
3	1226904	1227230
3	1227302	1227961
3	1228038	1228499
3	1239558	1241294
3	1242403	1243014
3	1241389	1242303
3	1243016	1243750
3	1248348	1248980
3	1248991	1250061
3	1250289	1252208
3	1252308	1255175
3	1338267	1338575
3	1341621	1342370
3	1387894	1388622
3	1355826	1357211
3	1357514	1358932
3	1359144	1359908
3	1368240	1369919
3	1369933	1371225
3	1371246	1372127
3	1372114	1372956
3	1372987	1374039
3	1374058	1374846
3	1374856	1375911
3	1375908	1378175
3	1378172	1378831
3	1380987	1381985
3	1382141	1383538
3	1388957	1389877
3	1390015	1390914
3	1392915	1393946
3	1669984	1670805
3	1670844	1671173
3	1671160	1671525
3	1671937	1672971
3	1676451	1677395
3	1677581	1678963
3	1701292	1702332
3	1703274	1703714
3	1703791	1704372
3	1704372	1704950
3	1707166	1708224
3	1708228	1708848
3	1708852	1709547
3	1710793	1712295
3	1713050	1713913
3	1716517	1717626
3	1719049	1719285
3	1719288	1720145
3	1720145	1722157
3	1723705	1723944
3	1724047	1724646
3	1902825	1903283
3	1732459	1733274
3	1734145	1735314
3	1742895	1744151
3	1744724	1745029
3	1745155	1746759
3	1746771	1747583
3	1747587	1748372
3	1749101	1749748
3	1748369	1749037
3	1903712	1904278
3	1960604	1960996
3	1906285	1906572
3	1735480	1735569
3	1907332	1908123
3	1908300	1909673
3	1913655	1914152
3	1914282	1915565
3	1915534	1918167
3	1918247	1919686
3	1919804	1920040
3	1920145	1920336
3	1920337	1920993
3	1921389	1921730
3	1921743	1922615
3	1922619	1922993
3	1923464	1924120
3	1924144	1924806
3	1950290	1950685
3	1950726	1951469
3	1951466	1952437
3	1963067	1964215
3	1986246	1986569
3	1995835	1996503
3	1996518	1997504
3	2023535	2024350
3	2024347	2026041
3	2031143	2031508
3	2034818	2036176
3	2036176	2036847
3	2036980	2037393
3	2037502	2038506
3	2038507	2039142
3	2039399	2040049
3	2040392	2040922
3	2135926	2137509
3	2147063	2149009
3	2149209	2149670
3	2149735	2150496
3	2150493	2151152
3	2152040	2153287
3	2153287	2156409
3	2156410	2159487
3	2163213	2163545
3	2163692	2165053
3	2166013	2166330
3	2175534	2176586
3	2176843	2178120
3	2178117	2179121
3	2179118	2180083
3	2180057	2180803
3	2180855	2181673
3	2181738	2182538
3	2182535	2183323
3	2183546	2183818
3	2183939	2184763
3	2184982	2185320
3	2231622	2231861
3	2232055	2233293
3	2266876	2267589
3	2268001	2268567
3	2268748	2270304
3	2325389	2326165
3	2326170	2327819
3	2332358	2332981
3	2356064	2356867
3	2356885	2358174
3	2358231	2359436
3	2359451	2360233
3	2360453	2361655
3	2361755	2362297
3	2363950	2365089
3	2365093	2366061
3	2366061	2368043
3	2368040	2368930
3	2368930	2370582
3	2370914	2371300
3	2382017	2383744
3	2383882	2384853
3	2384956	2385459
3	2385732	2386448
3	2386657	2387079
3	2387135	2387986
3	2405583	2406800
3	2406884	2407483
3	2407542	2409374
3	2409461	2410111
3	2410122	2410616
3	2410699	2411154
3	2416656	2417198
3	2417256	2417810
3	2417863	2418507
3	2418643	2419290
3	2419730	2420623
3	2420671	2421561
3	2436964	2438142
3	2439786	2441792
3	2441913	2442191
3	2442225	2442773
3	2446628	2447179
3	2447250	2448071
3	2448073	2448612
3	2448609	2449097
3	2449094	2449606
3	2449606	2450358
3	2453105	2453668
3	2454349	2454834
3	2455037	2457181
3	2457181	2458491
3	2458672	2458956
3	2461034	2462092
3	2465877	2466239
3	2466236	2467156
3	2467153	2468484
3	2469099	2469539
3	2471626	2471988
3	2472054	2472878
3	2473006	2473542
3	2473533	2473895
3	2473895	2474200
3	2488278	2489972
3	2487264	2488208
3	2490026	2491276
3	2491789	2492424
3	2493072	2493314
3	2496693	2498390
3	2498405	2499139
3	2499152	2500009
3	2500012	2502507
3	2502532	2503569
3	2503569	2504654
3	2504669	2505916
3	2505938	2506264
3	2507652	2508908
3	2509490	2510728
3	714635	715129
3	2523952	2524878
3	2535771	2536505
3	2542774	2543631
3	2543795	2544691
3	2544695	2546119
3	2546124	2547428
3	2547668	2548567
3	2548663	2549238
3	2549299	2549748
3	2549735	2550160
3	2528269	2529255
3	2553250	2553750
3	2553763	2554422
3	2556880	2558088
3	2558279	2558920
3	2559390	2559635
3	2559647	2560015
3	2560133	2560549
3	2560546	2561139
3	2561614	2561991
3	2562002	2562394
3	2562545	2563354
3	2563503	2564906
3	2564903	2566129
3	2566346	2567533
3	2567523	2568359
3	2568370	2569773
3	2569785	2570072
3	2570179	2570472
3	2570511	2571527
3	2571524	2572327
3	2572324	2573025
3	2573000	2573479
3	2573492	2573827
3	2574120	2576399
3	2579756	2580799
3	2591094	2591792
3	2591866	2593881
3	2593896	2594759
3	2495079	2496317
3	2614116	2615579
3	2615600	2615959
3	2616097	2616798
3	2624717	2626960
3	2627312	2627503
3	2627814	2628332
3	2628348	2628887
3	2633621	2633836
3	2633906	2635378
3	2635496	2636674
3	2636685	2637305
3	2601869	2602816
3	2602833	2604272
3	2604284	2604934
3	2604939	2606519
3	2606509	2608176
3	2608186	2608731
3	2608728	2609486
3	2609479	2609892
3	2609922	2611934
3	2611956	2612804
3	2612842	2613903
3	2734168	2734905
3	2717245	2717943
3	2717975	2720635
3	2739897	2740415
3	2745984	2746775
3	3187903	3188652
3	3188654	3189718
3	3190230	3190859
3	3190886	3192547
3	594823	596196
3	596354	596686
3	596702	597925
3	476291	477841
3	478005	478475
3	478591	479142
3	485760	489122
3	922136	922456
3	1050684	1050896
3	1211926	1212330
3	1200010	1200255
3	1200720	1201061
3	1200999	1201307
3	1201482	1202156
3	1202491	1203048
3	1203045	1203383
3	1206136	1206720
3	1304845	1305174
3	1321244	1322125
3	2379630	2380547
3	2380735	2381946
3	1347004	1348131
3	2419347	2419709
3	2057988	2058938
3	2059040	2059957
3	1130241	1130657
3	1130661	1131065
3	1131077	1131772
3	1131797	1133005
3	1133025	1133780
3	1133952	1134734
3	1136594	1137535
3	1960996	1963074
3	371339	372148
3	1244383	1244823
3	2462274	2463029
3	317555	317791
3	398249	398557
3	398817	399029
3	1050186	1050398
3	264528	264767
3	2775475	2775804
3	572144	572314
3	969896	970078
3	1215012	1215248
3	1215291	1215563
3	1215592	1215858
3	1215971	1216219
3	1221528	1221857
3	1266147	1266539
3	1395389	1395646
3	1355447	1355692
3	1443711	1443896
3	1452892	1453179
3	1506858	1507088
3	1554089	1554304
3	607059	607211
3	1702973	1703188
3	1877427	1877609
3	1892576	1892755
3	2026212	2026394
3	2794892	2795050
3	3248099	3248398
3	1959996	1960484
3	3739132	3739605
3	3975548	3976627
3	4013377	4014192
3	4020241	4020756
3	303077	303406
3	309970	310560
3	311336	311563
3	311738	312001
3	793996	794145
3	773419	773532
3	2774899	2775099
3	263480	263956
3	263250	263471
3	262552	262893
3	1118530	1118670
3	1119924	1120178
3	1204772	1204954
3	1207355	1207768
3	1243951	1244205
3	10643	11356
3	1218206	1218424
3	4350931	4351104
3	4528278	4528556
3	2370579	2370914
3	4374576	4374722
3	4266832	4267035
3	1333315	1333482
3	613165	613383
3	572953	573093
3	571591	571692
3	2087235	2087489
3	1067304	1067477
3	4190660	4190860
3	3476614	3476814
3	2525963	2526181
3	2166736	2167635
3	3582427	3582582
3	4374340	4374465
3	2824414	2825373
3	469860	471641
3	2263063	2263317
3	2492720	2492995
3	2768467	2768703
3	577550	577732
3	1905472	1905615
3	1906647	1906790
3	5234	5530
3	2509023	2509349
3	21181	21399
3	2023010	2023237
3	1635978	1636133
3	1702575	1702700
3	1306812	1306985
3	1515123	1515218
3	1620670	1620765
3	2588829	2588888
3	3774194	3774403
3	4610151	4610312
3	2590784	2590984
3	3723436	3723735
3	4302151	4302426
3	3851576	3851665
3	1268391	1268498
3	1268926	1269033
3	3698003	3698110
3	4311891	4312220
3	851894	852163
3	2474332	2474532
3	1143725	1144045
3	1202247	1202447
3	1221867	1222211
3	1872102	1872206
3	1507310	1507486
3	1906949	1907188
3	2213679	2213786
3	2355838	2356023
3	3838238	3838531
3	4531819	4532076
3	3645728	3645856
3	311598	311738
3	579474	579668
3	1222213	1222386
3	1222487	1222672
3	238257	238736
3	4237800	4238078
3	1342460	1342633
3	2301628	2301792
3	1669801	1669884
3	1333184	1333312
3	4504471	4504596
3	709862	709948
3	1581786	1581983
3	77388	77519
3	1985897	1985983
3	3192788	3192847
3	3054912	3054971
3	3193163	3193222
3	2151373	2151432
3	2151705	2151761
3	3948530	3948580
3	4390915	4390968
3	312365	312466
3	1344820	1344924
3	1463189	1463254
3	1876898	1876972
3	1876797	1876895
3	1944139	1944204
3	2085076	2085138
3	2227004	2227087
3	2494943	2495014
3	2903579	2903719
3	2987841	2987921
3	3030839	3030964
3	3305875	3305955
3	4051670	4051780
3	2698139	2698219
3	3923767	3923998
3	3680184	3681470
3	3869873	3871021
3	3119656	3121827
3	3780665	3781684
3	141431	141967
3	3476824	3478629
3	3369106	3370596
3	603994	604647
3	2412769	2414913
3	2051667	2052983
3	434858	435835
3	4550924	4552384
3	4552599	4553372
3	2522067	2522900
3	3729154	3730146
3	3733002	3734180
3	1353491	1355134
3	1352529	1353494
3	1351652	1352542
3	2799370	2801514
3	1489986	1490153
3	1129427	1130086
3	1134787	1135485
3	1135497	1136594
3	2014578	2015951
3	2015970	2016413
3	2016410	2017537
3	367835	369499
3	369501	370445
3	370448	371329
3	366811	367644
3	572594	572956
3	4035283	4035358
3	3424980	3425055
3	225500	225575
3	2516178	2516253
3	2815806	2815882
3	563946	564022
3	2816495	2816571
3	2464331	2464405
3	3980398	3980474
3	2816220	2816296
3	2816081	2816157
3	2042573	2042648
3	2057875	2057950
3	2060284	2060359
3	236931	237007
3	1989938	1990011
3	475672	475785
3	696088	696162
3	695765	695839
3	2727391	2727466
3	4173696	4173770
3	2997006	2997079
3	4390383	4390458
3	1990066	1990141
3	4390495	4390570
3	3980532	3980608
3	4035164	4035240
3	3425098	3425174
3	225381	225457
3	3213620	3213695
3	4604223	4604309
3	4604338	4604424
3	3980629	3980715
3	3320094	3320180
3	4604102	4604188
3	696186	696270
3	4494428	4494512
3	1989839	1989925
3	2519275	2519350
3	696280	696356
3	695887	695963
3	2945629	2945705
3	3316235	3316311
3	2945409	2945485
3	2311106	2311198
3	4360574	4360649
3	3108388	3108463
3	3706639	3706715
3	2284233	2284309
3	3980758	3980834
3	3268238	3268614
3	3834245	3834339
3	1030848	1030935
3	2041492	2041581
3	2816575	2816667
3	925107	925194
3	1096788	1096875
3	4047922	4048030
3	3054005	3054187
3	2753615	2753977
3	4173777	4173852
3	4173411	4173486
3	3421602	3421677
3	262095	262170
3	3944980	3945055
3	1286761	1286845
3	4173495	4173579
3	1286467	1286551
3	779988	780063
3	2518953	2519028
3	1744459	1744535
3	1744540	1744616
3	2519073	2519148
3	2519195	2519270
3	1647406	1647458
3	4156308	4156417
3	2945519	2945595
3	2023251	2023337
3	2922178	2922537
3	2056051	2056126
3	2783784	2783859
3	780800	780875
3	780592	780667
3	1490143	1490198
3	16952	17006
3	2940718	2940923
3	1286289	1286459
3	3578950	3579039
3	4049059	4049303
3	189712	189847
3	852175	852263
3	887199	887277
3	1145812	1145980
3	1268546	1268612
3	1269081	1269146
3	3698159	3698224
3	1403676	1403833
3	1435145	1435253
3	1921090	1921338
3	1921188	1921308
3	77367	77593
3	2069339	2069542
3	2151333	2151475
3	2151668	2151803
3	2165138	2165224
3	2651877	2652180
3	2689179	2689362
3	2812824	2812901
3	2974124	2974211
3	2974326	2974407
3	3054871	3055010
3	3192745	3192887
3	3236396	3236583
3	3309247	3309420
3	3348599	3348719
3	3662887	3662991
3	3984455	3984626
3	4275950	4276089
3	3851141	3851280
3	1489467	1489530
3	3193121	3193262
3	2031673	2031763
3	506428	506511
3	2698542	2698618
3	2732175	2732317
3	4577858	4577934
3	4526000	4526089
3	4188350	4188510
3	271804	271878
3	1407153	1407274
3	606957	607015
3	2885376	2885431
3	4516550	4516825
3	4516744	4517247
3	380575	380940
3	314515	314814
3	314811	315677
3	4500126	4501454
3	3718703	3719224
3	3719221	3720072
3	15445	16557
3	3331162	3331473
3	3330884	3331141
3	1150838	1151074
3	1014938	1015105
3	2555340	2556701
3	2554432	2555319
3	3664203	3665603
3	377686	378795
3	3322085	3322933
3	15445	16557
3	19811	20314
3	20233	20508
3	269827	270978
3	278402	278905
3	278824	279099
3	289873	290376
3	290295	290570
3	314515	314814
3	314811	315677
3	380575	380940
3	390963	391829
3	391826	392125
3	566065	566364
3	566361	567227
3	607288	608400
3	1049056	1049331
3	1049250	1049753
3	1093498	1094364
3	1094361	1094660
3	1466808	1467173
3	1976542	1977045
3	1976964	1977239
3	2067839	2068204
3	2168260	2168559
3	2168556	2169422
3	2995257	2995622
3	3184209	3184574
3	3581506	3581781
3	3581700	3582203
3	4496295	4496660
3	4516550	4516825
