gi|48994873|gb|U00096.2|_Escherichia_coli_str._K-12_substr._MG1655__complete_genome
130420 130917
228767 228927
1096264 1096559
1096626 1096740
1415869 1415930
1417611 1417691
1418069 1418299
1418973 1419192
1419737 1419831
1420107 1420169
1427443 1427584
1427899 1427957
1436010 1436126
1436797 1436958
1438795 1438865
1441212 1441362
1442568 1442671
1443026 1443325
1445170 1445253
1445973 1446229
1448693 1448789
1451038 1451236
1451503 1452215
1452427 1452852
1453500 1454273
1454656 1454939
1455159 1456166
1456466 1457379
1457615 1458249
1458597 1458737
1459684 1460106
1460558 1460944
1467268 1467319
1557885 1558854
1559035 1562071
1562385 1568664
1570169 1570465
1601278 1601694
1620837 1621075
1623141 1623324
1624351 1624453
1624692 1624836
1625061 1625269
1626470 1626622
1627387 1627521
1627702 1628000
1628354 1629421
1633314 1633534
1706702 1706898
1750827 1751027
1752909 1753489
1753864 1782528
1782761 1784428
1784636 1787071
1787345 1787536
1787841 1791756
1792082 1794263
1794489 1818713
1818948 1851023
1851292 1851653
1852052 1852255
1852465 1862622
1864001 1864125
1870977 1871057
2724139 2724199
2816159 2816218
3421371 3421520
3421740 3421798
3923176 3923536
3926640 3926784
3928010 3928390
3929041 3929866
3930197 3930836
3931222 3931448
3931948 3932136
3933181 3933530
3933766 3934458
3934921 3935435
3936066 3936208
3936854 3936956
3941513 3941706
3944734 3944894
4038551 4038733
4166591 4166643
4169671 4169853
4207852 4208045
4211074 4211133
