Ruminococcus_torques_L2-14_gi_479155735_ref_NC_
512 3958
5420 7852
8430 10519
10617 14562
15249 15702
15948 20246
20947 21501
22130 29712
30442 31462
32061 36145
36739 42799
43544 44469
45102 48088
48663 49729
50557 61974
64542 66900
69237 69756
70648 79018
79861 80619
81294 82633
82956 83583
84218 132500
133018 135905
136883 138800
139664 145313
146131 146236
146733 147255
147892 151586
152308 152502
154010 198441
199079 201036
201875 203316
204690 208669
209358 216285
217171 219250
219835 220181
221144 223109
224148 224963
225156 226026
226676 229845
230568 232281
233057 236256
237013 237542
237761 240457
241885 244346
244761 246750
247669 256583
257236 257476
258320 261237
262188 264527
264716 270468
273777 284570
285783 290144
291149 296125
296672 299494
299634 302325
302956 310278
310883 314172
314820 323905
324444 328774
329566 329896
330106 331863
332582 340768
341356 342972
343605 396559
396854 447590
448201 448319
448959 456936
457063 488979
489073 489905
490787 490994
491157 500917
501233 502479
504249 504850
504959 507759
508683 509179
509474 510210
513465 514139
514968 518221
518439 520031
521222 536315
536871 552388
553027 554601
554682 554848
555081 555657
556440 569260
569882 575006
575732 588814
589829 596947
597540 598520
599142 604275
604911 605352
605522 608644
609336 618215
618976 619573
620294 623829
623964 627583
628071 638759
639607 640128
641685 650265
650966 657283
657547 661678
662301 668801
669436 674338
674978 683798
684336 685681
686295 691765
692386 694214
694799 698865
699467 742809
743405 748445
749126 771096
771669 800141
800922 808149
808563 820849
821691 839712
839811 841790
842408 850635
850823 853635
854124 867854
869837 875550
876387 895954
896240 896506
897117 904560
905409 907557
908415 914120
915096 955070
955197 955725
956672 958675
958934 962884
963519 990609
991258 994584
995119 998625
998798 1000553
1001147 1004193
1004765 1009946
1011060 1013327
1014081 1016827
1017117 1022089
1022616 1049561
1050158 1055296
1055480 1056541
1057184 1059759
1060845 1064082
1065047 1065749
1066409 1072176
1072783 1080610
1081446 1084252
1085348 1087731
1088778 1095525
1096221 1098419
1098731 1114194
1114297 1148967
1152239 1152495
1153207 1158394
1159853 1204747
1211767 1214624
1215289 1222615
1222791 1324503
1327136 1334713
1334917 1335171
1335327 1337358
1337677 1339961
1341479 1346407
1348415 1353821
1357350 1370134
1371708 1373096
1374722 1374860
1375648 1377622
1379004 1379420
1380894 1386548
1387258 1393364
1394443 1396433
1397046 1399212
1400422 1405720
1406013 1407950
1408552 1436132
1436967 1441378
1441988 1459532
1460267 1461505
1462411 1463251
1463864 1464660
1465456 1470520
1471331 1485782
1486523 1493601
1493765 1497869
1498608 1498740
1499283 1507485
1507971 1513274
1514081 1517951
1518605 1518812
1520325 1521428
1522053 1526219
1526903 1527735
1528433 1528661
1529285 1534690
1535004 1554284
1554514 1557394
1557529 1563784
1563924 1570881
1570969 1609870
1610464 1620365
1620957 1623581
1624244 1652018
1653724 1671247
1673390 1698877
1699614 1701737
1702896 1703604
1704254 1704391
1705439 1716842
1717663 1764803
1765311 1770927
1771612 1783308
1783900 1825962
1826115 1835152
1835677 1852100
1852768 1855183
1855271 1863289
1863981 1900111
1900444 1960334
1960464 1973890
1974018 1976540
1977118 2015249
2015842 2037844
2038032 2048173
2048798 2069057
2069767 2074582
2075031 2099960
2100053 2116819
2116979 2117178
2117392 2148058
2148762 2148884
2149634 2150242
2151957 2159061
2161070 2168882
2182671 2182820
2186599 2227830
2228082 2245234
2245660 2254337
2254505 2281097
2284557 2287119
2287734 2288843
2289455 2290264
2291078 2316447
2316589 2321602
2321844 2325926
2327582 2351944
2352856 2361443
2361961 2371583
2372377 2374929
2375451 2378427
2379004 2386660
2387398 2392812
2393628 2424529
2425279 2428388
2429082 2429458
2430150 2433234
2433535 2433681
2435136 2437618
2438143 2438765
2439272 2439547
2440125 2444980
2445687 2502994
2503183 2504332
2504773 2506535
2507184 2508634
2509426 2512098
2512843 2520351
2520983 2529014
2529439 2552212
2552868 2555320
2556036 2556654
2556729 2564566
2565094 2567970
2568658 2628712
2628937 2648520
2648616 2654751
2655544 2680381
2681022 2731730
2732337 2754735
2755441 2766191
2766731 2769144
2769285 2800621
2801276 2818564
2819190 2836927
2838345 2840388
2842786 2866680
2867226 2874661
2874871 2923489
2924527 2926094
2930820 2935684
2941519 2941968
2942864 2943153
2949249 2957522
2958174 2962537
2963211 2963388
2965126 2970688
2971343 2975577
2976405 2983286
2983359 3006705
3007287 3018251
3018752 3021753
3021852 3023795
3024726 3028912
3029590 3029901
3030664 3034650
3036002 3036480
3037325 3049739
3050519 3051951
3053684 3062570
3062669 3065033
3065222 3068077
3068168 3078227
3079348 3081401
3082614 3084381
3085047 3104722
3105424 3109057
3109713 3110771
3111531 3113852
3114064 3117029
3118222 3124784
3125218 3131055
3131829 3134024
3134454 3141523
3142150 3142707
3143683 3144463
3145458 3150012
3150699 3152403
3160488 3160786
3174248 3174609
3179290 3179518
3183155 3183598
3185588 3185640
3186371 3187206
3188144 3189025
3189243 3190099
3191655 3191945
3195540 3198033
3198212 3202984
3203339 3204433
3206006 3206614
3207156 3209169
3214909 3225794
3226177 3241711
3245549 3245987
3247656 3247998
3248151 3248673
3248864 3249776
3250067 3267588
3268081 3270500
3271002 3274619
3275190 3275403
3275769 3307813
3308625 3308969
3309546 3312949
3313619 3314039
3316542 3320481
3321237 3321544
3321950 3323422
3324147 3334645
3336255 3337897
3338497 3341681
