Ruminococcus_torques_L2-14_gi_479155735_ref_NC_
1 52994
53385 59815
61492 65862
69405 272178
272758 290935
291951 496842
497359 498514
500082 501189
502751 509988
512667 513510
514773 519877
521221 850635
851041 852748
853008 867854
869837 1210840
1211583 1215386
1217023 1324503
1327136 1346967
1347959 1373382
1376882 1377622
1379004 2159060
2161070 2167853
2168531 2169326
2171037 2171577
2172631 2172696
2174138 2178584
2179254 2180603
2181395 2184683
2185491 2926094
2930820 2933232
2934222 2943861
2944953 2945104
2948506 2965141
2965642 3155683
3156244 3157703
3158335 3176951
3178531 3179092
3179290 3180159
3180694 3204735
3205242 3214092
3214629 3238615
3238872 3242860
3244046 3244348
3245767 3246990
3247656 3248004
3248087 3249776
3250067 3334645
3336255 3341681
