Ruminococcus_torques_L2-14_gi_479155735_ref_NC_
1 40985
41110 41298
41473 41654
41810 66635
67479 244503
244609 245057
245205 245341
245512 245998
246094 246269
246371 265791
265901 266111
267158 267323
267531 267715
267865 269596
270422 270578
270867 271104
273244 285290
285783 293747
294120 294240
294365 307141
307273 309128
309212 481545
482430 484064
484215 488873
488992 489187
489776 489989
490703 497157
497337 497503
497687 497949
498152 501748
502382 502739
504060 511157
512667 641325
641470 650633
650802 685490
685873 688131
688303 705204
705345 705557
705754 748670
748772 749013
749126 749321
749462 853635
854124 868090
869827 907253
907367 907579
907782 1000556
1000701 1000926
1001097 1018433
1018529 1018719
1018964 1019201
1019302 1080820
1080996 1081152
1081259 1081820
1081921 1091702
1091857 1091998
1092146 1092294
1092444 1092648
1092748 1147929
1148060 1148565
1148956 1150953
1151091 1151290
1151782 1151976
1152235 1154238
1154759 1156226
1156810 1158551
1158729 1159362
1159589 1159739
1159853 1163461
1164317 1164502
1164715 1193639
1194277 1202409
1202754 1204317
1204929 1207503
1211540 1212128
1212798 1217485
1217750 1228401
1229827 1304178
1304616 1304804
1304980 1319638
1320209 1324286
1324424 1324503
1326884 1340804
1341460 1354628
1356689 1375691
1376882 1399236
1399864 1464775
1464923 1465147
1465289 1465466
1465617 1485798
1485985 1486321
1486530 1486711
1486861 1487097
1487248 1493559
1493769 1494220
1494365 1498413
1498619 1625595
1625770 1652250
1652647 1652865
1653113 2159052
2160825 2170295
2171507 2171613
2172776 2172955
2173096 2173312
2173544 2173762
2175367 2177188
2177816 2180006
2180736 2180871
2181060 2181263
2181631 2182560
2182669 2182820
2182970 2183778
2183908 2184093
2184166 2184373
2184567 2184718
2184984 2185930
2186217 2186446
2186552 2281123
2281727 2283195
2283842 2307264
2307427 2307859
2308013 2314806
2315119 2316147
2316277 2316478
2316586 2326005
2326148 2326361
2326865 2386447
2386644 2386811
2387004 2387465
2387542 2390389
2390555 2390792
2390922 2391075
2391257 2391860
2391972 2392172
2392331 2392557
2392666 2396156
2396280 2396462
2396563 2396716
2396934 2397117
2397214 2425198
2425412 2425594
2425868 2439401
2439468 2440120
2440271 2443502
2443849 2444129
2444221 2444418
2444545 2464789
2465567 2574267
2574432 2717502
2717612 2717770
2717892 2773118
2773664 2831486
2831670 2831905
2832059 2832281
2832811 2836470
2836552 2836742
2836860 2837274
2837389 2837563
2837664 2838100
2838273 2841244
2841360 2842564
2842707 2843839
2843922 2844100
2844270 2904377
2904528 2920628
2921055 2926747
2929192 2929241
2930231 2930698
2930820 2934363
2934568 2937246
2941519 2943439
2944953 2945336
2946211 2946289
2948106 2949256
2949810 2955283
2955838 2955895
2957056 2980401
2981156 2987382
2987893 2988014
2988204 2988423
2988674 3003685
3004209 3004726
3004892 3036847
3036926 3039092
3039220 3039703
3039844 3063587
3063685 3063891
3064002 3084181
3084330 3084531
3084610 3084866
3085032 3134100
3134316 3134562
3134759 3151428
3152018 3153345
3154089 3154559
3154753 3154967
3155295 3155364
3156618 3156804
3157228 3157389
3158418 3158934
3161443 3162724
3163001 3163775
3163986 3164171
3165568 3167517
3167677 3167944
3168351 3168453
3169054 3169172
3169355 3169503
3172022 3172235
3172762 3173470
3173973 3174793
3174934 3175064
3175323 3175550
3176528 3176578
3176697 3177192
3177829 3178306
3178760 3179258
3180692 3181928
3183155 3183897
3184139 3184314
3184760 3190256
3190787 3190914
3191635 3191970
3192222 3192358
3192683 3204285
3205243 3206614
3207013 3208797
3208991 3209953
3210210 3210705
3211110 3211225
3211386 3212387
3212961 3213291
3214503 3214629
3214737 3240144
3240408 3240530
3240652 3241849
3243702 3246999
3247451 3247998
3248087 3249776
3250067 3254295
3254494 3254663
3254873 3271491
3271633 3271790
3271916 3305775
3306442 3306606
3306716 3308629
3308807 3308956
3309112 3309326
3309546 3313853
3314009 3314149
3314310 3314440
3314727 3335628
3336222 3341681
