Ruminococcus_torques_L2-14_gi_479155735_ref_NC_
156 2709
3181 4577
5425 7852
8548 9427
9959 14156
15249 15702
15962 18718
19487 20033
20559 21618
22130 24611
25125 26648
27490 29712
30281 31462
32061 34193
34669 35860
36739 37264
37592 37743
38041 38803
39105 39255
39503 41654
42174 42799
43554 44589
45542 47485
48050 52750
53385 56945
57860 79068
79810 80611
81325 82017
82956 83470
83791 83902
84137 84903
85158 85625
86278 86707
87609 90436
90980 132008
132931 133056
133631 133808
134309 138740
139664 139892
140142 145313
146847 148851
149028 149129
149373 152470
153228 154054
154306 155705
156288 201008
201563 203316
203965 206036
206666 208638
209358 214212
214933 216285
217154 217690
218368 219290
221189 221391
222513 223109
224375 224631
225156 229845
230838 232278
233020 236256
237042 241021
241730 243673
243913 244083
245563 246895
247675 248312
248820 256595
257237 257570
258115 260176
262638 284570
285473 285552
285783 286807
286991 290401
291105 293690
294070 294896
295633 302325
303037 309128
309597 312269
312778 314195
314879 319565
320078 320355
321131 323771
324711 326249
326545 326660
326921 327907
329097 329185
329577 340680
341356 342972
343605 348638
349337 349959
350475 353334
353944 358188
358742 378470
378618 385771
385851 447590
448217 448319
448966 458444
459085 459170
459445 461530
461747 470327
470524 487529
488173 489100
489869 489974
490818 513789
515194 519877
521222 527172
527373 529175
529737 529792
530380 536315
536896 537002
537265 546225
546684 548145
548340 550113
550791 552330
553079 555108
555357 555762
556557 562993
563541 567829
568070 568215
568400 568552
568774 569257
569921 575033
575592 581135
581364 583255
583815 588988
589803 591517
592031 596752
597572 600096
600562 600730
600837 602853
602919 604257
604938 605302
606268 606414
606932 607719
607939 611880
612497 618254
618978 619671
620821 627347
628245 628783
628901 638851
639769 640312
641685 642265
642416 646127
646844 649375
649671 650265
650966 652482
653007 654751
654823 659129
659394 659499
659714 661046
661600 662931
663425 668794
670371 674317
674993 680436
680540 682889
683607 691729
692386 694214
694804 706514
706826 706948
707199 710634
711102 717690
718212 739812
740091 742873
743435 748653
749580 751555
752010 771004
771690 776695
777280 781022
781112 800178
800935 820849
822030 847197
847351 850666
852694 852823
853369 853635
854124 862658
862804 867854
869837 881398
881643 881778
881989 884987
886077 892081
892946 893814
893972 896474
897137 899051
899614 902214
903110 903207
903424 906493
906567 906695
907299 907503
908061 914103
915106 915510
916089 934993
935324 935852
936239 938128
938440 950723
951441 963043
963542 968479
968608 971393
971690 973523
973782 973893
974111 983674
984320 985534
985768 992871
993409 996918
997137 997233
997572 998661
998798 1000071
1000180 1000553
1001463 1001769
1001993 1002128
1002382 1003808
1004074 1004158
1005061 1009940
1011359 1011433
1011567 1011718
1012288 1013320
1013848 1018388
1019151 1021691
1022559 1027716
1027848 1031398
1031952 1032383
1033104 1033157
1033375 1035421
1035730 1040296
1040454 1043701
1043912 1057180
1057722 1063773
1064996 1065754
1066409 1070220
1070860 1070961
1071151 1072099
1072620 1075443
1075556 1078961
1079957 1080669
1081337 1084414
1085650 1087253
1087725 1091670
1092265 1095525
1096221 1097302
1097423 1098200
1098744 1112429
1113011 1113926
1114204 1116329
1116686 1121264
1121943 1124117
1124263 1158712
1159853 1206039
1211555 1222637
1222791 1324503
1327689 1340137
1342623 1363909
1364040 1370140
1375561 1377622
1379004 1379473
1381503 1395123
1395461 1395554
1396326 1396492
1397046 1398608
1398932 1399212
1400504 1403719
1403981 1405153
1406330 1408053
1408435 1425757
1426045 1432906
1433470 1435958
1436967 1443500
1443807 1448310
1448960 1451620
1451882 1456112
1456789 1457381
1458086 1459532
1460301 1460935
1462403 1463130
1463852 1465456
1465956 1467091
1467904 1470761
1471241 1485731
1486562 1486709
1486981 1493601
1493751 1502961
1503054 1520637
1521185 1521864
1522077 1524713
1524848 1526219
1528433 1528527
1529159 1542352
1542658 1549805
1549956 1552013
1552534 1559857
1560190 1562085
1563019 1563354
1563924 1570280
1570503 1570812
1570930 1598373
1598980 1609870
1610490 1620631
1620959 1621027
1621260 1623177
1624093 1634973
1635538 1639934
1640432 1642324
1642814 1652189
1653724 1657309
1657572 1666548
1667154 1677662
1678174 1685257
1685763 1686020
1686615 1703602
1705353 1716744
1717403 1756764
1757389 1764787
1765311 1768310
1768636 1771015
1771356 1773330
1773948 1782942
1783900 1786914
1787543 1796100
1796755 1802488
1803165 1819417
1820008 1834973
1835674 1863289
1864011 1870767
1871074 1874096
1874656 1876372
1877025 1940166
1940484 1945075
1945330 1960299
1960464 1962336
1962602 1978002
1978515 2009793
2010400 2015958
2016365 2047716
2048678 2060974
2061157 2065527
2066259 2068397
2068699 2068787
2069396 2115543
2116131 2116309
2116809 2117240
2117392 2127291
2127481 2142275
2142799 2148108
2148691 2150597
2151673 2155345
2155468 2157064
2157573 2158416
2158576 2159061
2160846 2161290
2161944 2167673
2184314 2186035
2186816 2192103
2192231 2200025
2200529 2201173
2201589 2201719
2201996 2204096
2204291 2207086
2207186 2211823
2212327 2246141
2246846 2259375
2259598 2259686
2259938 2264068
2264290 2264867
2265372 2275311
2275811 2281123
2284557 2292554
2293102 2296885
2297042 2297546
2298076 2306867
2306957 2310912
2311477 2311560
2311846 2314806
2315014 2323147
2323616 2326090
2327582 2337233
2337537 2355405
2355983 2358521
2359062 2371583
2372412 2372661
2373308 2374929
2376155 2378427
2378989 2379360
2379638 2386445
2387398 2391354
2391844 2392134
2393762 2395063
2395881 2396017
2397316 2401548
2402152 2424288
2425448 2428388
2429218 2429489
2430058 2430142
2430241 2433045
2435151 2435892
2436117 2436241
2436504 2436932
2437470 2438540
2439272 2439523
2440069 2441184
2441931 2442052
2442344 2443058
2443361 2443498
2443737 2444802
2445980 2447833
2447915 2466625
2466874 2489705
2489944 2490248
2490959 2493458
2493650 2504332
2504773 2507437
2507884 2508572
2509426 2509856
2510607 2515310
2515518 2521422
2521530 2525865
2526317 2539233
2539771 2542973
2543507 2555321
2556036 2556654
2556729 2558883
2559452 2561942
2562529 2564261
2565104 2565188
2565421 2566713
2566944 2567970
2568808 2582678
2583236 2584033
2584310 2612992
2613099 2623462
2623768 2648366
2648616 2650075
2650804 2654751
2655577 2672586
2672738 2678940
2679068 2680679
2681179 2681745
2682333 2694565
2694776 2739302
2739430 2751237
2751629 2755039
2755270 2758922
2759469 2790748
2791310 2792568
2793103 2800602
2801021 2818000
2818465 2821134
2821387 2836927
2837979 2840379
2842801 2862359
2862641 2862781
2863025 2926747
2930820 2934384
2934712 2934945
2935414 2935571
2941519 2942085
2942476 2942930
2944953 2945027
2948360 2957522
2959334 2964403
2966074 2970480
2971493 2973054
2973724 2975530
2976370 2984117
2985471 3006705
3007288 3009742
3010345 3014838
3015152 3015292
3015542 3016639
3017193 3021069
3021756 3022545
3023056 3023795
3025193 3026522
3026899 3028704
3029590 3030017
3030667 3030849
3031036 3031713
3032632 3033645
3034240 3034650
3034964 3035073
3036002 3036498
3037325 3038285
3038828 3045774
3046085 3048278
3048446 3048609
3048818 3049099
3049647 3049739
3050243 3051946
3052968 3053104
3053687 3057098
3057973 3064048
3064751 3065135
3065335 3066928
3067409 3078220
3079691 3080460
3081238 3084358
3084548 3085582
3086901 3087774
3088319 3089814
3091272 3104722
3105185 3109692
3109985 3110973
3111541 3112083
3112225 3113852
3114922 3116437
3117259 3117471
3118179 3123381
3123899 3124496
3125062 3126144
3126480 3128742
3129371 3131055
3131829 3134056
3134454 3134998
3135195 3135307
3135579 3135699
3136047 3136264
3136480 3137603
3138065 3142753
3143516 3144471
3145093 3148485
3149027 3150012
3150699 3153318
3154753 3154867
3163538 3165201
3166513 3167263
3176555 3176608
3176949 3181397
3183155 3183598
3186385 3187206
3188055 3190099
3193182 3193578
3195540 3203303
3206042 3206614
3207406 3207796
3214527 3225850
3226225 3246726
3247656 3248004
3248087 3248673
3248820 3249006
3249437 3249776
3250067 3254630
3255220 3256648
3257261 3267002
3268050 3269542
3270157 3270450
3271060 3272477
3273103 3274581
3275190 3275428
3276227 3276736
3277157 3278858
3279202 3307784
3308872 3312949
3313782 3323422
3324175 3330184
3330772 3332285
3332434 3334645
3336255 3337894
3338548 3339237
3339806 3341421
