Brevibacterium_casei_S18_gi_425736638_ref_NZ_
1527 2218
4164 4256
10722 11041
21732 21976
Brevibacterium_casei_S18_gi_425735796_ref_NZ_
1 309
3376 3556
13298 13491
14965 15096
16533 16593
17146 18104
19806 20059
21552 21733
32454 32526
34539 34822
36851 36938
42793 42955
43861 43967
48026 48101
51521 51676
55893 56317
57613 57952
58647 60734
61787 62340
62979 63547
65571 68903
73794 74169
75278 75414
76678 77863
80112 80744
84622 85578
89176 89899
93309 94386
97666 98543
100554 100616
106994 107267
109865 110591
112436 112518
113386 114297
121915 122154
128273 128578
132016 132946
Brevibacterium_casei_S18_gi_425736728_ref_NZ_
Brevibacterium_casei_S18_gi_425736108_ref_NZ_
1 153
990 1105
2104 2155
6136 6457
8078 8285
13415 13769
18785 19108
19750 20152
21354 22872
30042 30147
33849 34328
37715 38048
44821 45040
47086 47238
51831 52482
54436 54614
56413 56468
61936 62080
76316 76657
78253 80188
81555 83846
86580 87702
91086 91304
94020 94170
Brevibacterium_casei_S18_gi_425735291_ref_NZ_
5031 5377
7538 8030
12616 13452
15117 15490
15614 16102
19806 20187
22804 23130
24451 24612
27464 27541
28146 29901
30733 31167
32307 32536
34261 34457
39522 40663
47576 47690
51302 51857
52931 53716
54378 54442
58287 58968
62663 62728
64428 64515
69791 69906
70752 70979
72424 73039
84182 84623
85582 92878
97822 99312
100022 100529
102027 102526
110422 110503
111445 112542
117694 117868
123570 123697
127696 128031
135067 135851
137255 137489
139953 140007
140829 140930
144852 145572
148360 149118
153445 153815
156224 156278
158155 158223
161982 162709
166173 166674
168753 169416
173640 173690
174143 174224
174777 175010
176191 176619
180371 180506
185273 185354
186275 186337
187432 187725
189085 189301
191931 192881
195381 195528
196213 196376
202368 202493
206615 208662
Brevibacterium_casei_S18_gi_425736678_ref_NZ_
1 143
2025 2093
3430 3551
4725 4783
7721 7772
21765 21824
Brevibacterium_casei_S18_gi_425736722_ref_NZ_
Brevibacterium_casei_S18_gi_425736730_ref_NZ_
Brevibacterium_casei_S18_gi_425734199_ref_NZ_
1 726
1204 1414
4475 5968
7077 7210
13713 14369
15163 15421
16999 22482
24604 24949
30322 30470
31089 31247
35945 36113
45514 52775
55204 55338
61466 61551
62300 62487
64409 64498
65651 67183
70597 70851
71569 71727
73073 73187
76956 77066
79288 79565
85368 88788
89985 90915
91568 91815
93189 93705
95949 96413
98121 98173
99923 101121
103633 104021
105128 105187
108075 108186
114796 114883
115689 115744
117372 117550
118320 119033
120066 120137
120688 120757
128927 129967
131766 132192
136838 136998
142906 143244
144207 144613
154472 154703
165748 165924
166666 169123
179117 180024
187750 188356
196020 196212
197439 197499
201397 201795
203194 203511
209555 210052
211648 211940
215153 215986
219077 219248
225604 231433
232284 233018
234314 234488
238835 243607
247905 248019
248955 249775
252558 252694
257818 258266
262186 262272
266699 266805
269526 269762
271873 271983
279884 280047
282480 282615
287848 288008
289375 289743
292416 292625
295844 296102
303940 304236
304840 304954
309458 310212
312344 312727
314086 314405
314937 314993
Brevibacterium_casei_S18_gi_425735657_ref_NZ_
2123 2258
3646 3738
7441 7841
9791 9919
11759 11837
13899 16281
17423 17951
21161 21260
23969 24420
25403 28254
30353 30469
34564 35308
36007 36196
39369 39722
49843 51105
54955 58249
64957 65441
67380 67924
68626 69247
69757 70661
71691 74753
75367 76191
78076 79425
80255 82219
82783 83673
91517 92749
93723 93775
99561 99613
100634 101529
103259 103354
107693 108152
110302 110421
115007 117127
126839 127256
129104 129588
135819 136095
Brevibacterium_casei_S18_gi_425736020_ref_NZ_
621 896
5207 5261
12554 16875
18322 18453
21590 21883
24140 25183
32841 33081
34282 34410
41817 41978
42629 42691
47635 48364
54497 54657
57697 57868
58313 58504
61759 62645
63394 63933
67504 67698
69503 71220
74572 74632
77394 77576
78372 78624
80209 81243
86247 86965
87683 87752
88409 88673
89234 89317
91765 91898
93617 94327
95799 95848
96766 96951
99107 99245
99548 99666
100590 100672
103729 103851
Brevibacterium_casei_S18_gi_425736601_ref_NZ_
1 379
14940 15466
21790 22204
23564 24191
29707 30355
31607 31692
34965 35060
41752 42599
45323 45714
48148 48679
Brevibacterium_casei_S18_gi_425736436_ref_NZ_
1 604
1522 1865
7455 7805
9064 9133
10033 10175
17178 17364
18972 19262
37550 37895
46313 46515
52068 52163
57758 59800
66690 67636
71029 71518
Brevibacterium_casei_S18_gi_425736709_ref_NZ_
Brevibacterium_casei_S18_gi_425735487_ref_NZ_
1827 2258
4078 4189
6590 6711
11417 11943
14094 14191
15522 15652
17153 17617
18197 18503
26047 26099
26904 27211
32617 34223
34696 35227
39311 39534
43541 44406
45628 45891
48749 49043
54004 54452
57839 57898
58573 58813
61739 61831
62738 62816
63769 64295
66283 66335
67279 67459
76273 76543
80575 81338
82653 82815
92137 92221
92801 93072
94816 94884
98883 99106
101867 102024
126123 126415
131619 132260
135265 136449
144603 144871
151593 151736
152438 152867
154578 154831
159113 159304
161260 161320
162310 163295
170696 170893
173361 173802
176333 176524
178038 178514
180838 181069
182877 182956
186535 186597
188224 188409
193105 193792
194393 194453
197331 197494
199015 199071
199870 200022
200761 200998
Brevibacterium_casei_S18_gi_425736364_ref_NZ_
1 63
1959 2049
3943 4519
5148 5489
9873 10294
11606 11721
14015 14215
14547 15826
21304 21594
24906 25121
26545 26947
27936 28064
32017 32260
41903 42178
44090 45208
52014 52086
58651 58736
61380 61513
63778 64344
70308 70580
71774 72066
Brevibacterium_casei_S18_gi_425736697_ref_NZ_
1 257
Brevibacterium_casei_S18_gi_425736705_ref_NZ_
725 1422
Brevibacterium_casei_S18_gi_425736725_ref_NZ_
Brevibacterium_casei_S18_gi_425735920_ref_NZ_
1638 2750
4191 4265
10627 10989
13771 15031
17464 17693
19432 19854
24555 25687
26960 27944
30161 30310
34155 34261
35548 35763
40476 40814
43287 45500
47370 47892
60208 60314
61304 61404
61938 62486
63427 63695
64555 64609
66148 66242
67374 67603
70784 70930
75904 75981
83945 84173
87903 88004
88523 88894
91192 91271
92698 92800
98260 98364
99802 100609
101909 102179
108428 108829
109572 111269
113918 114171
Brevibacterium_casei_S18_gi_425736661_ref_NZ_
2447 2912
5477 5563
8716 8884
9955 10263
22319 23181
25440 25571
Brevibacterium_casei_S18_gi_425736717_ref_NZ_
Brevibacterium_casei_S18_gi_425734471_ref_NZ_
716 789
3580 4237
5201 5564
10134 10393
13347 14231
18266 18440
19116 19181
23122 23313
28271 28427
31528 31578
32669 32817
36175 36437
37771 38147
45219 45397
46045 46948
48633 48768
52569 53829
55544 55724
58650 58988
61187 61317
63249 63435
65507 65856
67631 67680
71815 71944
73089 73328
74008 75754
78060 78140
79969 80048
80417 80865
85353 85412
90865 90998
94168 97682
98284 98415
105366 105445
113201 113274
115882 115939
123248 123687
124530 124929
132700 132761
133451 133635
140937 141067
145247 146742
147721 147906
148873 148983
151360 151599
152757 154049
159154 159461
162940 163066
163466 164017
166287 166419
169189 169571
175046 175121
182675 182988
183986 184179
189288 189443
192410 192590
196048 196254
200204 201750
205411 208775
209729 209789
226854 227079
233160 233232
236154 236254
242680 242988
244608 244961
246373 253494
Brevibacterium_casei_S18_gi_425736720_ref_NZ_
Brevibacterium_casei_S18_gi_425734702_ref_NZ_
1 513
1183 1346
1694 2011
3354 4641
9060 9152
9974 10692
12823 13042
19102 19445
22850 24664
25797 25881
27834 29249
29880 30060
32765 33016
36092 36865
38434 38604
40257 40424
40964 41079
41860 42099
45023 45560
46262 46473
59535 59597
63064 63225
63506 63929
67923 68042
71181 71304
78561 78909
79912 80046
81055 81133
89307 89815
92051 92119
94305 94360
98341 98430
99732 100409
108377 108765
109958 110337
112935 113685
114834 115516
123398 123463
127951 128331
131362 132310
134883 135395
136612 136846
138151 138356
144040 151172
158681 158814
164467 166308
166853 167016
170187 170297
172304 172665
178207 178465
181079 181187
181875 182774
193484 193639
194808 195579
199215 199665
201411 201570
203461 207111
207685 208869
209998 210766
211894 213042
219811 219957
221792 221875
223228 223370
226410 226488
227439 228200
Brevibacterium_casei_S18_gi_425736715_ref_NZ_
1 76
Brevibacterium_casei_S18_gi_425736283_ref_NZ_
4441 5276
11891 12106
13999 14138
15292 16978
22945 23066
25012 27096
31949 32076
32746 32805
41673 41860
42684 43375
47381 47439
53076 53667
57321 57883
63754 64110
65506 65572
76849 77080
78056 78141
83012 83140
87731 87899
Brevibacterium_casei_S18_gi_425736505_ref_NZ_
1 505
1956 2102
7900 7999
9202 9385
11592 12463
14153 14274
14950 15591
18687 18842
21518 24856
32277 32459
38600 45133
50503 52927
57824 57962
Brevibacterium_casei_S18_gi_425736731_ref_NZ_
1 533
Brevibacterium_casei_S18_gi_425736723_ref_NZ_
1 769
Brevibacterium_casei_S18_gi_425733473_ref_NZ_
1 538
6792 7156
10942 11031
11968 12730
14328 14471
15881 16024
19989 20148
22250 22328
34345 34781
35837 36320
39833 40763
41423 41640
44624 45234
52337 52441
57322 60135
64742 66064
67941 67998
70838 71028
72694 72797
82492 82567
86259 86757
88106 88489
89008 89173
90462 91545
98533 98717
110155 110264
113006 113340
115257 115337
118688 119600
124385 125151
126426 126997
128153 128272
128843 129096
130354 130689
133233 133927
135606 136369
144770 145188
147199 147255
147894 148219
150330 150872
151837 151917
157308 158629
159858 160230
161370 161423
167235 167444
168424 170353
172299 177332
183568 183711
184507 185488
186512 186821
187415 187558
189011 189072
190060 190153
191871 192533
202981 203579
206388 206851
217929 218646
219343 224312
225490 225960
227399 227590
232804 233081
243120 243816
247246 247520
248336 248563
249132 249995
255990 256266
258590 258750
259558 261514
263247 263356
263987 264081
270198 270423
271822 271878
276363 276696
281340 281448
289995 292149
297233 297361
299214 299270
299908 300578
308173 308313
320146 320479
327400 327496
328755 328907
329945 330049
330164 330819
336426 336687
341144 341220
342924 342975
343867 343965
345827 346770
349531 350441
352545 352667
356779 356929
361555 361611
363671 363760
366350 366459
369639 369748
370496 370563
372906 373106
373191 373599
375627 375696
379776 379891
381928 382165
386576 386725
389454 389618
393034 393563
396859 397536
398405 399423
400208 400388
407379 408332
416424 416483
421419 423395
425012 426337
427416 427475
430213 430734
432272 432344
439182 439731
440931 441528
442487 443586
444974 445439
451387 452198
453965 454391
455226 460821
466475 466931
468376 468668
469300 469442
470542 470619
472245 474224
476890 479882
485956 486323
487801 488250
490970 491684
495199 495651
495912 496445
498547 498652
499367 500107
501779 502035
513050 513224
514146 514285
514918 515409
521473 521604
523021 523275
527187 527648
529498 529982
531320 531655
535214 536230
541109 541517
549211 549351
553150 554140
558561 558737
560190 560383
562446 562599
565305 565689
570640 571395
575674 577038
577419 578231
581326 581775
582624 582674
585642 586083
588204 588287
589058 589135
591971 592057
593338 593470
600964 601541
604773 605146
606670 607310
610157 610262
616245 616458
623885 624487
625901 626442
626961 627268
633216 633329
635383 636512
637025 637087
641321 641377
644940 645089
651955 652433
657643 659152
661790 661908
665053 665106
669398 669737
675864 675927
680722 680927
690800 691063
693149 693279
695295 695587
697726 698095
699358 699588
700415 700595
704468 704543
708384 708599
717613 718359
721013 721143
724272 724469
726825 727134
729319 729389
729908 730346
732475 732725
738511 739074
742099 742192
743153 746405
749145 749369
750259 750383
756055 756731
758704 759343
760274 760897
765809 765892
766679 768673
770831 770989
771945 772373
774207 774593
776370 776549
777745 778135
778988 783924
785225 786618
792095 792240
794475 794892
795507 795574
Brevibacterium_casei_S18_gi_425734901_ref_NZ_
1 195
3625 3704
5022 5154
6162 6446
7087 8321
8444 10633
15199 15534
19842 20087
24736 25055
27911 28162
29187 29776
34708 35124
35910 37460
39050 39421
42481 43708
44893 45058
49111 49177
57003 57052
57600 57891
59548 60737
63709 64459
65287 65763
66390 66698
71699 71869
78567 78652
81060 84173
85974 86414
88070 88154
93503 93760
96622 97367
98630 98738
108256 110059
118485 118902
125506 127957
131585 132008
134687 134856
135441 136417
137614 137715
143188 143349
146949 147354
151239 151303
151757 151810
156879 157083
166527 166841
167464 167517
182100 182231
184094 185438
198659 198791
210160 210321
210728 210798
214891 214951
217356 218061
218857 218972
222510 222609
223382 223476
226464 227454
228746 229201
Brevibacterium_casei_S18_gi_425736726_ref_NZ_
Brevibacterium_casei_S18_gi_425736701_ref_NZ_
1 221
Brevibacterium_casei_S18_gi_425736698_ref_NZ_
Brevibacterium_casei_S18_gi_425735098_ref_NZ_
2551 2709
6033 6087
8958 9695
11093 12381
14537 14959
17705 18112
19309 20583
22159 22303
23084 23221
25272 25605
27896 28812
36319 36381
37581 37663
44779 45033
51420 52075
58566 59154
61089 61307
62190 62242
62768 63624
67156 68959
70072 70174
72973 73241
74607 74690
76020 76434
77235 77594
78513 78808
79732 80526
82906 83157
89785 89866
91089 91413
92656 92855
96770 98093
101439 103248
110042 110382
113986 114403
123595 123785
125591 127816
129965 130244
130821 133884
139292 139711
146018 147840
149640 150751
158150 159839
166972 167275
171096 171401
171853 172233
177081 177208
178344 178945
179548 179619
181995 182626
183142 183261
183940 184254
187463 187736
190826 196012
196977 197086
198419 198540
200918 201018
201610 201661
202810 203328
208617 209290
213839 214093
217505 218684
223035 223917
Brevibacterium_casei_S18_gi_425736724_ref_NZ_
Brevibacterium_casei_S18_gi_425736551_ref_NZ_
1 531
2406 2746
4193 4371
6837 6936
10341 10971
12263 12786
13695 13790
14315 14539
14722 15623
18068 18434
22752 22921
23674 24339
25661 25983
31243 31791
32451 35640
40182 40533
44062 50787
57527 57638
Brevibacterium_casei_S18_gi_425736727_ref_NZ_
274 563
Brevibacterium_casei_S18_gi_425736706_ref_NZ_
1197 1329
Brevibacterium_casei_S18_gi_425736712_ref_NZ_
1 61
Brevibacterium_casei_S18_gi_425736719_ref_NZ_
725 808
Brevibacterium_casei_S18_gi_425736202_ref_NZ_
2427 2477
10212 13788
16145 16222
19466 19675
21906 22123
27850 30925
31711 31815
32358 32510
34172 34268
36692 37075
48489 49553
57211 57969
59508 59743
69557 69888
80577 80699
82248 82766
86326 86746
90088 90242
93702 93819
