Brevibacterium_casei_S18_gi_425736638_ref_NZ_
1 6729
7312 9354
9866 11046
11629 17897
18938 20499
21025 24721
25357 27998
Brevibacterium_casei_S18_gi_425735796_ref_NZ_
1 123
792 2005
2578 7871
8419 10422
11562 22052
22894 23401
23919 27417
28023 35859
36393 39497
40465 43105
43838 44465
44993 46106
46651 47408
47945 49591
50904 52400
53128 57981
58543 61020
61778 65971
66528 67151
67725 69752
70467 71340
71943 74437
75253 81591
82254 83703
84205 85399
85946 88641
89162 90313
90882 93976
94522 96420
96924 98732
99267 102767
103341 110814
111753 125180
125875 128582
129114 131095
131628 132946
Brevibacterium_casei_S18_gi_425736728_ref_NZ_
1 553
Brevibacterium_casei_S18_gi_425736108_ref_NZ_
1 2673
3185 5500
6133 7348
7873 8982
9885 11010
11540 16188
16794 23040
24548 24892
25453 28674
29989 33115
33819 36500
37619 39669
40476 41562
42153 43140
44324 44949
45666 48905
49632 59489
60261 62476
62988 63687
64327 64556
65306 70309
70887 76814
77535 83902
84617 87719
90176 90412
90978 94638
96047 98108
Brevibacterium_casei_S18_gi_425735291_ref_NZ_
1 1079
2283 3753
4363 11677
12181 14392
15116 23202
24412 31300
31928 36782
37480 42048
42837 48457
48963 49360
50704 54905
56206 60702
61736 61961
62599 64968
65573 65864
66468 66746
67664 75301
75983 80259
80885 81271
81779 87841
88423 88931
89564 91958
92477 94908
95615 98157
98888 103013
103519 103675
104185 105367
106066 113672
114267 117979
119297 124580
125287 128020
128877 131914
132690 136568
137186 142743
143358 143853
144693 147334
147916 150788
151676 159233
160621 165397
165969 169422
170003 171828
172839 177714
178270 178490
179000 183850
184479 184559
185272 190772
191585 192724
193291 200155
200702 205399
205926 208763
209387 211786
212351 213080
214189 215052
Brevibacterium_casei_S18_gi_425736678_ref_NZ_
1 144
825 2458
2977 6016
6777 14542
15096 16580
17543 21824
Brevibacterium_casei_S18_gi_425736722_ref_NZ_
1 795
Brevibacterium_casei_S18_gi_425736730_ref_NZ_
1 539
Brevibacterium_casei_S18_gi_425734199_ref_NZ_
1 3021
3857 8434
9459 10008
10578 10905
11456 11807
12308 14438
15044 15914
16584 19151
19701 23347
24072 25123
25822 27448
28060 33053
33698 37053
37655 38932
39581 40410
40974 46769
48065 53737
54395 57177
57774 58569
59174 60237
61420 61688
62201 69094
69782 70834
71484 71780
72320 73180
73871 75141
75683 76172
76835 80907
82532 85639
86804 94354
95156 97295
97878 101755
102491 104182
105031 106478
107268 110486
111019 112451
113131 113874
114636 117699
118257 119257
119920 120865
121444 121595
123080 123863
124432 128984
129574 132702
133269 133681
134461 135819
136792 137737
138352 141445
142312 144357
144889 146312
147055 147157
148372 150035
150739 152574
153198 153387
153945 160691
161204 162287
162980 163393
164056 171859
172418 175557
176276 179113
180035 184841
185362 190249
190864 195487
196021 196627
197192 199494
200323 202446
203078 203598
204112 205173
206240 206608
207111 212679
213181 214646
215175 218174
219069 221477
222042 222137
222945 224683
225198 227585
228928 229660
230245 233501
234118 236453
237300 237441
238071 239315
239944 240631
241272 245111
245938 246379
246895 247227
247853 250597
251209 253587
254193 256452
257375 271046
271557 273730
274891 280179
280915 281467
282311 283016
284234 285331
285890 286799
287580 293732
294248 296109
296655 297203
298793 305731
306455 306597
307322 314993
Brevibacterium_casei_S18_gi_425735657_ref_NZ_
1 1390
2062 5288
5815 8106
8675 11915
12675 15044
15625 17983
18500 26165
26699 27372
27884 28400
29829 31342
31880 32037
32660 38101
38642 43781
44498 45504
46223 48453
48958 52777
53352 54989
55594 57335
58126 58250
59097 60818
61419 63126
64718 73507
74220 77123
77656 87648
88179 89802
90713 92962
93625 94759
95328 96348
96960 97171
97945 101719
102239 105917
106624 108617
109158 112861
113426 115421
116051 116397
116977 118660
119270 123420
124038 124578
125541 132358
133000 136130
136877 139916
140445 141496
Brevibacterium_casei_S18_gi_425736020_ref_NZ_
1 102
821 3439
4191 5431
5933 6875
7574 8085
9105 9541
10946 12645
13164 13917
14519 14828
16019 22351
23234 23605
24717 25148
26304 27385
28025 29604
30232 30579
31171 34566
35312 35541
36247 36877
37426 39133
39709 40703
41276 45629
46654 46736
47320 49472
50355 50439
51057 51866
52471 55461
56238 56434
56960 61683
62428 68805
69491 73147
73818 75169
76535 81298
81842 83594
84456 84730
85413 91101
91749 95070
95680 97589
98256 98582
99147 99732
100505 101116
101891 104957
105540 107162
Brevibacterium_casei_S18_gi_425736601_ref_NZ_
1 4121
4807 6688
7361 9681
10333 11631
12189 13306
13880 16281
16797 17155
18378 20610
21410 22272
22936 26002
26601 28770
29589 32107
32779 33171
34017 35156
35863 45997
46575 46707
47415 50687
Brevibacterium_casei_S18_gi_425736436_ref_NZ_
1 3883
4594 5425
6075 11748
12406 13436
13965 15493
16039 16598
17157 19810
20404 27203
27869 34103
34731 35540
36269 36415
36998 43265
43881 44661
45472 45698
46203 46972
47541 49406
50076 57089
57666 58025
58627 59808
60328 63098
63639 65989
66689 67703
68463 70358
71016 71518
Brevibacterium_casei_S18_gi_425736709_ref_NZ_
1 1276
Brevibacterium_casei_S18_gi_425735487_ref_NZ_
1 4952
5566 10836
11504 13084
13735 14192
15260 15692
16207 16424
17128 22102
23234 24591
25226 26214
26887 27212
27881 38483
39188 40231
40876 41720
42435 44981
45582 46475
47288 47896
48447 49044
49579 51166
51878 52916
53444 59581
60641 66347
66863 67465
68614 75710
76269 76544
77128 78995
79550 82806
83995 85749
86391 87686
88725 90811
92024 96828
97359 99543
100227 101159
101859 102664
103509 104696
105841 106078
106684 107770
108505 115205
115985 117954
118608 119017
119518 119799
120327 122292
122949 132318
134268 135641
136176 140482
141137 141265
142420 142583
143308 146583
147094 148869
149371 157440
158095 159645
160209 160279
161123 165072
165724 169513
170435 171555
172132 178594
179519 179931
180821 185436
186207 186986
187910 189982
190597 192326
193083 196789
197343 200998
Brevibacterium_casei_S18_gi_425736364_ref_NZ_
1 854
1390 13122
13696 17833
18349 22628
23880 28065
28789 29400
30712 34685
35225 36216
37387 39232
39851 40052
40909 43347
43990 48431
49166 52363
52908 53361
54183 56590
57218 57399
58015 60101
60787 67088
67651 71267
71780 72066
Brevibacterium_casei_S18_gi_425736697_ref_NZ_
1 3360
Brevibacterium_casei_S18_gi_425736705_ref_NZ_
1 1422
Brevibacterium_casei_S18_gi_425736725_ref_NZ_
1 586
Brevibacterium_casei_S18_gi_425735920_ref_NZ_
1 7750
8787 11496
12003 16616
17262 18333
18947 19771
20670 20837
21443 22541
23225 29560
30066 31931
32548 33048
33731 36288
37112 37186
37707 38285
38957 44581
45148 46740
47364 48984
49502 49680
50444 51755
52301 52443
53014 55081
55690 58831
59387 60625
61188 62798
63319 65457
66077 69251
70001 70988
71543 73647
74741 74803
75370 76129
76822 78576
79164 80056
80641 81228
82064 82255
83428 83957
84535 84609
85176 87146
87667 89121
89763 89959
90616 94037
95244 97661
98219 98902
99719 109698
110731 111421
111985 114171
Brevibacterium_casei_S18_gi_425736661_ref_NZ_
1 4902
5422 8814
9323 10831
11603 12239
12849 13541
14212 20060
20608 20856
21516 25571
Brevibacterium_casei_S18_gi_425736717_ref_NZ_
752 1088
Brevibacterium_casei_S18_gi_425734471_ref_NZ_
1 64
602 6011
7318 14556
15142 15725
16232 17219
18143 31020
31526 31579
32185 38364
39074 40249
41085 41904
42423 43843
44404 49522
50183 54174
54717 55693
56237 59447
60000 62126
62754 64296
64822 69375
70174 74171
74952 78875
79555 87523
88185 88940
89453 91805
92339 94498
95071 95557
96867 101677
102230 106635
107290 108982
109495 111232
112725 116635
117292 121994
122546 127264
127780 129049
129947 132878
133433 133517
134119 137747
138329 141068
141980 148318
148840 150074
150703 151661
152841 153041
153602 159708
160397 164628
165252 169628
170261 173196
173700 174155
174846 176313
176887 177874
178675 179892
180525 182033
182577 194068
195304 202457
203120 204276
204973 207375
207935 212101
212607 216267
216936 217128
218245 222068
223016 225328
225963 229268
229798 233650
234251 235258
236012 237709
238220 240289
240967 245728
246309 249222
250030 250496
251141 256073
256848 256977
257727 258948
259653 263913
Brevibacterium_casei_S18_gi_425736720_ref_NZ_
1 796
Brevibacterium_casei_S18_gi_425734702_ref_NZ_
1 2412
3334 5132
5678 6912
7533 11060
11836 15777
16799 17840
18347 19555
20123 30141
31296 34065
34832 35354
35959 37671
38357 39533
40100 41184
41774 42810
43542 50774
51332 53297
53808 56162
56711 57952
59119 62356
63033 66918
67539 73823
74352 75076
75679 77970
78585 82150
82929 84579
85193 88411
89293 99176
99687 106193
107784 112116
112674 116431
117118 117411
117975 119233
119820 124054
125000 129254
129755 130193
131331 142816
143405 144596
145184 147430
148443 149340
149968 150306
150811 152020
152667 152847
153635 159091
159811 159898
160409 163136
164317 179883
180419 186364
186949 195689
196727 197536
198197 200849
201550 203914
204630 205802
206957 209022
209773 210679
211333 213570
214126 214926
215697 216479
217120 220116
221071 222612
223177 225260
226081 232113
Brevibacterium_casei_S18_gi_425736715_ref_NZ_
1 1104
Brevibacterium_casei_S18_gi_425736283_ref_NZ_
1 437
1359 9364
10015 10110
10964 17187
17980 21082
21628 23768
24274 25142
25659 34159
34699 35319
36387 36693
37308 37752
39089 43593
44360 44504
45108 48465
49046 50303
51285 58313
59000 59470
59994 60094
60822 61778
63062 65777
66334 66645
67448 71153
71657 74951
75502 75662
76222 78800
79466 80092
80744 87899
Brevibacterium_casei_S18_gi_425736505_ref_NZ_
1 6071
6640 13389
13944 17434
18198 19752
20777 26987
27615 32445
33010 33994
34542 34918
35640 39851
41085 41789
42619 47123
47626 49382
49924 50618
51159 54146
54694 54951
55800 57962
Brevibacterium_casei_S18_gi_425736731_ref_NZ_
1 533
Brevibacterium_casei_S18_gi_425736723_ref_NZ_
1 769
Brevibacterium_casei_S18_gi_425733473_ref_NZ_
1 2201
2703 3704
4505 9159
9867 10421
10941 13249
13774 16054
17024 19423
19987 23039
23565 24838
25697 28027
29508 29743
30371 32068
32944 34782
35308 37358
37930 43586
44441 51308
51995 56015
56635 58795
59983 66102
66638 77182
77750 79284
79878 80416
81028 83484
84074 84572
86148 89718
90374 91743
92277 92895
93915 95347
96133 96600
97276 100996
101556 109074
109760 111483
112128 112282
112865 113612
114330 121033
121811 138868
139405 139607
140244 140816
141453 142461
143035 145219
145731 146364
147126 150903
151790 153010
153581 154122
155663 156212
157006 163023
163751 163911
165400 167939
168450 173417
174230 175606
176124 179752
180370 182162
183376 194622
195211 196730
197478 199689
200346 202061
202737 203529
204038 209909
210807 214385
214974 218110
218669 221888
222759 228654
229362 230218
230848 232102
232706 235483
236017 236835
237493 241201
241865 242093
242608 245396
246440 250307
250998 251979
252640 253777
255045 257012
257784 262540
263193 264612
265223 266398
266950 267668
268227 272000
272636 272848
273389 275295
275842 275924
276468 280133
280658 286022
286638 291301
291906 294924
295732 300550
301373 304542
305137 307450
308218 309385
309905 315624
316283 317174
317912 318492
319164 320630
321132 322307
322921 323142
324176 330899
331755 332795
333377 343047
343727 345168
345829 352851
353430 355350
355910 359423
360196 362790
363437 364794
365817 367918
368810 369020
369621 378622
379124 381070
381641 383915
384532 391630
392480 393456
393965 394500
395208 402802
403646 408586
410085 410730
411377 416542
417161 423641
424213 425079
425801 426494
427192 433007
433864 435800
436581 439732
440408 446587
447604 449733
450369 452229
452827 456196
456948 458312
458957 459186
459857 459979
460737 461197
461814 464392
465009 467221
467914 475886
476422 478559
479133 482848
483415 486871
487410 488467
490072 494154
495069 496509
497270 500968
501755 506116
507340 508289
508927 509384
509928 513316
513898 519879
520687 520738
521392 525025
525559 525941
526700 527649
528550 530061
530699 532266
532831 533931
534743 537146
537651 538312
539069 539531
540255 542843
543426 546077
546727 548045
548625 549429
550257 562661
563266 564749
565253 566077
566914 568955
569466 571370
573252 580708
581321 582981
583823 584599
585350 586980
587499 590672
591189 592076
593299 594842
595347 597527
598088 598636
599155 608638
609455 613103
613668 613792
614325 618731
619292 621227
621879 622790
623575 628566
629108 631822
632426 643952
644471 647421
648409 649104
649625 651063
651910 655029
655747 662961
663731 666657
667210 668776
669397 669794
670560 673309
673962 675239
675756 675928
676502 678936
679617 680876
682003 683214
684429 685497
686199 686652
687353 688865
689581 691428
692049 692446
693148 700637
701166 702098
702656 703823
704451 704556
705162 710264
710822 711422
711935 720064
720914 737799
738338 741320
742005 742193
742727 744034
744902 746721
747914 751727
752304 754283
755387 756732
757273 757617
758467 761586
762121 765260
765774 765935
766544 771104
771651 775103
775885 786686
787959 790762
791421 793430
793941 795574
Brevibacterium_casei_S18_gi_425734901_ref_NZ_
1 7419
8172 9602
10416 10749
11549 11914
13056 15811
16447 16979
17716 18781
19316 21041
21888 22085
22650 23898
24735 33143
33714 54003
54527 55506
56021 56248
56880 58892
59526 61617
62220 68561
69180 77664
78168 88073
88644 93839
94395 96565
97212 98822
99382 100194
100695 100883
101483 102306
102850 103454
104141 110749
111301 115188
115854 116658
117185 118883
119393 123404
123949 125961
126663 128379
129027 130093
130833 134144
134653 138259
138788 143373
143879 146253
146948 150242
150756 154649
155393 156367
156902 158773
159415 160158
161046 164943
165947 167627
168867 171033
171639 172888
173643 175919
177150 178736
179402 181043
181753 182467
183605 190682
191558 194950
196922 199671
200273 200670
201286 202043
202565 204755
205582 206978
207576 215046
215575 220248
220822 221067
221707 221954
222497 229201
Brevibacterium_casei_S18_gi_425736726_ref_NZ_
1 570
Brevibacterium_casei_S18_gi_425736701_ref_NZ_
1 272
1021 1656
Brevibacterium_casei_S18_gi_425736698_ref_NZ_
1 1981
Brevibacterium_casei_S18_gi_425735098_ref_NZ_
1 1587
2316 3183
3917 4179
4773 4869
5371 12444
14361 26622
27280 34895
35471 36765
37342 37697
38597 39586
40160 40987
41508 41732
42591 42942
43542 45046
45934 49569
50137 50825
51356 55551
56081 59318
60652 61307
62007 66382
67024 69376
70075 73505
74122 77999
78512 86213
86900 88438
89024 90381
90946 91720
92444 93641
94916 104443
105211 106843
107530 108528
109319 111975
113310 117432
118675 123686
124321 128399
129200 129446
129966 131924
132804 132887
133516 134572
135229 136481
137054 140653
141170 147831
149179 150798
151368 151601
152267 153619
154499 157064
157586 160780
161376 167602
168110 179752
180254 180482
181225 185479
186009 188053
188557 190086
190886 195241
195931 197131
197765 198548
199224 203354
203923 206172
206686 206783
207399 211953
212503 215391
215983 216985
217511 219028
219642 220911
221901 222997
223513 224788
226023 228125
228652 228963
Brevibacterium_casei_S18_gi_425736724_ref_NZ_
1 599
Brevibacterium_casei_S18_gi_425736551_ref_NZ_
1 3393
3952 20477
21149 27929
28803 29091
29749 31812
32344 33185
34102 36675
37430 38137
39144 46609
47170 47615
48154 48771
49426 52428
52941 54221
54905 56603
57235 57638
Brevibacterium_casei_S18_gi_425736727_ref_NZ_
1 563
Brevibacterium_casei_S18_gi_425736706_ref_NZ_
1 1329
Brevibacterium_casei_S18_gi_425736712_ref_NZ_
1 83
667 1227
Brevibacterium_casei_S18_gi_425736719_ref_NZ_
1 89
701 808
Brevibacterium_casei_S18_gi_425736202_ref_NZ_
1 3454
4504 5336
5863 6754
7493 11253
12289 12746
13259 17487
18201 19830
20371 27948
28521 39083
39634 40324
40843 41054
41911 44849
45469 51859
52366 53043
53834 54723
55345 55570
56236 56317
56820 60624
61954 62697
63585 66196
67171 69996
70614 85712
86331 92751
93404 94117
94996 95234
