Brevibacterium_casei_S18_gi_425736638_ref_NZ_
1836 2218
4177 4259
5040 5181
21381 21787
27898 27998
Brevibacterium_casei_S18_gi_425735796_ref_NZ_
1 94
19691 20053
24398 24575
29053 29380
30855 31247
33888 34022
34553 34814
36851 36919
43907 43967
52994 53067
55893 57833
60303 60740
62307 63547
65157 65551
72082 74217
77538 77835
84250 85260
95375 95451
106890 107143
112290 112495
113919 114578
125545 125917
128200 128573
132703 132946
Brevibacterium_casei_S18_gi_425736728_ref_NZ_
Brevibacterium_casei_S18_gi_425736108_ref_NZ_
1 153
2101 2209
6193 6400
8078 8460
19750 20411
22191 22256
31551 31739
33897 34328
34988 35078
46768 47078
51831 52104
56447 56889
61936 62439
62993 63184
66279 66460
76401 76627
78216 78385
83128 85647
90187 90395
91100 91298
91809 91983
92784 93364
96360 96423
Brevibacterium_casei_S18_gi_425735291_ref_NZ_
5031 5367
9845 9917
11069 11202
12720 13401
15194 15301
16029 16090
18751 23117
28272 28581
30733 31132
33492 33565
51382 51837
53355 53450
54392 58968
64419 64507
67961 68670
69443 69892
70424 70939
72424 72957
79440 79793
84350 84612
90747 90993
94530 95958
100175 100529
102072 107586
110462 110759
111365 112981
114538 114795
117694 117914
127504 129145
133831 134074
139929 140007
142429 142728
145456 145641
147838 149118
152183 152538
153473 153785
166173 166587
168479 169398
173534 174270
176191 176948
186275 186497
187315 187603
189095 189301
194114 194776
198191 198640
204207 205034
212361 212424
Brevibacterium_casei_S18_gi_425736678_ref_NZ_
4725 4785
7303 7397
9306 11616
12291 12345
15426 15612
18207 21824
Brevibacterium_casei_S18_gi_425736722_ref_NZ_
Brevibacterium_casei_S18_gi_425736730_ref_NZ_
Brevibacterium_casei_S18_gi_425734199_ref_NZ_
1 921
6784 7635
12311 12368
13756 14369
16623 16952
20641 20733
24357 24939
30347 30460
31011 31247
41007 42305
43750 44120
49011 49309
62339 62478
64357 64498
65864 66064
67127 67183
71569 71778
77051 77318
79504 79565
83242 83530
89621 90263
91709 92326
93189 93749
95987 96414
101000 101388
103695 103975
105919 106283
114796 114915
115632 115733
118318 119031
120604 120704
124968 125037
126746 127335
131718 132268
136838 136998
143180 143244
147183 147284
151145 151397
154493 154703
160206 162086
168692 169147
177072 180035
188258 188356
201206 201732
203203 203511
211979 212170
213209 214699
215219 215643
219077 219388
221015 221148
231292 231476
232284 232368
236277 236397
238840 240556
242887 243239
247905 248564
252544 253551
255162 255259
257480 258614
260272 260903
269722 270325
296052 296102
309433 310251
311439 311637
312397 312756
313363 313423
314937 314993
Brevibacterium_casei_S18_gi_425735657_ref_NZ_
2203 2657
3716 3887
6760 6838
7441 7733
8787 9772
13899 14659
20625 21198
30353 30469
32916 33001
34863 35281
35977 36839
46770 46875
48329 48412
49843 50333
50841 51105
51949 52253
69647 70661
73228 73506
75232 75609
78300 78914
80672 82219
82783 83673
84525 84613
86340 87508
89169 91495
92300 92749
93723 93775
95746 95982
101361 101530
115007 115411
116995 117120
121453 122352
122862 123201
126839 127160
134863 135079
Brevibacterium_casei_S18_gi_425736020_ref_NZ_
1 896
3154 5271
12511 12630
16154 16824
19784 20024
26823 28205
47761 48280
63898 64641
66432 66483
67636 67698
74655 74735
79187 79607
80206 80611
86372 86632
88409 88655
93656 93997
95799 95848
96897 97012
99209 99660
103729 103839
Brevibacterium_casei_S18_gi_425736601_ref_NZ_
1 1098
15672 16121
23671 24000
25148 31616
34965 35060
41781 41869
42595 42854
45279 45691
49627 49827
Brevibacterium_casei_S18_gi_425736436_ref_NZ_
1 58
1587 5421
7455 7805
9070 9133
10071 10175
17223 17364
19027 19335
21750 21886
25712 26535
33372 35092
37550 37920
42785 42900
45486 45609
54634 55092
55751 55918
57093 59800
65385 65634
66967 67497
71029 71518
Brevibacterium_casei_S18_gi_425736709_ref_NZ_
Brevibacterium_casei_S18_gi_425735487_ref_NZ_
1822 2258
3474 4179
6590 6711
12981 13078
14039 14175
18197 18503
21456 23240
25636 26099
34818 34880
37440 38458
39321 39551
43470 44401
45628 45891
47552 48930
49581 49646
53937 54235
57801 57906
58498 58890
63863 64579
66283 66335
70921 71243
80707 81338
92803 93072
98883 99106
106718 107044
123047 123439
125593 126105
135347 135586
144647 144944
158397 158448
161302 161725
162409 162480
164521 164577
173361 173802
176263 176524
178455 178538
180864 181070
192699 192839
193064 193274
194416 194484
198739 199051
199868 199927
200678 200998
Brevibacterium_casei_S18_gi_425736364_ref_NZ_
1 63
6106 6844
11606 11721
14549 14733
21220 21594
27936 27989
32046 32303
41916 42522
45086 45201
46781 47093
52014 52086
62247 62320
63101 63420
63924 64630
Brevibacterium_casei_S18_gi_425736697_ref_NZ_
1 351
969 1234
1757 2179
Brevibacterium_casei_S18_gi_425736705_ref_NZ_
1 1422
Brevibacterium_casei_S18_gi_425736725_ref_NZ_
Brevibacterium_casei_S18_gi_425735920_ref_NZ_
10909 11345
14324 14866
25625 25687
27888 27944
30161 30243
45167 45505
47370 48169
53245 53587
61304 61379
62484 62853
73183 73386
83945 84075
87602 88877
91192 92790
95374 95559
96451 96550
98308 98361
99859 100479
111008 111272
113935 114171
Brevibacterium_casei_S18_gi_425736661_ref_NZ_
1 624
1855 3081
22478 22946
23861 23969
25449 25571
Brevibacterium_casei_S18_gi_425736717_ref_NZ_
1029 1088
Brevibacterium_casei_S18_gi_425734471_ref_NZ_
1834 1897
5244 5564
18253 22504
23159 23503
28271 28434
29589 29694
32766 32914
36095 36222
37771 38147
39605 39868
45219 45397
52504 52968
58626 58964
63249 63482
65092 65856
67320 67997
69019 69080
76724 76979
78070 78141
80417 81107
88848 88903
110777 113458
115963 116016
132739 132802
134111 134347
140968 141047
145563 147296
147562 147939
150873 151597
154032 154170
160783 160921
169189 169595
175064 175497
176920 181145
182675 182996
183986 184247
186379 186746
191935 192569
200464 200863
201392 201750
215809 217839
226854 230091
242569 244910
246138 246596
Brevibacterium_casei_S18_gi_425736720_ref_NZ_
Brevibacterium_casei_S18_gi_425734702_ref_NZ_
1 513
1216 2011
3354 3468
12966 13042
21559 24628
25183 25248
25845 26061
32732 32811
40944 41079
46232 46393
47965 48195
52185 52275
53860 54665
60788 62096
69267 72610
79991 80046
89349 89801
96470 96720
97553 97785
99732 99856
104283 104474
105493 105684
113007 113076
113668 113965
125035 126400
127169 127407
132169 132656
133601 133691
136661 136993
138151 138213
146907 146961
154366 155016
158681 158814
166853 166941
172304 174042
176891 178436
180446 180978
181601 183124
207142 208851
227808 228281
229841 229960
232058 232113
Brevibacterium_casei_S18_gi_425736715_ref_NZ_
1 347
Brevibacterium_casei_S18_gi_425736283_ref_NZ_
11885 12020
14054 14285
15301 15510
16408 16531
20107 20496
25082 25137
27289 27463
31946 31996
36412 36647
37672 37745
39606 39970
42757 43199
53076 53447
55115 55195
55736 56659
57887 57946
63794 68472
71700 71952
73730 73997
76849 76997
78045 78140
83142 83196
87703 87899
Brevibacterium_casei_S18_gi_425736505_ref_NZ_
1 579
7263 7861
15330 15451
18225 18816
28152 28272
32277 32383
37355 37585
39589 39903
41534 41612
54810 54954
57909 57962
Brevibacterium_casei_S18_gi_425736731_ref_NZ_
1 533
Brevibacterium_casei_S18_gi_425736723_ref_NZ_
1 769
Brevibacterium_casei_S18_gi_425733473_ref_NZ_
1 535
1843 1951
10946 11052
12002 12339
12785 12883
15770 16024
22335 24755
31098 31186
34209 34755
39833 40822
43406 43483
47450 47777
57266 57541
64742 66086
67941 67998
75951 76189
88415 88998
98530 98660
99999 100340
105765 105864
110168 110264
116498 116752
122544 122838
128860 129096
129651 130296
132085 132508
135924 136436
144952 145064
147594 148219
159858 160155
161451 161685
165785 166033
177900 178000
179149 179248
180686 181745
183673 183788
184507 187232
188068 188119
189011 190534
202981 203317
204503 205188
206388 206452
223704 223906
229816 230203
245062 245659
246285 246643
247241 247501
249132 250012
256658 256914
258757 260130
260818 261514
263624 264081
264588 266950
271822 271878
276472 276567
281452 281642
292169 292475
295830 295891
299684 299960
335876 336178
336417 336889
341143 341220
342924 342975
345963 346135
349591 349756
352554 352667
358978 359044
361610 361936
362168 362239
366090 366459
367899 368107
369639 369748
373088 373599
375401 375696
378021 378289
379867 380031
389395 390093
395391 395609
398990 399484
400250 400372
406326 406530
407395 407565
412334 412503
414819 414938
419851 419972
422060 422414
427455 427547
429275 429700
430294 430734
432265 432344
442397 442471
451877 452198
454193 454364
457790 457999
460769 460916
466588 466932
469300 469813
470556 470619
474150 475630
476906 477773
485591 485985
486286 486365
487846 488250
491628 491680
493270 493396
493952 494033
495255 495461
496345 496407
499391 501978
504679 505174
514139 514313
514918 515404
524382 524707
533807 533977
534754 535125
536147 536230
541067 541329
553155 554174
558648 558714
559355 559568
562484 562604
569477 569972
577233 578231
580521 582674
583871 583935
589075 589173
591994 592057
600980 601141
601663 601762
603055 603260
613754 613957
617866 618709
621032 623921
625946 626033
627054 627115
630674 630768
636028 636090
636948 637197
639609 640033
640643 640724
645065 645440
657610 658447
680735 680846
697740 698022
698518 698794
699358 699433
708249 708408
717514 717731
718270 718359
721013 721194
724272 724553
726843 727581
728656 729370
730341 733912
745322 746569
749216 749453
750000 750232
755702 756097
758835 759229
760274 760373
765791 767678
774226 774557
777428 777588
783892 785627
Brevibacterium_casei_S18_gi_425734901_ref_NZ_
1 169
3629 3816
4409 5161
10663 10739
14334 14554
16463 16812
23718 23789
24817 25039
27500 28595
34824 35150
35813 36581
42481 43339
52389 56015
57665 57818
59548 59703
61170 61468
63744 64455
65312 65763
75482 75928
78561 78642
84113 84173
86004 86366
90828 91190
91728 91944
93674 93760
97241 97379
108312 109135
124624 125405
131730 131928
136409 136686
143194 143349
148223 148616
173738 174224
178395 178449
184700 184782
201394 201605
216045 216533
223381 223521
225235 225332
226017 226457
227129 227299
228746 229201
Brevibacterium_casei_S18_gi_425736726_ref_NZ_
Brevibacterium_casei_S18_gi_425736701_ref_NZ_
1 77
1528 1656
Brevibacterium_casei_S18_gi_425736698_ref_NZ_
Brevibacterium_casei_S18_gi_425735098_ref_NZ_
1 514
8174 8946
11145 11229
12369 12444
19920 19973
22159 22303
23084 23221
28603 28785
36321 37588
44715 45033
52871 54408
57873 58559
61042 61098
62190 62242
62774 63597
71203 71358
76135 76415
77159 77921
79743 80076
91123 91413
92641 92756
99775 100113
103163 103267
105853 106022
114139 114403
123595 123656
125586 126287
126808 127065
127861 128184
129261 129315
130073 131038
156414 156766
159337 159839
160786 163295
171776 172586
173650 173972
182096 182555
183139 183218
185502 187444
202810 203238
206113 207404
208902 209290
210860 211531
220707 220867
226603 226836
227433 228059
Brevibacterium_casei_S18_gi_425736724_ref_NZ_
Brevibacterium_casei_S18_gi_425736551_ref_NZ_
1 223
13655 13751
20477 21728
23745 24346
31450 31781
32451 32800
35619 35700
40219 40424
42165 43507
57527 57638
Brevibacterium_casei_S18_gi_425736727_ref_NZ_
1 563
Brevibacterium_casei_S18_gi_425736706_ref_NZ_
1 1329
Brevibacterium_casei_S18_gi_425736712_ref_NZ_
1 64
Brevibacterium_casei_S18_gi_425736719_ref_NZ_
724 808
Brevibacterium_casei_S18_gi_425736202_ref_NZ_
7616 7831
13703 14247
16152 16222
17301 17605
30836 30925
36692 37449
39635 39740
42053 42456
46495 46557
57216 57948
59522 59606
77895 78108
82805 83143
86363 86746
87557 87724
90114 90340
91255 91465
