Bacteroides_sp_XB1A_gi_479162165_ref_NC_
1 357
1123 2992
3950 5253
6881 7317
8312 12260
13658 13801
14727 24440
25374 26319
28449 30511
32299 32587
34199 38491
40237 50794
50884 63415
65152 68870
69779 73888
74878 75189
76897 78176
79561 84106
86245 88763
90184 91560
92093 115465
116293 120094
122454 133296
133949 136075
136946 138292
139649 143748
145281 153107
154092 162954
163944 166461
167062 170229
171285 173539
174997 200918
202073 205481
206646 206733
206905 212899
214250 218007
219740 224312
224953 225331
226441 226773
227532 239244
239900 242693
243109 257576
259460 261396
262711 263108
265440 265871
266727 267689
268500 270555
272105 273140
273720 275925
277331 279681
280533 281692
282702 283188
285777 287960
288550 292018
292665 302856
303766 305075
306536 307631
309081 309616
310265 311282
312711 316508
317406 322143
324466 325598
326611 330100
331540 335346
335980 360764
361280 363580
364083 365018
366493 378827
379421 379936
380965 381874
382896 391203
397632 401434
402000 404523
405260 405726
406735 407393
408479 409562
411032 411899
414345 458220
459322 464388
465111 468654
469431 476101
477174 477249
478010 478581
480338 480975
482685 482852
484274 490792
492306 493481
494418 495325
497003 499578
503256 503370
504135 506638
508948 509442
510105 513898
514680 518138
518843 521093
522679 523588
524563 532666
534053 535151
536212 538468
539236 542249
542843 543183
543792 547072
548167 550153
551673 553180
554066 564271
565176 565549
566881 567543
568578 570511
571222 575948
576621 583820
584859 587757
588608 588790
589636 591548
592225 593023
594301 604893
605661 607967
608905 609653
610702 641846
643243 644690
645327 653489
653997 659690
660199 660625
661647 669801
671280 705546
706943 707173
709858 722031
723529 751584
754197 755155
757371 761216
761801 762295
765044 774953
778708 778980
782048 782224
782951 783038
783432 783991
784728 795032
795148 795824
796341 801784
802660 803698
805094 810241
811432 814566
815591 818261
819135 821620
823585 825393
827006 827778
828045 831554
834457 834674
841032 854566
855240 859289
860205 862910
864038 870783
872481 876126
876706 882242
883045 884283
887653 887916
889114 889252
890565 891852
892997 894104
896549 907768
908755 915079
917883 921308
922247 926052
927698 928415
930003 1008573
1009165 1013264
1013877 1019872
1020666 1029676
1030759 1032972
1033994 1034423
1035131 1036824
1038150 1041123
1042123 1044368
1045069 1046741
1047316 1047428
1049165 1052900
1054240 1057475
1058061 1065432
1066230 1070574
1075298 1076182
1085967 1086367
1087776 1095098
1096527 1098782
1101342 1102094
1102906 1105041
1106662 1106957
1107853 1108550
1111945 1116260
1116848 1120324
1120457 1134081
1134759 1134961
1135800 1143111
1144127 1159817
1161540 1162201
1163700 1164044
1164958 1166197
1167938 1168520
1170938 1173672
1174226 1181449
1182729 1183834
1187789 1197054
1197824 1214871
1216110 1222495
1230933 1231145
1231740 1232340
1233816 1234649
1236721 1244145
1245858 1250702
1251644 1252262
1257692 1259426
1261360 1264253
1266128 1273796
1285169 1287297
1290130 1290854
1292532 1299607
1300712 1302486
1303305 1307558
1309959 1310225
1312266 1314168
1320828 1326207
1328801 1329196
1329905 1333509
1336389 1340383
1352850 1375744
1376594 1384891
1386041 1386191
1388179 1390209
1391109 1391458
1392817 1393572
1394188 1394761
1396449 1397719
1398251 1400570
1403130 1403647
1406946 1412632
1413764 1414603
1414934 1417482
1418332 1433222
1435085 1435790
1445948 1459258
1461116 1463991
1464713 1474131
1478507 1483518
1485497 1503111
1503824 1505900
1507454 1507712
1508534 1525282
1526228 1526662
1529054 1533298
1534156 1534540
1535077 1535547
1536110 1538995
1540766 1542155
1543112 1547848
1548261 1550855
1551529 1552353
1553578 1554812
1556627 1557103
1557629 1560321
1562059 1581660
1582611 1590521
1591316 1594303
1595212 1595983
1617809 1633556
1641287 1648214
1649120 1650231
1651300 1654393
1656099 1659756
1661796 1662768
1663938 1667699
1668960 1671156
1671880 1672635
1676721 1676802
1677592 1678381
1678920 1681740
1682609 1685158
1685809 1688607
1690068 1690787
1694313 1694610
1695302 1695623
1696440 1696758
1698905 1699118
1699735 1707616
1708431 1720613
1721466 1721889
1722104 1722265
1722868 1723362
1724077 1725957
1727612 1734759
1735689 1737544
1738773 1745981
1747197 1750487
1751500 1753238
1756966 1758818
1759553 1764778
1765642 1766485
1768422 1770472
1772911 1772965
1775612 1780545
1781318 1784302
1784910 1796042
1796872 1798482
1801172 1801655
1802268 1805727
1806834 1807321
1809590 1820742
1822100 1825785
1826325 1830772
1833315 1838734
1839699 1873040
1876179 1920245
1921457 1925607
1926235 1928069
1928843 1930570
1930650 1930975
1931687 1934344
1935231 1936681
1938544 1939869
1940540 1943591
1944751 1945804
1946664 1948893
1949536 1949661
1951983 1954336
1955084 1955545
1956646 1957538
1958950 1959228
1960846 1963046
1963651 1967709
1968442 1969379
1970162 1970301
1971094 1973862
1975906 1977426
1978589 1981469
1982019 1988401
1988932 1989856
1990465 1991172
1992096 1992379
1993827 1997560
2000661 2000996
2005134 2007788
2008475 2011707
2013214 2033607
2037940 2047426
2050468 2055006
2056774 2063238
2068427 2068807
2069408 2069558
2070844 2071717
2072616 2075364
2076009 2100014
2101365 2103303
2105961 2114493
2116278 2119815
2121028 2121762
2123397 2124245
2125833 2132314
2134164 2136554
2137252 2145856
2148498 2149359
2149920 2154846
2155697 2156126
2156774 2157720
2160525 2164667
2166108 2168159
2173271 2175148
2181468 2181648
2183007 2183953
2192271 2194520
2197579 2198462
2199803 2200369
2202292 2207439
2208697 2214906
2220672 2221864
2232248 2232428
2236788 2240019
2240851 2243714
2244483 2244842
2246392 2257814
2258573 2259730
2260681 2261932
2263236 2263522
2266818 2268664
2270394 2275706
2276532 2278620
2279920 2281855
2282762 2285995
2305527 2330618
2335581 2339542
2340371 2375186
2376912 2388319
2389236 2396347
2400337 2400839
2407072 2409227
2414263 2418470
2419754 2420025
2421536 2421694
2427114 2430514
2431533 2486267
2487620 2489326
2490332 2493590
2494713 2500993
2502898 2506412
2507974 2538870
2539686 2555449
2556899 2566461
2568533 2572983
2573595 2574872
2577026 2584930
2585492 2585637
2586495 2592165
2594880 2595145
2596587 2596661
2598339 2598941
2600642 2601602
2603131 2624573
2630123 2631272
2636547 2664936
2672803 2672990
2673741 2675271
2680055 2701571
2702451 2707983
2709775 2710264
2713112 2715288
2720973 2721410
2722267 2722904
2723649 2725086
2726817 2727267
2732642 2734035
2736564 2736948
2737612 2738876
2740369 2741442
2742086 2742381
2748258 2754014
2755013 2776284
2776946 2777133
2777952 2778212
2780868 2796360
2796549 2803243
2804282 2804886
2807586 2809863
2813432 2814797
2815524 2816028
2818046 2823762
2825076 2825554
2827456 2827636
2828879 2829146
2831782 2832016
2833514 2857347
2858067 2869557
2872274 2889771
2891111 2895660
2896857 2896969
2897823 2899368
2901266 2912756
2913567 2914585
2916026 2921442
2922191 2928505
2932134 2933016
2934123 2934780
2935585 2935989
2939412 2941657
2942285 2942645
2943329 2945674
2947347 2960611
2961822 3013281
3016134 3046493
3047535 3077882
3079268 3079665
3081752 3094208
3095697 3096183
3100237 3100495
3101078 3101190
3102598 3105502
3106856 3108168
3110775 3114044
3116865 3117043
3123403 3126094
3126478 3126696
3127596 3128217
3128729 3130609
3132915 3144444
3145572 3146452
3148513 3149755
3150891 3164841
3165905 3168535
3171871 3172659
3173704 3174099
3174876 3175442
3176928 3182756
3183439 3184093
3185341 3185537
3186683 3187079
3187702 3187945
3195682 3205707
3206583 3214454
3216033 3240339
3242454 3242840
3244206 3245141
3246797 3248071
3250486 3251909
3253177 3255992
3256799 3257912
3258583 3261184
3263210 3267734
3268672 3299940
3300990 3303338
3304377 3304649
3309113 3309549
3312112 3326253
3326965 3327452
3328006 3339552
3341441 3346718
3348835 3350614
3351229 3351587
3352847 3364878
3367203 3385902
3386867 3389391
3390415 3395117
3395654 3423605
3424357 3440603
3441344 3472930
3474267 3505229
3505979 3512829
3513644 3518188
3522011 3523076
3524260 3524820
3525593 3534256
3535138 3541697
3544371 3544662
3546767 3547215
3548700 3550447
3551125 3551644
3556074 3583369
3586568 3589827
3590355 3601611
3602577 3603420
3606665 3607345
3608340 3611335
3613629 3614731
3615525 3617279
3617529 3618010
3618684 3620542
3628896 3634723
3635510 3636792
3638595 3641342
3642602 3645011
3645809 3646289
3646838 3647125
3648081 3648354
3649854 3650044
3650940 3652289
3653043 3654552
3655279 3658993
3659892 3660265
3661175 3665271
3667412 3667954
3668613 3676754
3677483 3678671
3682573 3684842
3686003 3687225
3688712 3706888
3707616 3713967
3715490 3715543
3716296 3719701
3723017 3725186
3725702 3726655
3727522 3742988
3743864 3746539
3748237 3750969
3751656 3755672
3756781 3762734
3763367 3763564
3764795 3765581
3766897 3775055
3776585 3793697
3795502 3801807
3802518 3804483
3805173 3805387
3807452 3807820
3808715 3809074
3809851 3813456
3815638 3816755
3822779 3840783
3841537 3841795
3845355 3848582
3849799 3866787
3878647 3881598
3883172 3886555
3887202 3891779
3898364 3900874
3902590 3909966
3915386 3915702
3920459 3921991
3923460 3923666
3925258 3925366
3926456 3992840
3994897 3996228
3997885 4002312
4007687 4010588
4012194 4016633
4017223 4021607
4022368 4022521
4023381 4024375
4026196 4026795
4027915 4028451
4029505 4034112
4035408 4039094
4039832 4040150
4041472 4041569
4044139 4045060
4046540 4049140
4051582 4052713
4054290 4055223
4055795 4056077
4060015 4060311
4061930 4068914
4073032 4074397
4077035 4078795
4079810 4112007
4113280 4113543
4114115 4114375
4116518 4118397
4120038 4120222
4121037 4121088
4122412 4123247
4126852 4127746
4129180 4129262
4130387 4130452
4132172 4133048
4133657 4133945
4141529 4148389
4149716 4150760
4151577 4152049
4158900 4161098
4163852 4166351
4167313 4167992
4168757 4177401
4178067 4178853
4180197 4180346
4181453 4183648
4185054 4189102
4189939 4190648
4190786 4197670
4198322 4198861
4199800 4209822
4212198 4212370
4212925 4224910
4225696 4228890
4232058 4242446
4243417 4252949
4254158 4255003
4255618 4256999
4257704 4259532
4260263 4263887
4265658 4279182
4279467 4280672
4280772 4281134
4283146 4283477
4285485 4287383
4288995 4289232
4291058 4304864
4306268 4306592
4307177 4307528
4308733 4310923
4314498 4314700
4315422 4317309
4318161 4320735
4321892 4322290
4323665 4324002
4324527 4340630
4343897 4344301
4345039 4347431
4349274 4356933
4358878 4359600
4360764 4363589
4364527 4374799
4375612 4377578
4378817 4380707
4382151 4383021
4383569 4389911
4394515 4395929
4400540 4401068
4401968 4403983
4405182 4405630
4406203 4406862
4407985 4408206
4408878 4409186
4410523 4411734
4413553 4414959
4423487 4424368
4424927 4424987
4426152 4426871
4432129 4438803
4442878 4443410
4444618 4448910
4451841 4455270
4455919 4459521
4466293 4473981
4479748 4482690
4483713 4484480
4485155 4497737
4498793 4503637
4504461 4505219
4505892 4526944
4527926 4535872
4542298 4548995
4549781 4552838
4553546 4571312
4572103 4572806
4578862 4601134
4602603 4606067
4609248 4622524
4624268 4624826
4625391 4625601
4626677 4627792
4628686 4629387
4630413 4631248
4631887 4632209
4633670 4636307
4637537 4641963
4645667 4646467
4647710 4670783
4672761 4674992
4675782 4678110
4679673 4693215
4694110 4713816
4715561 4716323
4717066 4719709
4722335 4731571
4732383 4732583
4733016 4733543
4734099 4739430
4740029 4740805
4741392 4746729
4747112 4748291
4749019 4749468
4750329 4751057
4752111 4752568
4753594 4754724
4755940 4782310
4782720 4825857
4826577 4827501
4832139 4868980
4870014 4873604
4874122 4874247
4874429 4929841
4930391 4942079
4943447 4958179
4958900 4966912
4967415 4967695
4973426 4977100
4977167 4995166
4996141 4998719
4999228 5000368
5001706 5026713
5027133 5030906
5031624 5057049
5057759 5057866
5058214 5061228
5062180 5077102
5083663 5084167
5085405 5098235
5100333 5101687
5103923 5111078
5112052 5117792
5118714 5118932
5120529 5123530
5125761 5133198
5134274 5134612
5136594 5143527
5144071 5144580
5145455 5145540
5147599 5149894
5151103 5151818
5152047 5158348
5159177 5168029
5170226 5171207
5172697 5175374
5176216 5177978
5180613 5181371
5181980 5192353
5194312 5194776
5195897 5196078
5197260 5198418
5199832 5204398
5205660 5205893
5206967 5217753
5219547 5220776
5221484 5259471
5260486 5263252
5264312 5265163
5265884 5267690
5269801 5270888
5271978 5274480
5276533 5279925
5281820 5283508
5284428 5285501
5286022 5286327
5287204 5287555
5289523 5311899
5312488 5318052
5319007 5321030
5321625 5324077
5325128 5328149
5329554 5329612
5330342 5331335
5332372 5334958
5335544 5339220
5341093 5343353
5344103 5346505
5347227 5348330
5349237 5353724
5354845 5355298
5356505 5374714
5375631 5376572
5377802 5378721
5380671 5386161
5387309 5391536
5392646 5392937
5394233 5401450
5402400 5403087
5404572 5414802
5415881 5415997
5418945 5419587
5423948 5432044
5433747 5434815
5435422 5437102
5437867 5439951
5442680 5446482
5447347 5449362
5450265 5450917
5451974 5458167
5459099 5460290
5462438 5463398
5464042 5468637
5469645 5470912
5471596 5473315
5473915 5486468
5487107 5487664
5489219 5493092
5493713 5497955
5499249 5506179
5507609 5517130
5519417 5521167
5523104 5526241
5527415 5527764
5528429 5528745
5533829 5533918
5542112 5555859
5557504 5562486
5563208 5567661
5570802 5570914
5571739 5572545
5577290 5586863
5587467 5592703
5593471 5596839
5597664 5597999
5598664 5603749
5604714 5605161
5606069 5610587
5611367 5613887
5614726 5615628
5616629 5620455
5622007 5626755
5627534 5638630
5639325 5640938
5641541 5641853
5643053 5644036
5645331 5648352
5648952 5649917
5650548 5651265
5651933 5658071
5659093 5660480
5661610 5662660
5663951 5669254
5671231 5673479
5674148 5675230
5676119 5677045
5677627 5678358
5679310 5681381
5682617 5683891
5684493 5684953
5685745 5687107
5688682 5688936
5690543 5692347
5693046 5700616
5701221 5706065
5709351 5709938
5710742 5713710
5714262 5715431
5716303 5716921
5717999 5722196
5724699 5728786
5731154 5731794
5734018 5744644
5745460 5748643
5749589 5749817
5751105 5759918
5761363 5763111
5764412 5765591
5766817 5769580
5769807 5770261
5771399 5773573
5774263 5774344
5775208 5778834
5780074 5780669
5781257 5782028
5783690 5783871
5784891 5790319
5791007 5792024
5793039 5794329
5795257 5798913
5799442 5819008
5820376 5820589
5821899 5823211
5823864 5824426
5825274 5825930
5827015 5832202
5834455 5837937
5838631 5841822
5843985 5846957
5848778 5849060
5850704 5874675
5876585 5897905
5900201 5901529
5904665 5921071
5933692 5946221
5948903 5950651
5957829 5966959
5968446 5969897
5973135 5976145
