Bacteroides_sp_XB1A_gi_479162165_ref_NC_
1 27292
27495 27943
28138 31688
31870 32001
32573 32789
32927 43894
44251 44382
44602 44802
44940 52527
52822 53022
53190 69036
69195 69424
69571 69766
69859 73782
74035 74257
74324 77789
78048 78176
78358 78592
78742 95929
96498 102070
102155 102301
102533 110414
110515 121427
121573 121707
121852 122012
122347 150395
150957 156574
156828 157100
157232 157396
157560 195398
195515 196064
196195 197766
198067 201168
201672 209321
209571 212881
213043 213214
213325 218325
219215 269077
269260 269372
269609 269805
269896 283300
283367 283586
283681 284213
284369 311338
311525 311710
311799 321228
321437 321651
321720 321967
322056 322208
322356 326670
326960 327113
327208 327378
327471 331946
332364 332489
332605 336168
336269 336710
336919 382944
383179 383891
384038 399368
399912 410299
410653 410865
410970 448467
448777 449312
449501 479505
479731 479875
480086 499595
500226 591849
592023 592238
592421 592574
592989 593102
593429 607988
608521 639588
640598 654022
654185 654743
654945 655165
655296 675799
676379 717051
717286 717448
717566 718859
719236 719408
719686 720144
720292 757649
758203 758385
758487 758875
760666 762419
762530 762731
762989 763154
763269 763411
763572 763761
763864 772467
772976 780647
780901 781061
781271 781458
781591 782512
782625 782744
782920 783069
783315 795546
795689 795861
796149 829116
829249 831616
831855 832100
832233 834686
834963 835192
835409 854344
854457 854677
854870 856523
856650 856884
856978 857118
857268 885018
885696 895777
895888 896067
896184 896372
896519 896675
896788 896963
897105 1014130
1014210 1014409
1014482 1014644
1014772 1014893
1015097 1026620
1027153 1079262
1081539 1087402
1088535 1102988
1103120 1103258
1103414 1103543
1103805 1103949
1104108 1105546
1106174 1108805
1108908 1109114
1109336 1109543
1109654 1110802
1111483 1111568
1111776 1111978
1112070 1134146
1134321 1134384
1134673 1134871
1135431 1172070
1172346 1207573
1207782 1252924
1253521 1270769
1271445 1277030
1277986 1278229
1278934 1303607
1304310 1310976
1311076 1311293
1311476 1311660
1311946 1318807
1319475 1334721
1334931 1335112
1335196 1354930
1355106 1355323
1355433 1363107
1364198 1365428
1365563 1365716
1365911 1366066
1366189 1381705
1381873 1394844
1395498 1395648
1395953 1396152
1396300 1439179
1439258 1439463
1439841 1443024
1443919 1453766
1454416 1474703
1475117 1475282
1475458 1475609
1475729 1475884
1476045 1539011
1539643 1549313
1549403 1549594
1549739 1549939
1550052 1552705
1552830 1552990
1553168 1553707
1553982 1599182
1605871 1605973
1617741 1622607
1623181 1624162
1627371 1627803
1629099 1630026
1632455 1634026
1637608 1641156
1641307 1641475
1641611 1641849
1642019 1645645
1645748 1645970
1647158 1651745
1651901 1652114
1652212 1652478
1652548 1652811
1653049 1653236
1653360 1653521
1653698 1655103
1655696 1692059
1692315 1692554
1692740 1692941
1693199 1693362
1693455 1694323
1694475 1694720
1694889 1695073
1695302 1695471
1695545 1695778
1695936 1700625
1701197 1719184
1719813 1726185
1726743 1750853
1751053 1753238
1753366 1753575
1753674 1754164
1754301 1757669
1757852 1758306
1758480 1762718
1763008 1837739
1838357 1937718
1938496 1963046
1963136 1963272
1963423 1970205
1970306 1996041
1996183 1996390
1996667 1998623
1998727 1998862
1999130 2003804
2003926 2004126
2004291 2006066
2006583 2012283
2013031 2034518
2035171 2035679
2035914 2036044
2036191 2037048
2037200 2037384
2037656 2037787
2037940 2051855
2052398 2106234
2106497 2106973
2107144 2107313
2107435 2107633
2107947 2116175
2116278 2116477
2116595 2116721
2117059 2117110
2117656 2120151
2120240 2120428
2120977 2121146
2121252 2127109
2127334 2129714
2129903 2130069
2130283 2130403
2130547 2135746
2135900 2136057
2136219 2183241
2183388 2183574
2183778 2199010
2199178 2199314
2199485 2217107
2217697 2223289
2223830 2224910
2226089 2228680
2229331 2229865
2230644 2235844
2236673 2241999
2242575 2245580
2245720 2245924
2246360 2246557
2246634 2246857
2246945 2247306
2247434 2247692
2247847 2248026
2248129 2248322
2248914 2251652
2252167 2260531
2260701 2260842
2261109 2265735
2266505 2268735
2269243 2285105
2285639 2286292
2287088 2287270
2287891 2288044
2289460 2304589
2305254 2328716
2328910 2329028
2329099 2396973
2397171 2397331
2397483 2397735
2397843 2411191
2411831 2415965
2417177 2418818
2419745 2420038
2420105 2420321
2420723 2420857
2421079 2421530
2421641 2422240
2422367 2422502
2422689 2430819
2431322 2480244
2480899 2495823
2495977 2496160
2496321 2497645
2497810 2497979
2498115 2498309
2498468 2498674
2498765 2498988
2499143 2499291
2499453 2500370
2500672 2527873
2529060 2533346
2533938 2573039
2574194 2673030
2673564 2676107
2676615 2702520
2703584 2725443
2726082 2727603
2727693 2727904
2729074 2729244
2729511 2729770
2730477 2730887
2731459 2734076
2734199 2734342
2734564 2734743
2734994 2736031
2736290 2736422
2736876 2737006
2737192 2739943
2740332 2740467
2740632 2742412
2742542 2742711
2743194 2743351
2743483 2745222
2745831 2748680
2749462 2759915
2760040 2760550
2760678 2771166
2771772 2775756
2775848 2776035
2776173 2776317
2776505 2814194
2814394 2814834
2814986 2815152
2815315 2815532
2815697 2815917
2816013 2864713
2865280 2898284
2898471 2898613
2898681 2898855
2898992 2927185
2927732 2927970
2928182 2928340
2928461 3014079
3014295 3014432
3014643 3014818
3014977 3015217
3015347 3015524
3015766 3041540
3042150 3042953
3043454 3049944
3051097 3078251
3078738 3078906
3079017 3100265
3100453 3100604
3100744 3100964
3101046 3101274
3101620 3101803
3101909 3102087
3102234 3106682
3106856 3108168
3108365 3108549
3109055 3114075
3114263 3114391
3114520 3114731
3114870 3120212
3121067 3121455
3121697 3121845
3121968 3122121
3122257 3122672
3122856 3123006
3123390 3125926
3126454 3126673
3127004 3127214
3127519 3130221
3130325 3130492
3130616 3130825
3130992 3131117
3131353 3131501
3131673 3131864
3132146 3132274
3132492 3132670
3132916 3137070
3137596 3143062
3143760 3144766
3145034 3145265
3145539 3147723
3148029 3148195
3148382 3150022
3150234 3150368
3150748 3151518
3151771 3152304
3152721 3155224
3155801 3218192
3218468 3218670
3218884 3227129
3227777 3228481
3229529 3234181
3234741 3238143
3239349 3248307
3248953 3253643
3254170 3254335
3254463 3307863
3308438 3310011
3310213 3310379
3310560 3310696
3310874 3325564
3325671 3326414
3326561 3423620
3424333 3459369
3459976 3461685
3462201 3462749
3463413 3473259
3473474 3473637
3474066 3496954
3497337 3497524
3497652 3505334
3505985 3510812
3511464 3523253
3523998 3543410
3544037 3553510
3553619 3553828
3554127 3554283
3554528 3556234
3556747 3612344
3612865 3640538
3640706 3652289
3653069 3653469
3653586 3656717
3656830 3657075
3657364 3657952
3658087 3659107
3659266 3659747
3659867 3661405
3661550 3661753
3661864 3662004
3662288 3663656
3665032 3678022
3678212 3678359
3678523 3678671
3678885 3680277
3681249 3721736
3721881 3722029
3722307 3731594
3731694 3731932
3732040 3758036
3758143 3758655
3758736 3758850
3759089 3761679
3761840 3765221
3765347 3767253
3767559 3767734
3767950 3771639
3771968 3772215
3772313 3775733
3775951 3776084
3776269 3810701
3810827 3817678
3818001 3818182
3818515 3819797
3820460 3824264
3825231 3847782
3848035 3848207
3848322 3848837
3848953 3849152
3849240 3858698
3859627 3859838
3860762 3867796
3868384 3869357
3870180 3890717
3891245 3892862
3893476 3907203
3908389 3909104
3909657 3913295
3913942 3917629
3918467 3918672
3918761 3918977
3919341 3919562
3919742 3919926
3920129 3920323
3920442 3923561
3923674 3944981
3946217 3979727
3980658 3996707
3996865 3997608
3997748 3997895
3997998 3999177
3999571 3999941
4000071 4000214
4000466 4024460
4025155 4026616
4026793 4026950
4027085 4027279
4027445 4038048
4038149 4038355
4038532 4038980
4039086 4039615
4039733 4049152
4049265 4049506
4049730 4049913
4050083 4050290
4050413 4050596
4050729 4079041
4079799 4082575
4083237 4083430
4083675 4115732
4116092 4116271
4116414 4116596
4116725 4119089
4119285 4119421
4119618 4119796
4120029 4127924
4128087 4128299
4128765 4128984
4129177 4138853
4140018 4149573
4149676 4149865
4150020 4150748
4150916 4151031
4151251 4151406
4151570 4159281
4159882 4170536
4170628 4170823
4170938 4171635
4171770 4195850
4196241 4196377
4196647 4209722
4209850 4210282
4210444 4210584
4210719 4210854
4211322 4211580
4212008 4216565
4216787 4227349
4227986 4263639
4263765 4263985
4264150 4264358
4264474 4292682
4292762 4292929
4293222 4348627
4348855 4349093
4349243 4349678
4349793 4351825
4352247 4352675
4352794 4357338
4357527 4357682
4357803 4358033
4358227 4359615
4359731 4359931
4360102 4360221
4360330 4360553
4360744 4392081
4392233 4393774
4394842 4395016
4395195 4396318
4396588 4396814
4396954 4397117
4397287 4398298
4398461 4398617
4399068 4400050
4400167 4400343
4400540 4447974
4448488 4451029
4451565 4453108
4453380 4453597
4453824 4478853
4479365 4479581
4479680 4479844
4480012 4480146
4480778 4482718
4482902 4483080
4483236 4494287
4494974 4499649
4499791 4499914
4500118 4500275
4500547 4518784
4518863 4519383
4519479 4519618
4519729 4527226
4527926 4528130
4528204 4531297
4531411 4531621
4531731 4531896
4532194 4532328
4532445 4566880
4568266 4568438
4568510 4568705
4568886 4569045
4569324 4574669
4574828 4574999
4575293 4575499
4575678 4578980
4579266 4579449
4579688 4579863
4580008 4604850
4605033 4605220
4605403 4605593
4605780 4605947
4606209 4606530
4607131 4608551
4609211 4635218
4635469 4635607
4635878 4695418
4695797 4695961
4696115 4732068
4732346 4732583
4732661 4748716
4748985 4750429
4750637 4767168
4767489 4828254
4828551 4828771
4828873 4829103
4829389 4868872
4868990 4869163
4869320 4916891
4917480 4962223
4962404 4991100
4991213 4991459
4991567 4992128
4992233 5057173
5057421 5057897
5058034 5058205
5058340 5058515
5058688 5059163
5059547 5080928
5082926 5086862
5088000 5098813
5099409 5110848
5111000 5111412
5111577 5111728
5112036 5112177
5112325 5112499
5112653 5136438
5136558 5136787
5136876 5137422
5137556 5140137
5140313 5142548
5142760 5142912
5143102 5143326
5144117 5145048
5145175 5145540
5145746 5145926
5146260 5150107
5150581 5154231
5154473 5154652
5154932 5169424
5169803 5169993
5170218 5171246
5171409 5171609
5172123 5173461
5173752 5173906
5174062 5174189
5174368 5174509
5174674 5174882
5175015 5175786
5176094 5176257
5176396 5176542
5176678 5180684
5180793 5181060
5181218 5182025
5182125 5182330
5182527 5182650
5182939 5205256
5205413 5205539
5205733 5205898
5206008 5224240
5224389 5224979
5225137 5262592
5262956 5263175
5263244 5275322
5275837 5278740
5279025 5279161
5279311 5283954
5284058 5284264
5284359 5284504
5284699 5287555
5287704 5287856
5287939 5289399
5289610 5305001
5305098 5316736
5316895 5322401
5322515 5322685
5322816 5322960
5323066 5330748
5330975 5331420
5331599 5331735
5331869 5332035
5332187 5344772
5344926 5345105
5345249 5372234
5372470 5372653
5372814 5376462
5376598 5376749
5376881 5404768
5404898 5405068
5405164 5405318
5405604 5406950
5407058 5407267
5407385 5414404
5414519 5414669
5414789 5420095
5420321 5420491
5420787 5422236
5422399 5427171
5427959 5432223
5432768 5433386
5433687 5433998
5434217 5442713
5442884 5443025
5443217 5449511
5450037 5474273
5474937 5512749
5513433 5559728
5559841 5560022
5560121 5560354
5560468 5560649
5561032 5575341
5576560 5583783
5584037 5584161
5584361 5584840
5584949 5643864
5643961 5644178
5644323 5644482
5644632 5644791
5644918 5665928
5666529 5666727
5666822 5667048
5667293 5673112
5673254 5673803
5673906 5693154
5693296 5693496
5693778 5693995
5694064 5698382
5698500 5698651
5698850 5698967
5699340 5705083
5705221 5705811
5706066 5706937
5707090 5707219
5708105 5708557
5708749 5711844
5711997 5712186
5712314 5712576
5712849 5763508
5763615 5763759
5763932 5764090
5764260 5764412
5764634 5764762
5764872 5765747
5766077 5766234
5766463 5766607
5766945 5785666
5785764 5786003
5786179 5786336
5786456 5810994
5811096 5811629
5811747 5811954
5812043 5812295
5812543 5833541
5833843 5834020
5834348 5837904
5838045 5838509
5838588 5838785
5838894 5841635
5841755 5841971
5842146 5842289
5842429 5849164
5849436 5849637
5849745 5849927
5850539 5854905
5856339 5859779
5860871 5900489
5901035 5903153
5904296 5906987
5907539 5929311
5930160 5930212
5931433 5971783
5972203 5972348
5972439 5972675
5972972 5976145
