Bacteroides_sp_XB1A_gi_479162165_ref_NC_
1 2965
3534 6653
8230 11541
13734 24440
25248 42783
44786 51123
52101 52211
53196 58242
59885 61051
62044 68374
68844 69212
70186 71803
74457 75187
77165 87119
88056 97035
97914 103363
104092 111238
111991 113415
113909 114399
114929 129880
130087 130249
130461 138231
138893 149447
150028 166486
167203 173551
176014 204888
205438 206647
206855 225961
227538 236698
237231 238759
239100 242693
243998 270323
270551 270720
272088 278020
278837 279649
280670 283583
284988 286950
287957 296288
297681 301932
302115 302331
302971 307808
309088 309362
310261 311119
313095 314898
315505 316464
317551 320664
321591 321887
324564 359734
360599 371050
371567 374151
375632 379346
379458 387583
388187 391201
397632 401209
402218 402343
402712 404359
405189 405820
406645 407272
408493 412041
412743 416249
417038 453546
454059 458576
459514 474298
474851 482846
487984 494879
496888 504198
506938 513340
514680 519276
519784 523680
525281 538443
539511 539830
542303 547078
548163 550235
551519 553376
554275 554774
555322 555545
556386 564976
565100 573600
574513 583977
584652 587752
589762 593022
593920 596596
597817 603884
604635 607967
609431 613197
613591 645855
646522 651172
651890 653999
654704 658349
659174 661040
661790 662472
663126 668451
669489 675773
676802 714336
714807 757459
760986 778739
782050 783971
784728 792970
794551 808795
809720 811436
812876 818216
819135 820756
823895 825132
826814 834591
836673 839486
841075 843575
845821 854609
855453 855559
856580 858079
858985 859289
859571 863155
863944 865833
866679 871351
872439 872932
874230 874290
875074 879211
880633 881018
883045 884588
886746 891646
892399 900119
900790 907754
908755 910004
911073 911131
912673 916761
917622 926931
927650 933494
934257 937672
938215 941085
941693 1011069
1011969 1013251
1013776 1029434
1030146 1036712
1038522 1040703
1042123 1044029
1045583 1045739
1046249 1052900
1054251 1057466
1058288 1073878
1086245 1086367
1091374 1094603
1096527 1098418
1099731 1102079
1102490 1102590
1103218 1103505
1106662 1106957
1107853 1107944
1108413 1108525
1111532 1113512
1113731 1113841
1114058 1115811
1116562 1134961
1135992 1136953
1139799 1144102
1145127 1146731
1148262 1159803
1161487 1161979
1162768 1166170
1168023 1177915
1179766 1183827
1185697 1186750
1187816 1198793
1200615 1221770
1222310 1226401
1230933 1237010
1240089 1244481
1245076 1245266
1246367 1254956
1257995 1260095
1261460 1264513
1266473 1276686
1279315 1285723
1286348 1289059
1290034 1290883
1291521 1291852
1292442 1302430
1305649 1307707
1309583 1327129
1328115 1329066
1329834 1355530
1356635 1381459
1388797 1400958
1402914 1403624
1404591 1404677
1406042 1412631
1414382 1423388
1423468 1428499
1429075 1439109
1440711 1441079
1442594 1464016
1464669 1466090
1466928 1469667
1471293 1472281
1473016 1473451
1475809 1480610
1481383 1505219
1505704 1507712
1508836 1509218
1509688 1522016
1523421 1529723
1530375 1535172
1535928 1538995
1541033 1541845
1543325 1546328
1546569 1547700
1548261 1549880
1550502 1560466
1562059 1572939
1574460 1576367
1577032 1577818
1578502 1579207
1580088 1582063
1582831 1584155
1584840 1586890
1587629 1599182
1616849 1641806
1642348 1644605
1647159 1650504
1651272 1656351
1657022 1657346
1659006 1674173
1677592 1685158
1685723 1686254
1686543 1687978
1688261 1688383
1690068 1691012
1692044 1692113
1694020 1694300
1696476 1697018
1698931 1699170
1700106 1707745
1708362 1709648
1710730 1718991
1720284 1736363
1736923 1745981
1748063 1765926
1766153 1777693
1779368 1803253
1805185 1805351
1805537 1805727
1806250 1807114
1809590 1821256
1821841 1830679
1835856 1918700
1920169 1922861
1923381 1946545
1947078 1952629
1953476 1957704
1958393 1958724
1959204 1963046
1964697 1980609
1980788 1990836
1991386 1992630
1994104 2031868
2032166 2033607
2038248 2049610
2050353 2055185
2056087 2066426
2069408 2069549
2070754 2075364
2076027 2099760
2101219 2119988
2125232 2131638
2132325 2156272
2156755 2158775
2160454 2164615
2165893 2175929
2176892 2179738
2181476 2182295
2186290 2190307
2190832 2194553
2197442 2213591
2214434 2217097
2220582 2224556
2229612 2232170
2236730 2239472
2240037 2240940
2243613 2243714
2245429 2254896
2255536 2260407
2261108 2261171
2269625 2284914
2296738 2307496
2308848 2315625
2316467 2329440
2330176 2330677
2335581 2339618
2340371 2379781
2382046 2384988
2385325 2388561
2389209 2391941
2392168 2394943
2399408 2417852
2419754 2420005
2424661 2430496
2431533 2445033
2446591 2489284
2490335 2490671
2492760 2497948
2499408 2500606
2501753 2522963
2538751 2556881
2557488 2563525
2564003 2574733
2577036 2592669
2604420 2624386
2625746 2632034
2637630 2721410
2722576 2723412
2723649 2723972
2724977 2725086
2726566 2727097
2732367 2734035
2735294 2735478
2737557 2738354
2741910 2742120
2750214 2773867
2775153 2801956
2808454 2812881
2814011 2814797
2815000 2824283
2825381 2827590
2828690 2830371
2831233 2899202
2901266 2908536
2910513 2910655
2911437 2915574
2916097 2921243
2922221 2922315
2922970 2936154
2938225 2938845
2939412 2945540
2947366 3012653
3013239 3014111
3016134 3094465
3096643 3098060
3099308 3103699
3106856 3108168
3109786 3135064
3143978 3144444
3145519 3145715
3148436 3148821
3149445 3149755
3151096 3164841
3167298 3175442
3176928 3182487
3183436 3186797
3189184 3198822
3199375 3214716
3217907 3235621
3244326 3245293
3246797 3247260
3253184 3254182
3255519 3255984
3257849 3307439
3309482 3325560
3326803 3340569
3341228 3344407
3344972 3346522
3347708 3348087
3348895 3350541
3351273 3354470
3355343 3386216
3386725 3423605
3424344 3467501
3468170 3471540
3473264 3504652
3506198 3509380
3513167 3519021
3521648 3525170
3526119 3544475
3546002 3551763
3556021 3584246
3586568 3587355
3589838 3602931
3606889 3607020
3609734 3609888
3614066 3614481
3615473 3616892
3617514 3618010
3619332 3620542
3623169 3633936
3634675 3636431
3638133 3641342
3644108 3646104
3646955 3648154
3650858 3650957
3651642 3660393
3663608 3666900
3667426 3677223
3682629 3687225
3688982 3705908
3706203 3715781
3717979 3725692
3726659 3738588
3739838 3744272
3749575 3749661
3750265 3752270
3752769 3755661
3756739 3763462
3765448 3766740
3768420 3770487
3771270 3771428
3771987 3774113
3774641 3796378
3797366 3798284
3800147 3800258
3801045 3801786
3802518 3802999
3803896 3807976
3808956 3809332
3809851 3813453
3814320 3833060
3834222 3840783
3845572 3849220
3849799 3867449
3871723 3874048
3876378 3884517
3885105 3890289
3891083 3900785
3902620 3904540
3905111 3914278
3915518 3915674
3921388 3981496
3985640 3992913
3994912 3997915
4001615 4005402
4006509 4006719
4007599 4009430
4009975 4010588
4011454 4011574
4012202 4015292
4016099 4021392
4022089 4039094
4039733 4040125
4045084 4052146
4054458 4054685
4055795 4056069
4060220 4068652
4073064 4073160
4074627 4074976
4078531 4080155
4083649 4118397
4120053 4120193
4120945 4121088
4122443 4127743
4128762 4128941
4130962 4132892
4132996 4144513
4145562 4145830
4146298 4147176
4148332 4148435
4150044 4150727
4156188 4158346
4158702 4167980
4169978 4179069
4179623 4180346
4180953 4189258
4189768 4197879
4200205 4205237
4206578 4206818
4207503 4212183
4212766 4216423
4217040 4217474
4218320 4225006
4225716 4226625
4227145 4232801
4233519 4244963
4245948 4249808
4250270 4251735
4251993 4252899
4254012 4254998
4255631 4263887
4264682 4279146
4279467 4281100
4285267 4286000
4286660 4287372
4291854 4292841
4295377 4296224
4296772 4301778
4303358 4311948
4314327 4319904
4320635 4323657
4324988 4325056
4326414 4338862
4341327 4341582
4343858 4344301
4345780 4351279
4352594 4362215
4364593 4365287
4365792 4371686
4372798 4373109
4373708 4373965
4374554 4374724
4375342 4376375
4378824 4383736
4384670 4392034
4395866 4395979
4397292 4397654
4400540 4401080
4402569 4404098
4405037 4409324
4410169 4416855
4422442 4422771
4423461 4426524
4430500 4430618
4431203 4437038
4437826 4455257
4455919 4466374
4481321 4484141
4485322 4492449
4495039 4500274
4500583 4500708
4501144 4504331
4505909 4508612
4509761 4519493
4520239 4526885
4527926 4529720
4530436 4553779
4555032 4610378
4611125 4625443
4626063 4632438
4633943 4636622
4637207 4640863
4641727 4641963
4642483 4643631
4645006 4676708
4677408 4687282
4687803 4690356
4691049 4693050
4694338 4718089
4718799 4728661
4729510 4731343
4731540 4732583
4732992 4733534
4734099 4734244
4734844 4739402
4740041 4740899
4741291 4741996
4742249 4742439
4743152 4747704
4748195 4748414
4749042 4751069
4752105 4754503
4755278 4758628
4759071 4825689
4826826 4827184
4831336 4831464
4832139 4868841
4869738 4870167
4870977 4871630
4872303 4872584
4872833 4873417
4874135 4874226
4874463 4958179
4958722 4958900
4960231 4962209
4964017 4970582
4975012 5020070
5021100 5023739
5023852 5026713
5027273 5030672
5031587 5061228
5062180 5066582
5067690 5068465
5070006 5074483
5078630 5078890
5085291 5097483
5098230 5100470
5100787 5101716
5103964 5105978
5106490 5112736
5113664 5119687
5120529 5124762
5125775 5127446
5127595 5132194
5134438 5137074
5138007 5143561
5144584 5145534
5146278 5146489
5146938 5151818
5152109 5153889
5155599 5156078
5156568 5158108
5159260 5168075
5168565 5168684
5170226 5170709
5172697 5181019
5181980 5188620
5189658 5190773
5191383 5195797
5196363 5196828
5201216 5201719
5202462 5206656
5207966 5211875
5213741 5215220
5215777 5215898
5216292 5258942
5259621 5263233
5264230 5265233
5266477 5277268
5278087 5281835
5283964 5285200
5286958 5312053
5313117 5313920
5314931 5337765
5338608 5341660
5343958 5344112
5344713 5348181
5351222 5353780
5354727 5374980
5375947 5380132
5380671 5382775
5383021 5386082
5387746 5391536
5392651 5392912
5393637 5401496
5403054 5403318
5404613 5432138
5434182 5442669
5443271 5446381
5447369 5447911
5448461 5454221
5454877 5464114
5465864 5467068
5467913 5468637
5469470 5475401
5476282 5485912
5486219 5486385
5487150 5488521
5489048 5490404
5490955 5498636
5499501 5502781
5503510 5506103
5506779 5509229
5509934 5511145
5513603 5517130
5519203 5522563
5523345 5528498
5538495 5553999
5554586 5560005
5561406 5568403
5570137 5572340
5575307 5586861
5587467 5595739
5596238 5604719
5604819 5610587
5611367 5613543
5614659 5615866
5616925 5620400
5621966 5622026
5622302 5640816
5641505 5641782
5643570 5644006
5645245 5645382
5646642 5649747
5650351 5658181
5661645 5664420
5666711 5667364
5669467 5670229
5671222 5673262
5673921 5673982
5674148 5675005
5676125 5676290
5676628 5676729
5677768 5677848
5678643 5678777
5679310 5681381
5682252 5685149
5685720 5686939
5688682 5693039
5694531 5705622
5706696 5708777
5709934 5716621
5716835 5743859
5745315 5748345
5750923 5756892
5757986 5762356
5762946 5763044
5765306 5772093
5772744 5774600
5775115 5777890
5779706 5781007
5783140 5788834
5790116 5790308
5791007 5813780
5818415 5825334
5827156 5833012
5833920 5837842
5838635 5839032
5840408 5847430
5848734 5872610
5873332 5897658
5904665 5906756
5909687 5939209
5940157 5940401
5940568 5944074
5944604 5946221
5947249 5952432
5956479 5967526
5968054 5970390
5973115 5974034
5974102 5976145
