Lachnospiraceae_bacterium_3-2_gi_510890818_ref_NZ_
Lachnospiraceae_bacterium_3-2_gi_510891232_ref_NZ_
1 61
17789 17841
136368 136470
140383 140455
143056 143123
146126 146261
149464 149586
Lachnospiraceae_bacterium_3-2_gi_510890808_ref_NZ_
2524 2660
43801 43862
47070 47190
72362 72443
76216 76272
93655 93727
154992 155069
174030 174128
178769 178854
205386 205469
225795 225869
Lachnospiraceae_bacterium_3-2_gi_510890969_ref_NZ_
9102 9359
14625 14883
65651 65716
112275 112342
130809 130863
138279 138353
Lachnospiraceae_bacterium_3-2_gi_510890812_ref_NZ_
Lachnospiraceae_bacterium_3-2_gi_510889810_ref_NZ_
1 78
2992 3109
Lachnospiraceae_bacterium_3-2_gi_510891760_ref_NZ_
727 817
Lachnospiraceae_bacterium_3-2_gi_510890016_ref_NZ_
1 298
1918 1990
2788 3201
4639 4736
50107 50196
53713 53999
64396 64475
66179 66635
69631 69684
79907 79972
91006 91115
92456 92514
99269 99322
99900 99949
120795 121093
128837 129499
149241 149322
150221 150417
193361 193461
Lachnospiraceae_bacterium_3-2_gi_510891285_ref_NZ_
Lachnospiraceae_bacterium_3-2_gi_510890821_ref_NZ_
Lachnospiraceae_bacterium_3-2_gi_510891235_ref_NZ_
1 66
Lachnospiraceae_bacterium_3-2_gi_510893389_ref_NZ_
Lachnospiraceae_bacterium_3-2_gi_510889744_ref_NZ_
99264 99374
102003 102431
121565 121922
124756 124834
130954 131006
153485 153699
172099 172553
183472 183550
Lachnospiraceae_bacterium_3-2_gi_510891757_ref_NZ_
Lachnospiraceae_bacterium_3-2_gi_510891395_ref_NZ_
1 61
2880 2929
Lachnospiraceae_bacterium_3-2_gi_510890586_ref_NZ_
6110 6160
19575 19988
29798 29918
35941 36433
43620 43840
51904 52012
134247 134311
143200 143869
156989 157041
186746 186885
Lachnospiraceae_bacterium_3-2_gi_510889431_ref_NZ_
8660 8711
17560 17644
54066 54139
91340 91434
99497 99851
104255 104596
156582 156638
176978 177310
195691 195799
202080 202291
203777 204125
234002 234106
244906 244984
278642 278951
296227 296812
Lachnospiraceae_bacterium_3-2_gi_510891101_ref_NZ_
2857 2925
25687 25813
33218 33285
47394 47494
51123 51463
58520 58609
61234 61469
77011 77213
100935 101001
119863 119990
121248 121300
137097 137208
Lachnospiraceae_bacterium_3-2_gi_510892449_ref_NZ_
55052 55213
63554 64063
68461 68894
76576 76648
114704 114793
126594 126788
129165 129216
165950 166007
235005 235062
243961 244030
266963 267013
303032 303220
367609 368101
377295 377362
447594 447708
453398 453483
458930 459017
463387 463619
472585 472646
479605 479694
482304 482404
517469 517628
525573 525884
529221 529279
530073 530137
568993 569671
580678 581236
670859 670925
Lachnospiraceae_bacterium_3-2_gi_510890389_ref_NZ_
6319 6455
14219 14270
68394 68522
82535 82626
84092 84149
91801 91881
161885 161934
213791 213890
242255 242350
250981 251112
275361 275427
297576 297669
305774 305845
334908 334962
359870 359937
367140 367233
Lachnospiraceae_bacterium_3-2_gi_510893049_ref_NZ_
21653 21729
34877 35345
43510 43811
54239 54349
68674 68752
76363 76450
Lachnospiraceae_bacterium_3-2_gi_510891733_ref_NZ_
13859 13919
18246 18760
26402 26485
44110 44206
58578 58627
68446 68877
76759 76860
79337 79407
116646 116799
197290 197368
213291 213348
253783 254132
278208 278462
285857 286548
301460 301588
314332 314411
348519 349127
364531 365211
Lachnospiraceae_bacterium_3-2_gi_510889804_ref_NZ_
Lachnospiraceae_bacterium_3-2_gi_510891753_ref_NZ_
Lachnospiraceae_bacterium_3-2_gi_510889484_ref_NZ_
1 568
9938 10029
35575 35629
Lachnospiraceae_bacterium_3-2_gi_510889843_ref_NZ_
4113 4162
5975 6028
30394 30482
Lachnospiraceae_bacterium_3-2_gi_510889437_ref_NZ_
1 385
Lachnospiraceae_bacterium_3-2_gi_510893384_ref_NZ_
13341 13437
16615 16665
29258 29337
30133 30237
61169 61660
96914 96965
125229 125313
162428 162605
195887 195938
229987 230054
311221 311302
337126 337208
347133 347222
Lachnospiraceae_bacterium_3-2_gi_510892973_ref_NZ_
Lachnospiraceae_bacterium_3-2_gi_510891391_ref_NZ_
1 139
3508 3605
19692 19783
76667 80993
Lachnospiraceae_bacterium_3-2_gi_510891737_ref_NZ_
975 1030
Lachnospiraceae_bacterium_3-2_gi_510891741_ref_NZ_
Lachnospiraceae_bacterium_3-2_gi_510891300_ref_NZ_
Lachnospiraceae_bacterium_3-2_gi_510889797_ref_NZ_
1 477
3609 3728
15588 16003
Lachnospiraceae_bacterium_3-2_gi_510892970_ref_NZ_
8345 8771
20614 20697
54299 54574
72998 73074
127411 127483
140591 140680
152869 152976
199438 199532
Lachnospiraceae_bacterium_3-2_gi_510892688_ref_NZ_
16427 16550
30926 30985
45629 45701
56892 57233
82722 82772
83943 84043
126926 127327
230108 230183
Lachnospiraceae_bacterium_3-2_gi_510891745_ref_NZ_
Lachnospiraceae_bacterium_3-2_gi_510889434_ref_NZ_
Lachnospiraceae_bacterium_3-2_gi_510890590_ref_NZ_
Lachnospiraceae_bacterium_3-2_gi_510891767_ref_NZ_
1 80
Lachnospiraceae_bacterium_3-2_gi_510891771_ref_NZ_
Lachnospiraceae_bacterium_3-2_gi_510893056_ref_NZ_
1 65
Lachnospiraceae_bacterium_3-2_gi_510890815_ref_NZ_
Lachnospiraceae_bacterium_3-2_gi_510892977_ref_NZ_
1 1097
Lachnospiraceae_bacterium_3-2_gi_510891281_ref_NZ_
33778 34004
