Lachnospiraceae_bacterium_3-2_gi_510890818_ref_NZ_
Lachnospiraceae_bacterium_3-2_gi_510891232_ref_NZ_
1 61
7913 8426
9290 9372
17648 17841
20321 20397
22389 22459
26456 26505
30866 31286
34711 35422
35971 40875
42836 42963
44157 44272
50847 51097
52646 53515
56964 57212
58319 58532
63291 63470
72324 72390
73739 73949
80477 81130
83139 83195
84559 84948
89356 89436
90228 90982
91788 91856
94680 95025
116965 118293
120703 120763
121640 123254
127478 127968
128575 128681
129765 130759
131474 131745
136368 136470
140383 140455
141284 141337
143040 144731
146126 146261
149464 149586
151097 151614
152422 152553
Lachnospiraceae_bacterium_3-2_gi_510890808_ref_NZ_
1 253
2524 2660
4357 4906
7738 7840
9194 9478
12161 12279
14453 14950
20047 20113
36082 36199
40614 40733
43575 45864
47070 47190
47790 48219
54013 54379
66323 66476
72360 72556
73065 73755
74916 75247
76216 76272
80272 82086
93655 93727
98306 98470
104784 105077
114733 115062
121405 121531
122740 123026
124819 124972
127732 127920
130668 130869
135486 135597
144138 144268
149959 150091
154992 155069
156475 157246
158015 158272
160292 160380
167554 167643
173893 174476
177388 177695
178769 178854
182170 182381
191515 191799
198268 198815
200752 200847
201440 201553
203531 203599
205386 205469
206749 206862
209027 209105
215698 215822
219284 219432
220079 220454
223925 224806
225793 225869
Lachnospiraceae_bacterium_3-2_gi_510890969_ref_NZ_
2181 2543
3747 4197
9102 9359
10056 10427
10939 11098
12327 13073
14364 14883
17778 17917
18718 18966
30205 30749
32608 32928
38043 38178
42886 43112
47574 47992
49199 49263
50267 50653
56399 56500
57072 57537
65651 66100
69685 69771
74872 75256
77675 78268
82015 82323
84886 85088
91087 93477
94699 95209
96954 97049
99236 100080
100695 100886
103001 103228
105646 106063
108569 108779
110152 110343
112219 112342
113547 113926
117495 117565
120373 120620
125616 125808
126728 126791
129026 129112
130809 130863
131449 131545
134581 134975
137164 137452
138279 138353
142107 142425
143571 144061
146964 147119
Lachnospiraceae_bacterium_3-2_gi_510890812_ref_NZ_
1 2455
Lachnospiraceae_bacterium_3-2_gi_510889810_ref_NZ_
1 79
2992 3415
Lachnospiraceae_bacterium_3-2_gi_510891760_ref_NZ_
727 817
Lachnospiraceae_bacterium_3-2_gi_510890016_ref_NZ_
1 298
1918 1990
2788 3201
4639 4736
6413 6977
17589 18627
25407 25517
32379 32436
34216 34366
37080 37197
42204 42393
44823 45017
45947 46042
49059 49253
50107 50680
53713 54002
54877 55482
56167 56250
64396 64475
66179 66676
69631 69684
70766 70965
72055 72625
74510 75000
79003 80667
81860 82416
86875 86942
90678 91115
92456 92514
99125 101065
105066 105309
106913 106990
107967 108098
109189 110418
111614 111680
113625 113951
117256 117675
118507 118800
119953 120007
120795 121134
128837 129499
136813 138205
142678 143088
143997 144136
148745 149322
149953 150714
151764 151900
157366 157437
158713 159110
161388 161484
162451 162873
164581 164764
169016 169075
170218 170571
174165 174381
176036 176280
176859 176942
178893 178958
185616 188007
188761 189697
190735 192056
193361 193461
Lachnospiraceae_bacterium_3-2_gi_510891285_ref_NZ_
Lachnospiraceae_bacterium_3-2_gi_510890821_ref_NZ_
1 150
978 1048
Lachnospiraceae_bacterium_3-2_gi_510891235_ref_NZ_
1 66
Lachnospiraceae_bacterium_3-2_gi_510893389_ref_NZ_
315 3137
Lachnospiraceae_bacterium_3-2_gi_510889744_ref_NZ_
1 1553
3537 3666
4256 4524
7059 7435
14322 14387
14984 15100
18073 18330
19523 19610
28029 28488
29945 30658
32677 34993
36526 36724
44613 44834
45402 45888
47641 47785
51867 52521
56076 56293
57829 57971
58707 58966
64671 64922
67248 67322
70462 70817
78377 78548
85019 85456
91217 91415
99183 99374
100535 100964
102003 102431
105049 105155
107032 107089
116726 116812
120592 123063
129800 130178
130954 131006
135995 136382
140540 140895
146846 147012
148708 149092
149826 149907
150853 151324
151770 151860
153179 154517
162306 162538
163874 164197
172016 173214
175358 175431
178244 178486
181896 182197
183337 183550
184095 185584
190390 190622
193813 193990
194883 195131
195734 196426
198029 198486
207444 207551
217530 217940
224857 225125
237491 237939
244222 244714
256607 256807
267709 269150
275187 275359
278307 279795
Lachnospiraceae_bacterium_3-2_gi_510891757_ref_NZ_
Lachnospiraceae_bacterium_3-2_gi_510891395_ref_NZ_
2804 2929
Lachnospiraceae_bacterium_3-2_gi_510890586_ref_NZ_
6110 6160
14723 14783
16088 17026
18643 19058
19573 19988
25256 26032
27320 27450
29798 29918
31205 32267
34900 35390
35934 36433
37503 37580
40153 40235
43620 43840
47667 48472
51904 52012
53620 53835
54531 55193
57278 57456
58193 58329
67368 67616
69049 69341
72238 72355
73099 73234
74322 74861
76411 76492
80373 81266
84639 85102
89134 89362
93935 94166
99558 99800
101005 101099
104855 104998
105524 105807
109242 109441
115560 115984
118366 118475
119065 121108
124991 125858
131510 131573
134247 134311
134968 135073
142735 143869
146919 148227
148803 149435
151025 151938
156989 157041
168704 169417
172759 173023
177706 178103
179408 179471
182555 182667
184482 184559
186746 186885
197443 197530
199781 200507
Lachnospiraceae_bacterium_3-2_gi_510889431_ref_NZ_
1 5445
8660 8785
11802 11903
17560 17769
20260 21395
24437 24596
29232 29337
29858 30055
32832 33018
35679 35817
36960 37189
38368 38490
40869 41239
45686 46084
46314 46870
47646 48650
49550 49602
50393 50482
52703 53053
54066 54416
61022 61190
63038 63104
64745 65302
68959 69047
70828 71058
71979 72143
77693 77784
79440 79699
81171 82628
90592 91006
95057 95522
99171 99851
104255 104612
106800 106878
108651 109085
112532 113207
114837 115299
129474 129796
134044 134277
148991 149075
150293 151070
152955 153152
156240 156638
176978 177741
184939 185007
195524 195799
201706 202291
203777 204125
205184 205333
214661 215110
224477 224575
226184 226244
234002 234106
235978 236043
244486 244984
245690 248949
249783 251709
253804 254123
256071 258156
260039 260812
261507 261930
262777 262905
270403 270537
276019 276756
278642 278951
283397 284482
286844 287083
292622 296812
Lachnospiraceae_bacterium_3-2_gi_510891101_ref_NZ_
748 1138
2857 3208
4997 5516
6168 6218
7519 7671
11703 11843
12593 12994
19244 19727
23146 23613
25687 25813
32739 33628
35638 35731
37074 37137
38562 39126
47394 47526
51115 51485
54676 54767
58520 58912
60893 61609
64295 64484
70220 70281
71361 71653
74381 74748
75661 77213
89196 89428
95434 95501
97368 99103
100609 101110
104124 104901
114042 114110
117410 117687
119242 120224
121195 121300
126527 126587
129022 129456
130013 130289
132518 133043
135820 136189
137097 137208
137874 138286
141753 142153
Lachnospiraceae_bacterium_3-2_gi_510892449_ref_NZ_
2600 2907
8771 8833
18130 18320
36364 36749
45011 45687
48018 48267
55036 55213
56063 56172
60260 60924
61789 61847
63554 64148
65823 65888
68461 68897
69448 69736
73024 73982
76460 76648
80539 81286
81979 82958
84471 84557
87954 88114
99107 99173
100291 101149
101824 101958
105867 105985
108524 108815
109901 110584
113368 113668
114704 115055
116004 116580
118579 119151
121857 121983
126563 126846
129103 129305
132439 133048
134846 134986
145079 145194
152397 152532
155006 155603
156968 157617
161834 162237
165950 166007
178424 178475
179055 179334
182871 183104
185409 186057
188484 188638
195289 196026
197022 198023
198789 199324
214379 214840
215665 216184
217324 218804
220391 220852
224463 225022
229458 229812
234905 235471
240051 240433
243961 244030
244674 244734
248862 248969
256213 256288
257032 257536
262497 262676
266802 267013
282557 282716
283317 283990
284861 286142
296286 296382
303032 303220
311541 311628
312854 312910
314332 314409
321988 322613
324103 324465
326248 326402
329768 329856
332703 332889
335771 336141
343556 343664
354482 354623
356457 358796
361288 361338
363654 363795
366487 368101
377295 377372
380131 380441
381029 381100
381796 382018
385729 386383
392345 392456
393341 393395
394950 394999
406588 406870
409316 409516
414095 414337
418749 418826
420039 420152
421149 421210
428299 428589
431675 431924
435140 437091
444318 444534
446042 446173
447594 447708
449270 449337
453398 453686
457446 458001
458813 459017
463346 463655
466316 466835
472243 472646
476533 476729
479605 479926
480438 480863
482304 482404
490413 491429
492870 493026
497883 498119
502825 503970
508321 508376
514991 515212
516508 516630
517469 517628
518893 519256
524563 524615
525475 526094
529221 530137
531015 531096
541979 542322
550567 550777
554213 554502
556572 556629
559002 559473
568993 570660
580678 581236
582433 582792
587304 587402
588378 590124
590655 591473
595671 596256
600195 600287
602471 602646
608255 608372
608921 609364
613795 613989
616917 617095
617873 618104
631568 631620
642186 642614
646205 646349
659578 659633
666267 666343
668810 669413
670859 671549
674671 674862
681990 682277
686431 688278
688426 692248
Lachnospiraceae_bacterium_3-2_gi_510890389_ref_NZ_
6319 6455
9034 9480
13822 14304
20663 21020
21816 22126
30572 30676
31735 32147
33902 34116
34837 35001
36097 36206
43667 43925
44445 44591
52745 52938
55066 55357
64466 64538
68394 68522
70244 70395
72569 73039
75204 75301
78382 78441
82078 82626
84092 84149
85572 85874
86589 86980
91801 91881
97521 97805
110482 110672
112839 113288
121852 123399
129060 129527
138541 139017
159340 160049
160584 160847
165526 165590
177522 177860
180054 180159
182611 182720
186520 186596
190237 190489
192125 192619
197131 197295
200220 200289
202789 203150
207655 208421
209382 209648
211973 212265
213791 213982
218654 219200
220161 220430
224561 224826
240434 240820
242255 242350
244604 246577
250981 251467
254193 254599
256511 256989
258556 259283
263854 264066
265734 265803
274190 274363
274895 275872
280111 282018
282626 283772
284916 285312
289926 290006
291826 292128
296019 296093
297576 298114
300459 300533
301123 301264
302656 302744
305774 305845
306599 307566
311986 312059
315639 315935
321031 321085
327892 328362
331236 331436
334908 334962
338009 339035
347776 347892
352458 353256
353906 353967
357250 357300
359870 359937
363435 363485
367140 367233
370931 371274
377770 377894
379195 379624
Lachnospiraceae_bacterium_3-2_gi_510893049_ref_NZ_
1 812
4234 4568
4911 6725
9488 9947
20095 20228
21312 21729
23505 23676
27613 27981
33615 34244
34877 35442
36015 36112
37776 37931
38377 38427
39089 39276
40992 41738
43373 43811
53854 54455
64834 65075
68064 70164
76363 76450
81935 85269
Lachnospiraceae_bacterium_3-2_gi_510891733_ref_NZ_
1 1240
2900 3668
7800 7881
13456 14062
16287 17531
18246 18760
20529 22526
26402 26499
33621 33701
40522 40733
41894 41966
44110 44667
46492 46618
55662 55737
56377 56865
58578 58785
63099 63439
65478 65559
67019 67115
68446 68877
70337 71113
76759 76860
78348 78412
79337 79622
81124 81225
82466 82530
84498 85025
90811 91108
98738 99150
101319 101447
102261 102762
109294 109580
111851 112090
116646 116799
120089 120222
123551 125008
127659 127778
129815 129867
130506 130755
132996 133080
133890 133986
144672 145170
156012 156594
157121 157276
159539 159985
165476 165995
167889 168413
170401 170860
173759 174113
176102 176533
182869 183121
184605 185119
194772 195211
196034 197498
198367 198496
202634 203553
208888 210174
213291 213435
224578 224738
226861 227042
228579 228842
232607 232670
234561 234653
240878 240955
244265 244330
246254 247303
252003 252473
253029 254845
255396 256841
264291 264385
267379 267889
273179 273396
275158 275306
277519 277617
278208 278462
280181 280594
285563 286548
294278 294493
296468 296526
297316 297545
299035 299740
301390 301610
302419 302475
305244 305462
311192 311285
314332 314411
320235 320501
323675 323788
330104 330808
331476 332366
333710 334239
341297 343418
348519 349127
353544 353655
361409 363799
364531 365211
Lachnospiraceae_bacterium_3-2_gi_510889804_ref_NZ_
1 523
Lachnospiraceae_bacterium_3-2_gi_510891753_ref_NZ_
1 465
4252 4892
7912 9957
Lachnospiraceae_bacterium_3-2_gi_510889484_ref_NZ_
1 568
3781 3927
8040 8382
8970 9223
9938 10347
11984 13465
24259 24329
26252 26365
28745 28813
29524 30198
34607 34756
35503 35629
41139 41529
43069 43193
Lachnospiraceae_bacterium_3-2_gi_510889843_ref_NZ_
1 646
4113 4162
5975 6028
17228 17701
24645 25816
30394 30525
31209 31690
Lachnospiraceae_bacterium_3-2_gi_510889437_ref_NZ_
192 385
Lachnospiraceae_bacterium_3-2_gi_510893384_ref_NZ_
1 1550
10736 10814
12558 14026
15055 15108
16511 16665
19802 20105
27249 28056
29258 29337
30133 30237
33011 33144
36350 36767
38055 38134
44978 45057
51602 51740
52386 52476
57632 58031
59179 59675
61169 61660
63229 63365
69821 69920
71715 71890
84754 84823
86903 86989
88229 88522
90865 90975
95459 99020
106608 106747
108444 108514
113773 114920
115226 115277
117833 118055
118929 119595
123453 124060
124833 125916
133701 134179
138469 138921
143560 143924
144939 145854
146898 147240
148162 148932
152231 152706
154194 155365
160178 160494
162422 162605
173769 173887
175734 175993
181003 181121
182232 184654
190883 192072
193880 195938
200051 200149
204208 204526
212473 214251
217621 217753
222774 222915
228748 230054
231837 232026
237776 237827
248965 249543
251649 251751
253665 253924
255110 255882
256937 257088
257922 257971
262205 262553
272820 273134
275991 276125
280672 281303
286343 286425
295326 295517
296873 297691
298769 298987
301904 302743
304459 304769
305690 306269
310278 310479
311221 311302
313410 313519
315449 315639
322317 322462
328142 331798
337121 337741
339768 340163
346614 347222
Lachnospiraceae_bacterium_3-2_gi_510892973_ref_NZ_
1 1911
2739 2813
Lachnospiraceae_bacterium_3-2_gi_510891391_ref_NZ_
1 392
1099 1340
3366 3605
10939 11795
18593 18896
19692 19783
24099 24659
25350 26063
35947 36380
36973 37073
38820 38872
39563 39693
40921 41403
45498 45756
47784 49630
56563 56650
64288 64444
68899 69052
74097 80993
Lachnospiraceae_bacterium_3-2_gi_510891737_ref_NZ_
188 1030
Lachnospiraceae_bacterium_3-2_gi_510891741_ref_NZ_
1 941
Lachnospiraceae_bacterium_3-2_gi_510891300_ref_NZ_
1 124
1363 1818
3515 3876
5360 5892
6760 6933
9488 11850
13893 14039
15819 16890
Lachnospiraceae_bacterium_3-2_gi_510889797_ref_NZ_
1 95
193 2299
3513 3728
5031 5164
11042 11412
12866 13041
13758 13850
14208 14537
15454 16003
16625 17770
22227 22415
26852 26942
27306 27466
33589 34106
39154 39355
43922 43974
51393 51701
53455 53593
54160 54293
Lachnospiraceae_bacterium_3-2_gi_510892970_ref_NZ_
1 149
3706 4047
7185 7275
8129 8771
9898 12979
14758 14864
15665 16584
18919 19032
20614 20697
29025 29598
32220 32309
33263 33354
37258 37699
40169 40302
46252 46335
47832 47957
48710 49172
52844 52895
53837 54574
55244 55348
59061 59174
63938 64469
72968 73074
75339 75541
76211 77042
86934 87621
89240 89294
92961 93047
100934 101309
102661 102727
104946 105157
105691 106353
127311 127483
129768 130023
131316 131490
139945 140680
150934 151093
151613 152039
152869 152976
160578 160692
165066 165202
169480 169697
172814 173067
178246 178611
179827 180034
185686 185839
192103 193966
199614 202540
203510 203640
207640 207943
213986 214047
219193 219289
222905 223420
226077 226170
229052 229276
243176 243742
247844 248003
248735 248892
251943 251992
255561 256565
257295 257367
258675 259161
263120 263292
266867 266929
268315 268994
269654 270199
275362 275735
279751 280086
282049 283898
Lachnospiraceae_bacterium_3-2_gi_510892688_ref_NZ_
1 1166
3590 4157
5614 7777
8830 8939
9519 10400
13786 13960
16425 16550
17979 18112
21215 21619
29172 29876
30926 31452
32297 32450
35530 35725
37428 37619
45030 45703
48901 49035
50925 51315
52503 53331
53967 54199
54890 54956
56892 57827
60526 60624
61902 62099
62711 62765
63723 64022
64713 64766
65679 65835
67235 67764
68648 68780
71100 71387
78360 78547
82566 83240
83943 84043
84801 85149
86844 87036
88170 89717
96717 97041
106987 108854
112007 113221
115352 115537
116818 117132
118675 118922
120515 120798
122043 122099
126739 127327
137644 138160
142597 142698
146373 146444
153227 153635
157135 157225
158724 158890
161120 161358
165332 166806
169604 169754
175378 175566
180312 180477
183670 183882
190613 190923
192477 192684
193788 194191
199018 199198
200266 200909
208006 208408
219574 219708
223544 225401
228571 228642
230108 230183
Lachnospiraceae_bacterium_3-2_gi_510891745_ref_NZ_
445 1106
1625 1694
Lachnospiraceae_bacterium_3-2_gi_510889434_ref_NZ_
1 585
Lachnospiraceae_bacterium_3-2_gi_510890590_ref_NZ_
Lachnospiraceae_bacterium_3-2_gi_510891767_ref_NZ_
1 80
823 1395
Lachnospiraceae_bacterium_3-2_gi_510891771_ref_NZ_
1 423
Lachnospiraceae_bacterium_3-2_gi_510893056_ref_NZ_
2594 2668
4191 4724
Lachnospiraceae_bacterium_3-2_gi_510890815_ref_NZ_
618 712
Lachnospiraceae_bacterium_3-2_gi_510892977_ref_NZ_
1 1714
3822 3941
Lachnospiraceae_bacterium_3-2_gi_510891281_ref_NZ_
3428 4083
12777 12888
14645 15944
21421 21646
33163 33214
33778 34112
36470 36607
39423 39602
44211 44380
45867 45936
47323 47742
53143 53217
55411 55685
