Lachnospiraceae_bacterium_3-2_gi_510890818_ref_NZ_
1 1015
Lachnospiraceae_bacterium_3-2_gi_510891232_ref_NZ_
1 214
1297 4777
5576 5753
6475 7269
7836 10302
10809 11292
11809 23626
24196 34122
34773 36354
36998 42987
43519 53688
54237 54301
54809 59970
60513 60614
61187 63997
64524 69018
69530 79611
80320 81470
82332 83683
84193 91035
91683 93734
94246 104749
105908 109262
109769 112699
113217 131862
132399 138156
138744 139121
139907 141341
141850 144775
145501 152553
Lachnospiraceae_bacterium_3-2_gi_510890808_ref_NZ_
1 6438
7070 23023
23589 37878
38497 39916
40600 43475
45137 64341
65245 68116
68670 75311
75830 78935
79618 84075
84604 87857
88359 92342
92889 98568
99118 106887
107477 107926
109064 117401
118066 119109
119848 131893
132412 139289
140885 142214
142893 146587
147622 155405
155938 161929
162644 171506
172020 181332
181858 186089
186591 194116
194695 202481
202984 206862
208534 221640
222211 225869
Lachnospiraceae_bacterium_3-2_gi_510890969_ref_NZ_
1 16816
17363 20898
21645 29230
29854 33146
33898 43404
43945 46633
47216 53656
54338 54744
55492 55567
56260 58698
59222 61070
61615 67825
68345 75443
75975 81248
81969 85181
85824 87169
88324 89728
90509 93911
94524 109287
109964 111489
112178 118832
119571 120631
121229 126029
126624 127329
127919 131579
132113 141137
141725 144405
145200 147177
148022 149461
Lachnospiraceae_bacterium_3-2_gi_510890812_ref_NZ_
1 2455
Lachnospiraceae_bacterium_3-2_gi_510889810_ref_NZ_
1 4279
Lachnospiraceae_bacterium_3-2_gi_510891760_ref_NZ_
1 817
Lachnospiraceae_bacterium_3-2_gi_510890016_ref_NZ_
1 7179
7691 10463
11044 12060
12612 16710
17508 18648
19153 19500
20402 30737
31304 38227
38792 47222
47879 57823
58402 60640
61192 64750
65358 67139
68404 75182
75748 77896
78546 85810
86552 88525
89400 92609
93146 95353
96163 96771
97298 126467
127073 133785
134339 135479
136154 152315
152994 153919
154432 161597
162256 166076
166636 167717
168395 169450
169956 185516
188107 192230
192877 193461
Lachnospiraceae_bacterium_3-2_gi_510891285_ref_NZ_
1 1252
Lachnospiraceae_bacterium_3-2_gi_510890821_ref_NZ_
1 1048
Lachnospiraceae_bacterium_3-2_gi_510891235_ref_NZ_
1 782
Lachnospiraceae_bacterium_3-2_gi_510893389_ref_NZ_
1 3137
Lachnospiraceae_bacterium_3-2_gi_510889744_ref_NZ_
1 3754
4407 23882
24441 43460
44596 53885
54484 56881
57536 59389
60489 76209
76804 79514
80204 89038
89576 90692
91194 95812
96945 97952
98535 105518
106106 109646
110185 113634
114508 125707
126386 128885
129432 133950
134451 143914
144619 145227
145733 166937
167481 169320
169924 170037
170560 178821
179379 179793
180360 181235
181836 192125
193026 200452
200953 203508
204028 204497
205004 205164
205761 206759
207261 208929
209587 211639
212163 215277
215781 221011
221796 223445
224020 226560
227172 228747
229293 230034
230839 233932
234489 234677
235195 238525
239297 243373
243930 246554
247099 249802
250390 252344
253089 254290
254822 254907
255482 260867
261380 262961
263489 271484
272119 272547
273170 278416
Lachnospiraceae_bacterium_3-2_gi_510891757_ref_NZ_
1 690
Lachnospiraceae_bacterium_3-2_gi_510891395_ref_NZ_
1 1779
2372 2929
Lachnospiraceae_bacterium_3-2_gi_510890586_ref_NZ_
1 482
1200 4287
4897 8112
8837 9632
10240 13252
13801 27969
28958 36443
36966 38778
39288 46428
46929 51250
51752 60093
60895 61298
61861 78060
78562 85120
85699 87120
87868 94384
94939 95114
95713 113101
113754 129054
129869 132161
132753 135790
136349 136819
137441 140597
141220 148231
148742 152854
153854 159475
160092 165367
165949 176959
177660 185272
185878 192758
193316 198301
198985 205004
Lachnospiraceae_bacterium_3-2_gi_510889431_ref_NZ_
1 374
1823 7579
8649 10451
11206 16186
17262 19700
20219 23322
23921 26648
27152 30282
30903 37833
38343 39277
39902 40248
40771 57176
57679 69615
70326 74512
75057 76385
77665 79711
80228 81073
82728 86169
86833 88407
88962 97789
98300 101657
102947 125316
125856 129987
130494 130920
132327 134687
135207 135289
135799 138457
139065 154441
155337 160364
160900 162205
162791 164919
165423 172144
172786 174358
174965 181754
182265 188683
189345 193297
193818 194226
194728 199380
200087 207984
208840 213122
213733 218380
221274 232396
233006 236086
236844 238957
239584 243526
244088 254126
254679 265040
265616 277048
277740 296812
Lachnospiraceae_bacterium_3-2_gi_510891101_ref_NZ_
1 3209
4135 8204
8872 13013
13548 15280
15804 16828
17354 22002
22507 28009
28609 40662
41283 46341
46871 48966
50187 57340
58303 63478
64226 69669
70265 72157
72715 74864
75403 78429
79017 87248
87887 88064
88717 95799
96304 96497
97027 101242
101810 101964
102554 106675
107360 108005
108813 113054
113659 114648
115475 115846
116618 118213
118925 122429
123030 124457
124984 127062
127715 133303
134962 136202
136707 142153
Lachnospiraceae_bacterium_3-2_gi_510892449_ref_NZ_
1 11021
11605 16499
17043 17351
17859 20086
20767 22637
23616 45958
46799 75875
76392 76883
77579 89568
90081 95934
96506 104981
105518 112250
112905 116812
117389 119170
119693 123403
123925 124296
124820 125218
125753 127214
127782 131801
132340 149737
150355 151697
152357 153003
153737 157723
158563 160714
161379 166014
166521 169916
170574 173993
174562 175003
175571 179385
180159 182193
182857 190140
190667 191408
192233 194026
194737 200965
201473 205970
206643 211451
212054 213631
214309 219638
220225 221761
222361 232384
232980 233058
234263 246517
247080 248157
248779 249846
250349 257590
258242 258850
259625 260693
261946 266103
266801 269938
270618 281523
282027 286220
286737 296697
297524 302433
302942 305823
306536 311758
312391 319423
319948 322895
323580 324472
324984 326668
327354 333453
334127 338711
339389 353639
354181 359018
359579 362171
362687 369910
370479 397725
398386 404517
405045 412166
412816 416003
416543 417250
417777 422541
423099 426670
427378 429100
429666 442356
443020 443783
444314 449432
450122 462062
462672 477778
478362 486555
487317 509566
510182 521178
521831 526171
527300 531405
532250 538136
539017 545003
545764 546093
546601 546757
547383 549370
550052 552541
553184 561118
562207 572661
573302 575189
575704 593077
593608 604965
605577 612349
612867 615574
616102 619843
620423 620669
621379 622538
623051 623518
624074 624522
625219 626926
627630 630675
631279 640453
641100 642918
643450 649361
650007 652020
652630 653355
653969 659773
660386 662315
663005 663925
664484 664858
665427 667944
668630 671888
672389 672895
673751 675129
675804 678465
679031 681074
681707 683061
683563 688989
689709 692248
Lachnospiraceae_bacterium_3-2_gi_510890389_ref_NZ_
1 1121
1693 5762
6292 14579
15131 18325
19098 27006
27545 27683
28228 41034
41578 41698
42274 48099
48611 48931
49727 56931
57688 60479
60991 61545
62202 63218
64244 68975
69558 71040
71945 74262
74860 77056
77656 78515
79092 80407
81453 84629
85476 94449
95026 98980
99620 101217
101755 114085
114597 116159
116702 121295
121933 124475
125749 126490
127112 135938
136690 141987
143068 151102
151608 152515
153030 157163
157856 162824
163399 168412
168932 174210
174774 175388
177095 177922
178946 181979
182582 187965
188887 196039
196561 200384
201104 211065
211646 214235
214957 215461
216569 230561
231062 231716
232327 233646
234295 235815
236465 243664
244198 251952
252805 257025
257635 264721
265232 269768
270503 276593
277256 287162
287665 296498
297106 304649
305279 315940
316521 324681
325282 341275
341927 348730
349276 353283
353964 355318
356477 360669
361198 364569
365791 371724
372614 376059
376954 378001
378543 379624
Lachnospiraceae_bacterium_3-2_gi_510893049_ref_NZ_
1 1638
2294 5010
6897 7607
8267 17827
18337 24098
24807 30076
30695 33064
33584 35459
36014 39358
40474 42358
43505 44023
44735 45277
45930 46286
46824 47342
47903 55090
55987 57777
58441 59912
60780 70288
70915 71484
72022 72773
73457 85269
Lachnospiraceae_bacterium_3-2_gi_510891733_ref_NZ_
1 2208
2787 8011
8686 11967
12770 14268
14931 20957
22646 22767
23336 29442
30006 34467
35177 36071
36587 42564
43107 59215
60219 64332
64851 71355
71859 72712
73525 87119
87704 97088
97595 98133
98640 99638
100687 105789
106309 106745
107649 107846
108534 111028
111748 118542
119336 119495
120005 123495
124632 139212
140057 140430
140984 141858
142452 146146
146798 149552
150317 152945
154208 157619
158230 163702
164385 171316
171922 183732
184300 185873
186644 191677
192199 200300
200997 205956
206501 210408
210988 217061
218233 224931
225477 225727
226830 227199
228335 237473
237998 238410
238928 242862
243574 249114
249620 269686
270280 290237
290925 305506
306043 319462
320047 336929
337439 339365
339983 351930
352698 356287
357854 360045
360722 365211
Lachnospiraceae_bacterium_3-2_gi_510889804_ref_NZ_
1 841
1860 5880
Lachnospiraceae_bacterium_3-2_gi_510891753_ref_NZ_
1 894
2496 3177
3726 9957
Lachnospiraceae_bacterium_3-2_gi_510889484_ref_NZ_
1 4592
5210 5985
6521 15994
16733 19850
20658 21443
21970 32250
33016 36176
36779 40202
40828 43193
Lachnospiraceae_bacterium_3-2_gi_510889843_ref_NZ_
1 6058
7138 12804
13323 16343
17129 19907
21579 27124
27737 28143
28657 31690
Lachnospiraceae_bacterium_3-2_gi_510889437_ref_NZ_
1 385
Lachnospiraceae_bacterium_3-2_gi_510893384_ref_NZ_
1 1876
2568 5265
5901 20109
20686 24000
24580 25711
26804 30366
30880 47009
47573 47947
48469 55805
56432 58372
59093 63499
64020 66783
67495 72660
73358 81779
82290 87493
88008 93281
93783 94315
94988 97643
98803 99951
100677 101620
102300 109024
109534 121973
122652 127805
128381 130468
131395 132313
132864 137000
137682 150205
151346 155627
156563 157616
158306 163501
164066 180066
180581 183498
184072 192665
193197 198547
199086 207019
207619 218561
219406 224620
225291 226463
227000 227862
228655 238939
239644 244714
245289 246636
247218 253029
253607 256124
256709 261151
261955 264110
265368 277219
279222 283175
283835 284145
284883 288403
288944 289912
290439 300066
300610 308584
309235 309741
310277 310680
311197 312003
312546 312692
313256 314938
315443 320500
321066 342359
344801 347222
Lachnospiraceae_bacterium_3-2_gi_510892973_ref_NZ_
1 4783
Lachnospiraceae_bacterium_3-2_gi_510891391_ref_NZ_
1 8935
9466 15818
16523 32136
32947 35009
35512 39798
40480 50834
51480 52137
52703 55990
56497 56931
57718 60833
61568 67747
68299 70962
71470 72056
72573 75453
78980 80993
Lachnospiraceae_bacterium_3-2_gi_510891737_ref_NZ_
1 1030
Lachnospiraceae_bacterium_3-2_gi_510891741_ref_NZ_
1 941
Lachnospiraceae_bacterium_3-2_gi_510891300_ref_NZ_
1 7091
7663 17793
Lachnospiraceae_bacterium_3-2_gi_510889797_ref_NZ_
2060 5214
6178 6671
7392 7731
8315 12141
12815 28272
28867 40396
41084 52600
53269 57304
57858 58362
Lachnospiraceae_bacterium_3-2_gi_510892970_ref_NZ_
1 2399
2935 13045
13641 22520
23110 43319
43959 50228
50805 53007
53575 55926
56519 57961
58464 63068
63608 67055
67745 70529
71068 74163
74707 78555
79382 83396
84080 90989
91548 93539
94093 94343
94939 96076
96759 99670
100786 109867
110417 111454
111981 113071
114309 121339
121858 132384
132959 143096
143598 148149
148689 149747
150439 156261
156821 158839
159399 159966
160485 163682
164197 182629
183234 189027
189547 202797
203431 213104
213777 214323
214827 215451
216251 217440
218026 218337
218951 221675
222271 226204
227357 228322
228871 235201
235756 237654
238344 245723
246307 249016
249851 254217
255546 271539
272086 273057
273643 281429
282000 285047
Lachnospiraceae_bacterium_3-2_gi_510892688_ref_NZ_
1 4944
6745 14624
15341 24056
24578 26139
26935 27995
28563 30074
30749 32504
33049 34728
35320 40108
40798 50121
50893 56225
56770 68910
69665 72881
73399 77568
78230 79199
79854 85948
86636 91657
92175 93169
93751 95846
96480 100415
101167 136457
136970 139482
140075 143477
144042 144295
144912 146445
147448 147680
148236 150306
150825 161772
162380 172677
173311 177041
177931 179554
180212 188289
189058 189472
190258 198096
198656 209675
210208 211291
211809 222146
222676 230183
Lachnospiraceae_bacterium_3-2_gi_510891745_ref_NZ_
1 1694
Lachnospiraceae_bacterium_3-2_gi_510889434_ref_NZ_
1 585
Lachnospiraceae_bacterium_3-2_gi_510890590_ref_NZ_
1 388
894 987
Lachnospiraceae_bacterium_3-2_gi_510891767_ref_NZ_
1 3457
Lachnospiraceae_bacterium_3-2_gi_510891771_ref_NZ_
1 705
Lachnospiraceae_bacterium_3-2_gi_510893056_ref_NZ_
1 4724
Lachnospiraceae_bacterium_3-2_gi_510890815_ref_NZ_
1 712
Lachnospiraceae_bacterium_3-2_gi_510892977_ref_NZ_
1 3941
Lachnospiraceae_bacterium_3-2_gi_510891281_ref_NZ_
1 91
696 27445
28038 30256
31001 35893
36455 38462
38996 40433
40978 44920
45485 48760
49500 55685
