Lachnospiraceae_bacterium_3-2_gi_510890818_ref_NZ_
1 1015
Lachnospiraceae_bacterium_3-2_gi_510891232_ref_NZ_
1 228
2082 2877
3490 4413
7878 8508
9290 9995
12158 12838
13765 14659
15224 16749
17253 18101
19758 21581
22389 23384
24197 24277
26456 26696
27237 27546
28422 29214
29971 30126
30887 31990
32741 33958
34680 40923
42742 42987
44157 45260
45803 46187
46852 47596
48623 49509
50155 50213
50836 51649
52646 53687
54238 54300
55916 57323
57976 59407
63159 63609
65475 68547
69531 69711
70768 71342
71929 74660
75245 76002
76581 77172
77857 78039
79106 81348
82344 83298
84481 85288
85996 87348
87896 88144
89417 89571
90134 95161
95894 96148
98307 98486
99057 100665
101357 101604
102713 103207
104172 104273
107613 107930
109016 109114
109767 110585
111498 111922
112643 112698
113856 114344
114860 115227
116003 116072
116965 118134
120744 125416
126137 126637
127478 128681
129333 129395
130109 131784
132400 132474
134146 134221
134935 135421
135981 138155
138753 139041
139908 140478
141851 144690
145585 146281
147072 147719
149425 151499
152128 152553
Lachnospiraceae_bacterium_3-2_gi_510890808_ref_NZ_
1 588
1134 2697
3792 4906
6207 6457
7785 7840
8526 10567
11419 12516
14453 17143
18398 20062
20884 23077
24728 25240
28136 29327
30056 30527
31194 32442
33083 34780
35498 36631
37325 37664
41248 42440
43509 46422
47024 47193
49026 49388
51233 51780
53960 55886
58109 59114
60339 60438
61006 63399
64163 64247
66309 67447
68111 68176
68801 69462
70749 70871
71415 73881
74644 75310
76123 77678
78394 78864
79537 79969
81761 82103
84035 84239
87114 87779
89372 89665
91016 92341
92971 93044
93645 94238
94949 95563
96086 96740
98392 98586
99401 100217
100989 103203
104774 105116
106391 106526
107925 108400
109881 110988
113155 113304
114733 115272
116427 117906
118450 118506
119878 121848
122635 123325
124447 125445
126688 126762
128740 129567
130603 131892
133805 133879
135378 136413
137056 137168
141411 141737
142971 144053
145936 146579
147764 150071
150817 151251
152308 152774
153723 153803
154369 155404
156016 158836
160300 161021
161691 161896
163474 165492
166156 166864
167425 168342
169214 170586
171087 171271
172034 173150
173743 175742
176971 178869
181019 181302
181893 182511
184371 185999
187267 188231
188935 189817
190887 192001
193092 193251
195629 198906
199454 199504
200419 200931
201440 202281
203094 203599
205210 205565
207510 209136
210332 210412
212431 212625
213191 213662
214697 214890
215669 215831
217167 217438
218053 218527
219038 220175
221210 221658
222822 225056
225718 225869
Lachnospiraceae_bacterium_3-2_gi_510890969_ref_NZ_
1 497
2102 2636
3850 5845
7534 11702
12253 13157
14287 14975
16164 16227
17364 19148
20807 20897
23024 23261
25026 26730
27366 27861
28922 29601
30187 31234
31881 32010
32608 33035
34196 34885
35755 35890
36759 37241
37959 38204
41088 43164
44836 45544
47369 47883
49041 50653
51882 52275
52950 53040
54467 54535
56435 57942
58639 58698
60419 60756
61883 62012
62770 62826
63453 63723
64347 66538
68712 69771
70635 71237
73385 73726
74822 75284
75964 76075
77657 78753
79378 79867
81970 83755
84886 85180
85825 86184
88807 89727
91021 93753
94308 95277
96513 97161
98894 100921
101592 102297
102812 103188
104805 105024
105635 107071
107694 108674
109965 110175
110911 111032
112251 112417
113257 114361
115006 115802
117469 118441
119820 120639
122070 122277
122922 123026
124151 126055
126856 127016
127920 128102
129055 129171
130066 131574
132639 133676
134581 136350
137164 138902
139637 141085
141719 143662
145968 147190
148478 148661
149183 149461
Lachnospiraceae_bacterium_3-2_gi_510890812_ref_NZ_
1 296
1980 2455
Lachnospiraceae_bacterium_3-2_gi_510889810_ref_NZ_
1 86
1424 2367
2982 4279
Lachnospiraceae_bacterium_3-2_gi_510891760_ref_NZ_
1 69
188 817
Lachnospiraceae_bacterium_3-2_gi_510890016_ref_NZ_
1 3903
4621 5017
6006 7625
9666 10360
11045 11585
13055 15024
16582 16672
17486 18665
19181 19499
20729 22723
23589 24533
25151 25580
26663 27169
28644 29096
29816 30567
31676 32933
33531 33675
34216 34392
36081 37654
38204 38680
39486 39683
40497 40847
41365 41679
42202 42694
44776 45332
45947 46158
47937 48007
48603 51563
52500 54002
54801 57059
58866 59392
60505 60639
61988 62200
62862 63327
64382 64507
65359 65477
66133 66783
69570 69718
70571 70660
71954 73398
73899 75140
76389 76637
78935 83511
84399 84808
86793 86905
89755 91124
92421 92526
96299 96620
98513 99287
101934 102263
103588 104077
104963 108098
108651 110426
111606 111716
112984 113989
114583 115020
115902 116069
117220 117698
118422 121134
121813 123012
123715 123772
125391 125456
126899 127070
128831 129551
130702 130840
132001 132835
134470 135070
136124 136238
137728 138342
139299 139618
140802 141638
142646 143107
143754 144196
144706 145394
146451 148159
148677 150714
151593 152314
155417 155910
156765 157437
158594 159153
160694 161588
162447 163992
164546 165352
165965 167184
168421 169226
170535 170902
172917 173387
174143 178316
178892 178967
179549 181866
183017 184316
185150 185517
188898 189912
190667 192104
193320 193461
Lachnospiraceae_bacterium_3-2_gi_510891285_ref_NZ_
1 116
720 1252
Lachnospiraceae_bacterium_3-2_gi_510890821_ref_NZ_
1 66
901 1048
Lachnospiraceae_bacterium_3-2_gi_510891235_ref_NZ_
1 146
721 782
Lachnospiraceae_bacterium_3-2_gi_510893389_ref_NZ_
1 67
315 3137
Lachnospiraceae_bacterium_3-2_gi_510889744_ref_NZ_
1 1651
3490 3671
5003 5059
6151 6328
7025 8052
8640 8692
9318 10828
11837 11891
13283 14482
14984 15100
17564 18647
19414 20163
20939 21281
21783 21860
22762 23058
23622 24043
25729 25883
26389 27162
28018 28531
30000 35117
36274 36520
37075 38238
38849 39502
40138 40436
41737 42144
42826 43356
44594 46815
47606 47834
48346 49912
50552 51276
51865 54013
55543 56293
57515 58057
58574 58966
60843 61581
62279 63047
63718 64958
65716 67355
68441 68549
69277 69785
70352 71862
72415 79513
80205 81625
82742 83689
84560 85582
87568 88651
89672 89906
91195 91427
93683 93933
94660 94908
95704 95811
96946 97863
98570 104062
105387 105475
107014 107089
108626 109531
110306 110441
111611 111809
112778 112874
113559 113902
115054 115942
116646 117573
118743 120696
121358 122417
122927 123377
124661 125706
126697 127574
129981 130098
130784 132289
133423 133950
135714 136561
139694 141278
142703 143522
145263 146289
146809 149961
150818 152519
153114 154534
155116 155247
157112 157638
158795 158989
160773 161289
162283 164358
165791 165845
167461 168380
169108 169191
171975 173251
174288 174514
175344 175757
177328 177719
178235 178820
179545 179954
181860 182212
182937 185603
187553 187921
188623 189222
189885 191041
191622 192124
193025 193326
195140 197044
197678 198525
200954 201366
202304 202822
206396 208203
210060 210878
212294 213157
216490 216714
218823 219253
219788 220949
223266 223776
225157 225210
227482 228359
231670 231960
232520 232881
233826 233891
234599 235278
235779 236529
237479 238020
239814 240117
240700 240944
242200 244421
245179 245845
247100 247469
248498 249127
250391 250882
252228 252350
253132 253459
253966 254298
254823 254920
255483 257860
259786 260225
262059 262570
263582 263942
265878 267096
267616 269983
270614 271364
272270 272469
273164 275618
276883 278416
Lachnospiraceae_bacterium_3-2_gi_510891757_ref_NZ_
545 690
Lachnospiraceae_bacterium_3-2_gi_510891395_ref_NZ_
1 2929
Lachnospiraceae_bacterium_3-2_gi_510890586_ref_NZ_
2996 3114
5078 5225
5928 6513
7035 8113
8720 9362
12097 12969
13652 14783
15409 17284
17885 21406
21943 22186
22723 26141
26864 27570
29717 29940
31205 31309
32022 32891
33523 33599
34339 36442
37503 38734
39688 40244
42554 43019
43595 45694
47280 49282
49970 50106
51515 52057
52608 53104
53620 53888
54445 55775
57197 57468
58349 58795
65119 65435
66194 66570
67581 67967
69031 69955
70497 71329
72007 72441
73162 76544
77077 79881
80430 81345
82585 83428
84342 85119
86313 87131
87956 88470
89004 91060
91653 93228
93904 94183
94936 95113
97147 97231
97992 98134
98660 98985
99548 99804
100982 111093
111842 112064
115427 115989
116953 117821
118349 118498
119065 119668
120848 121216
122316 124289
124990 127010
127619 127698
128351 128653
129439 129853
130354 130484
131362 132830
133417 135789
136350 136594
139406 140026
142643 144388
146083 146210
146839 148230
148743 149494
151005 151770
155680 157127
158218 158353
160093 160577
161170 161587
165050 165366
168741 169567
171942 171995
172756 173344
175079 175220
175859 176161
177653 179491
180482 180531
181082 182704
183247 183426
184068 184976
186539 188683
191261 191344
195902 197884
199084 200661
201507 202374
204030 205004
Lachnospiraceae_bacterium_3-2_gi_510889431_ref_NZ_
1 5846
6446 7297
8642 8798
9938 10450
11200 11903
12604 14088
14683 15507
16019 16119
17291 18205
18710 18781
20179 21399
22618 23086
24292 25154
26192 26667
27506 28006
29169 30281
30900 30950
32859 33021
33531 34057
35094 35742
36289 36356
36960 37837
38344 38583
39831 40247
40772 42103
43770 44227
45601 46925
47645 48796
49469 50541
51698 51993
52703 54846
57795 58012
59868 60001
60881 61046
61611 61891
63038 63346
64734 65305
66222 67114
67775 68419
68955 69148
70327 71525
72046 72378
73561 74005
77666 77729
78246 78434
79166 79701
81105 83187
83750 84291
85348 86107
87267 88763
89349 91709
92653 93079
93670 95541
97275 97488
98363 100058
100676 101486
103688 104714
105242 105620
106474 109148
109724 110211
111382 111543
112047 113209
114766 119007
121585 121637
123496 123736
124469 125379
126594 127677
128453 129895
130545 130613
132608 134564
135206 135281
136064 138460
139913 139965
141317 141508
142032 142228
142731 143242
144793 145545
146435 146939
147508 148454
148969 151111
151835 152325
152955 153191
154005 154445
156531 157264
158168 158560
159375 159508
161022 161852
163663 163846
164569 164896
166451 166838
168006 169174
170163 170395
171702 171929
173985 174596
175756 178428
179460 180155
180803 182599
184843 185008
186957 188407
189346 190490
194158 194225
195203 195879
200250 200473
201575 204457
205079 207015
209049 211519
212633 212866
214135 215603
216235 218382
223736 223789
224447 224712
226079 227242
229155 229232
229737 229936
232765 234138
234978 236055
237900 238250
239755 240153
240697 241024
241648 241898
242619 243261
244195 249061
249713 252592
253142 254125
254680 258643
259375 260165
261477 263081
263704 263759
265794 266029
266743 267827
268708 269712
270260 270724
271744 271837
273024 273185
276103 277147
277741 278016
278620 279803
280550 280619
281241 281810
283043 284582
286434 287561
289014 289564
290992 291526
292054 293207
293772 296812
Lachnospiraceae_bacterium_3-2_gi_510891101_ref_NZ_
1 1160
2776 3167
5238 6394
7057 8203
10853 14387
16112 16539
17564 18225
18805 19801
21038 21205
22508 23645
25659 26381
27008 27436
30676 31801
32731 33721
34295 34355
35632 36218
36964 37137
37693 37915
38562 40036
41832 42188
43363 44184
44984 45470
47083 47544
48076 48873
50819 52137
53650 55634
56326 56759
58385 58912
59687 60022
60893 62464
64452 66195
67044 69867
70220 70281
71181 71904
73733 74748
75595 77828
78359 78441
79150 79328
80021 81825
82672 82835
83494 84457
85340 86243
87888 88464
89177 89731
90619 91128
92412 93067
95307 95510
96109 96330
97366 99211
100255 100326
100843 101012
101857 101963
103171 104984
106438 106816
107759 107811
108811 108862
109441 109504
110589 110926
111682 112196
114060 114122
116752 117467
119100 120285
121195 121493
125284 125893
127949 128434
129022 130363
132317 134074
135427 135507
136094 136201
137049 138014
138588 138979
141379 142153
Lachnospiraceae_bacterium_3-2_gi_510892449_ref_NZ_
2135 3457
4264 5078
7385 8225
8832 9265
9882 10816
11436 11503
12288 12764
13353 16057
18065 18309
19735 20115
20768 21110
22205 22437
23816 25111
26647 27124
27893 29617
32641 34648
36024 36804
38198 38627
39254 40318
42010 45788
47163 48317
48882 50388
51042 51416
52206 52591
53491 53546
54789 55221
56060 57138
58023 59192
60157 60273
60817 61281
61782 61950
63536 64182
65723 67336
68461 72459
72976 75599
76459 76678
78157 78659
79160 79823
80435 81540
82239 83305
84427 85219
85791 86689
87866 88223
90082 90461
91753 91806
92568 95022
98572 99186
100159 101981
103239 103777
104945 105062
105710 112249
113617 115284
116018 116580
118122 119169
120830 122031
123291 123387
123926 125191
126563 126851
128459 129411
130921 131800
132341 133117
134819 136125
136733 136940
137520 137870
138477 138529
140323 140445
140959 142046
144508 145948
147072 148582
151422 151696
152387 152883
154352 154420
154932 155630
157229 157638
158704 159192
159759 160164
160692 161092
161855 162237
163032 164079
164830 165356
165889 166013
167369 167555
168187 168573
169925 169985
170782 171233
171826 172998
173661 173774
174889 175002
176935 177035
177757 179385
180194 180623
181233 183113
183994 184391
185336 186058
187738 188983
189536 190105
191211 191298
195247 196041
197019 199750
200487 200845
201470 202255
202902 203706
204581 205969
206491 207389
208274 208760
210856 211595
212787 212847
213540 213597
214285 216218
216787 219558
220372 220463
221602 221824
222424 223691
224533 225022
225754 226116
226802 227305
227932 228174
228676 230158
230975 231308
233057 233241
234462 235746
237247 237497
238544 238980
239558 240397
241310 243346
243877 246328
247713 248845
250543 251097
252502 253840
255954 257544
258142 258595
259776 260221
262482 262572
264143 264778
265906 266113
266802 267327
268444 268688
269194 269675
270698 271567
272284 272725
274974 275120
276194 276474
277290 278190
278894 279749
282203 283990
284824 286150
287023 287862
288981 289235
291222 292120
293797 294399
296170 296425
297161 298609
300753 301408
303002 303685
305328 305648
307584 309795
311006 311688
312826 313390
314023 316701
317487 318048
318828 319341
320124 321145
321828 322701
323787 323838
324398 324506
325813 326520
327391 327775
329768 330192
332489 333465
334128 334527
335137 336881
337790 339415
340625 340994
341667 342264
343468 343664
345125 345179
346868 347309
347873 348763
352090 352877
354323 354623
355156 355330
356391 359020
359521 359917
361288 361914
362875 363664
366384 368147
369232 370057
370759 371633
373998 374313
375062 376667
377220 377503
378434 382018
385286 386386
386904 387369
388012 389287
392006 393395
394942 395021
395989 396574
397396 398390
399806 401640
402167 402341
403239 403701
404278 404401
405046 405520
406242 406510
408003 408060
409187 409418
410071 411123
411741 412237
412826 413394
414072 414468
415704 416004
417104 417350
417989 419519
420024 420626
421130 421567
423064 423117
425083 426444
427428 427698
428295 428825
429609 429782
430581 430658
431675 433198
433899 437511
438824 440952
441839 442355
443741 443790
445067 446199
447407 448252
448779 449337
450117 451183
451864 451925
453273 454723
455531 456532
457049 458058
458606 459026
460031 460106
460733 460897
461407 461506
463343 463943
465997 467988
468741 468820
469517 470538
471213 473007
474337 476745
477472 477686
478363 478822
479576 479756
480356 482431
483123 483211
483825 484257
484897 485275
487258 487584
488145 488699
489438 489561
490187 490963
491516 492133
492870 494025
494675 494788
495974 496348
497709 499211
500220 500511
501170 501547
502330 503973
505373 506411
507710 508882
511176 511272
512009 512905
514082 514146
514964 516849
517373 517655
518556 519085
520377 520547
523627 524652
525195 526096
527308 528133
528893 530152
530876 531111
534218 534475
535705 535827
540054 542433
543017 543097
544620 544670
546607 546707
547908 548480
550555 552476
553185 553868
554473 555473
556552 557010
558231 559791
560357 560624
561683 563422
564101 566808
567399 570954
571925 571974
574231 574298
575703 575961
577295 577766
578564 579235
580656 583557
584176 584478
585081 586303
586882 591473
592471 593078
593638 599271
599868 600331
601754 602646
606041 609412
610634 610739
611656 611706
612930 613809
615441 615507
616175 616260
616828 617095
617702 618119
620424 620591
621380 622111
626341 626391
627630 627758
628355 629144
630165 630382
631565 631670
632843 633035
633996 635245
635769 638132
638829 640221
640723 642897
644538 645347
646205 647122
650008 650392
651636 652021
652652 653272
653992 654528
655839 657678
659105 659422
661027 661585
662181 662314
663055 663125
664581 664857
665613 666661
667240 667330
668284 669961
670838 671798
672458 672516
674024 674112
674631 674895
676365 676747
677709 677879
680330 681042
681667 681725
683606 683795
685004 685072
686414 686622
688536 689711
Lachnospiraceae_bacterium_3-2_gi_510890389_ref_NZ_
1 1120
2493 3297
4375 4528
5082 5214
6293 6764
7860 9385
10286 11094
12199 12389
13735 14360
15355 15412
16731 18324
19045 21026
21804 22156
22660 22723
23549 25569
26101 26418
28229 28906
29848 29994
30668 32879
33509 36234
36840 36979
37780 38003
38651 39426
41446 41740
42312 42401
43095 43176
43910 43965
44570 44810
45331 45431
45972 46244
47629 48098
49723 50540
52467 53609
55441 56935
57657 57984
58612 60411
60992 61267
62203 62455
62964 63045
63837 64628
66036 66585
67686 68623
70228 70406
72344 73561
75192 75282
76389 76458
77657 77837
78374 79093
79763 80329
81865 83275
84022 84958
85477 86961
87614 87822
89673 90108
90801 91037
91621 93802
94492 97901
100152 101188
102032 102410
103372 103751
104886 105208
106306 106936
107468 107789
108662 109074
109707 111036
111812 113351
114575 115720
116728 117516
118234 118864
120415 121294
122237 124154
125678 125908
129053 129611
130651 130858
131638 132662
133365 135421
137779 139483
140155 140264
141462 141792
142896 143126
144429 144546
145120 145701
146415 146729
148068 148702
149849 151101
152348 152509
153028 153178
154502 154994
157857 158027
158805 162092
162709 162819
163335 163548
165022 167119
167724 167863
168710 169365
170405 170738
172000 174601
177510 177921
180054 181271
182564 182708
183581 183763
184591 185360
186277 187305
188888 191003
191599 192630
193638 193783
194353 195037
195603 195741
197173 197324
198890 199235
200155 200383
200944 201736
202655 203210
204074 204136
204657 205071
206348 208594
209161 211064
211683 213060
213760 214038
215212 215500
217528 219421
220074 220617
223041 227347
229873 230471
231063 231714
232477 232851
234389 234763
235371 236295
237055 237111
238626 239201
239765 240820
241599 242357
244392 244676
245223 245732
248060 248225
250636 252208
253698 254723
255331 255646
256156 257034
258525 262150
262932 264697
265734 266474
267076 267741
268583 268749
271900 272261
274457 276531
277355 277474
278096 278694
279626 284532
285271 285343
287865 287939
289868 290006
290543 292282
292982 293067
296012 296201
297521 298492
301123 303163
304018 304412
305762 307468
308014 308211
308970 309054
311144 311198
311879 312996
314156 314955
315685 315940
317225 317841
318649 319291
319925 321451
322519 322933
323499 323898
325299 325813
326517 326845
327842 329431
330477 332977
333520 333570
334868 335521
336726 336895
338268 339868
341928 342557
343369 343473
345224 345510
347230 348473
350118 353282
353965 355175
357201 357300
357852 358636
359516 360183
361199 361414
363389 363497
364411 364471
366295 367307
368374 368827
369386 369499
370004 371650
372793 374173
375604 376058
377374 377894
379195 379624
Lachnospiraceae_bacterium_3-2_gi_510893049_ref_NZ_
1 1558
2312 2477
3870 6791
7342 7606
10651 11033
12622 12906
13506 13631
14441 14844
15754 15939
16992 17416
21163 24097
24899 26051
26648 28155
29110 29237
32015 33104
33694 34315
34877 35466
36093 36388
37776 38441
39061 39114
40992 42198
43506 43898
48697 51577
52104 52623
53495 55122
56775 56877
57599 57779
62172 62401
63395 63755
64830 65663
66268 66764
68023 70279
73578 73977
74798 75057
76338 76479
77193 77599
78184 79211
Lachnospiraceae_bacterium_3-2_gi_510891733_ref_NZ_
1 1346
2868 3677
4837 6617
7501 7923
8662 9712
10944 11282
13223 13941
15848 17519
18232 22766
23337 23443
24887 25014
26402 26669
27682 28468
30239 30430
32269 32839
33590 34466
35618 35976
37263 39200
39787 41966
43159 44904
45461 46654
47172 48042
49575 49881
50449 50608
51179 51305
52166 53169
53900 56970
58488 58878
60452 60627
61345 61690
63067 63485
65507 65681
66229 66336
67518 67837
68426 69640
70337 71113
71980 72058
74677 75306
76110 77340
78068 78773
79287 79936
81126 81240
81994 82549
83152 83227
84498 85254
85899 86943
88944 89702
90800 91973
93203 93863
94397 95023
95532 96934
98738 99637
101406 101683
102231 103112
104421 104514
105037 105406
107693 107855
109294 110361
110907 111037
111704 112187
114761 115556
116242 118542
119433 120519
121168 121801
122517 123495
124125 125020
126455 126866
127400 128102
129088 129883
130450 130991
131547 131779
132994 133147
133797 134886
136457 137262
138215 139222
139901 141053
143143 143743
144545 145943
147654 148111
148717 148777
150608 151234
154267 157618
159231 160018
160636 161101
162193 162566
165156 166453
167853 168413
169027 169825
170367 170943
172038 172551
173193 174579
176143 177682
178307 178676
179186 180170
181597 181787
182818 183634
184603 185052
185729 185872
186626 187113
187978 191244
192645 192717
193790 194023
194726 195221
195923 198551
199301 200285
201861 201952
202601 203896
205597 205960
207163 207343
207901 210174
211665 211947
213272 213959
215975 216414
219191 220142
220822 224858
225474 225726
226507 227051
228336 228893
229879 230033
232353 233662
234560 234700
235962 236050
236556 237029
237999 238423
239160 239213
239969 241056
241597 241755
242796 243489
244261 244452
245864 247306
247872 249093
250682 250763
251264 254857
255553 257077
259071 260353
261123 261589
262676 263189
263964 264457
265690 266088
267379 268620
269451 269685
272893 273469
274772 275318
275897 276460
277123 277617
278198 281796
282712 282881
283492 284446
285780 288238
290926 290989
292395 292519
293289 295389
296379 296537
297217 297382
298221 298417
299015 299811
301458 301650
302365 303467
303993 304823
306862 307683
309271 309738
311157 312323
312886 314421
315092 315234
316571 317163
318714 319074
320270 320844
321470 321925
322964 323849
327500 327895
328566 329161
330090 332460
333084 334995
335972 336854
340336 341197
342130 345886
347107 347368
348154 349474
350341 350614
352733 352878
353535 354518
355337 356114
357879 360005
360723 363865
364506 365211
Lachnospiraceae_bacterium_3-2_gi_510889804_ref_NZ_
1 590
1951 2015
3292 3347
4766 5234
5819 5880
Lachnospiraceae_bacterium_3-2_gi_510891753_ref_NZ_
1 612
2675 3183
4011 5564
6070 6189
6722 6873
7483 9957
Lachnospiraceae_bacterium_3-2_gi_510889484_ref_NZ_
1 569
1588 4591
5211 5264
6993 9435
9936 10347
11672 11886
12910 13797
17047 17568
19045 19402
22196 23396
23981 24459
25804 26872
27897 28813
29501 30198
31603 32004
33322 33563
34606 36169
38036 38752
39478 40378
41113 42144
42697 43193
Lachnospiraceae_bacterium_3-2_gi_510889843_ref_NZ_
1 900
2420 3180
4035 4273
5649 6042
8081 8245
8806 9909
11447 12456
13452 13823
15328 15885
17215 17701
18203 19112
19834 22846
24576 25796
26435 26682
27743 28133
28928 29854
30372 31690
Lachnospiraceae_bacterium_3-2_gi_510889437_ref_NZ_
1 385
Lachnospiraceae_bacterium_3-2_gi_510893384_ref_NZ_
1 1612
3693 4676
6930 7691
8911 9115
9805 14444
15035 15287
16022 18259
19762 20108
20684 20761
21973 22239
25482 25609
26891 28107
28754 30365
31201 31486
32604 33542
34065 34624
35390 39119
40509 41158
42551 45085
46013 46683
47953 48847
49734 50512
51386 52476
53093 53824
55007 55523
56850 58371
59090 61710
63205 64932
65564 66561
67574 67624
69516 72243
73412 74099
74953 76164
77623 77698
83589 83870
84657 84924
86902 87492
88187 89320
90296 91498
94575 95475
96480 99436
100586 100900
102527 102945
105837 106747
107840 108673
109901 110357
112013 112568
113259 113796
114940 115280
115916 116772
117432 118055
118560 120824
123126 126266
127360 127480
128689 128798
129614 130467
131871 132021
132857 133152
133700 134202
138438 140286
142839 143952
144908 145921
146761 148990
149877 150316
151345 151417
151994 152981
153595 155674
156753 157077
158622 159142
159802 161005
161586 161825
162397 163296
165813 166398
167197 168278
168775 169612
170804 171138
172122 172243
172785 174936
175732 176090
178019 179033
180878 181064
181577 182933
184108 184675
185627 185705
187020 187336
187907 188006
189007 189097
189902 192603
193875 196097
196887 197436
198533 199495
200050 200166
200893 200994
202472 203273
204186 204538
206778 207018
207620 211061
214257 215262
216453 218146
219457 219888
220540 220596
221579 221644
222183 223301
224163 225393
226007 226364
228506 230448
231174 231244
232747 232809
233498 233918
234906 235629
236211 236474
236991 237885
238843 238942
240256 240653
241277 242580
243175 243819
246105 246241
247522 247611
248868 249495
251215 252915
253734 256123
256821 257095
257875 258020
258928 259009
259966 260165
261939 262924
263767 264109
267909 268463
269369 269448
270779 271407
272145 272462
272977 274199
275078 277218
279275 279822
280418 281596
282246 283185
284884 285380
285955 286216
286765 287287
289837 289896
290531 290805
291697 294747
295273 296279
296947 299049
300590 300845
301904 302937
303509 304937
305639 306442
307253 307507
309234 309740
310278 310679
311191 312002
314273 315660
316587 318196
319628 320003
322213 322608
326949 327123
327894 331864
332537 333352
334787 335154
336551 336612
337121 338078
338635 338828
339768 340204
341299 341409
342463 343362
345249 345849
346571 347222
Lachnospiraceae_bacterium_3-2_gi_510892973_ref_NZ_
1 2002
3301 3877
4698 4783
Lachnospiraceae_bacterium_3-2_gi_510891391_ref_NZ_
1 234
1073 4061
4678 5204
6244 6298
6965 7342
8483 8934
10907 11825
13228 13767
14404 15065
18573 19843
22364 22792
23904 26695
28091 28147
28681 28732
29247 29736
30345 32135
35741 36418
37017 37146
37851 39766
40860 42213
45361 47020
47903 49473
53091 53556
54173 54267
55930 56738
58226 59042
59868 60251
61599 61652
62585 64588
69051 69144
69706 70961
71780 71861
72857 73267
73875 75050
75447 80993
Lachnospiraceae_bacterium_3-2_gi_510891737_ref_NZ_
1 1030
Lachnospiraceae_bacterium_3-2_gi_510891741_ref_NZ_
1 941
Lachnospiraceae_bacterium_3-2_gi_510891300_ref_NZ_
1 972
1492 1805
3395 7047
7904 8423
9217 11767
12368 12529
13887 14653
16507 17793
Lachnospiraceae_bacterium_3-2_gi_510889797_ref_NZ_
1 2347
3400 4085
4971 5194
6305 6684
8571 8728
9385 9991
11039 12210
12939 13071
13789 14667
15418 16026
16530 18231
19480 20196
21203 21378
22227 22524
24034 24197
24845 24963
26628 26873
27503 28362
29998 30984
33585 36094
38124 40099
41180 41430
42006 42184
43571 44434
45111 45295
47418 47985
49444 49630
50610 52046
53293 54887
56366 56647
57906 58362
Lachnospiraceae_bacterium_3-2_gi_510892970_ref_NZ_
1 149
1871 2966
3548 4660
5974 7570
8121 8772
9327 17781
18679 19987
20535 20762
21488 22165
23632 24623
26214 26356
26858 27767
29593 29655
30229 30652
32220 32381
32893 33354
33918 35060
36098 36744
37245 37670
38820 39652
40162 41160
41741 43191
43956 44039
45596 46777
47517 47889
48679 49493
51221 51522
52557 53047
53771 54774
55295 55553
58785 61533
63590 65074
66851 67026
67726 67777
68309 69014
71079 71373
71894 73097
74700 75600
76112 77101
78482 78557
79771 80738
81798 82651
83179 83407
84500 84835
86906 88261
88796 90357
90941 91027
91549 92127
92702 93538
94078 94536
98464 99541
100770 101309
101904 102727
103604 104504
105101 105157
105671 106358
106920 108674
109417 109789
110709 111373
114341 114756
115371 116236
117070 117200
118109 121045
122164 123316
124474 124782
125375 126787
127311 127692
128586 128637
129245 130023
130925 131728
132828 133310
134190 135203
136343 136734
137458 137695
139945 139996
140563 141698
142575 143095
143597 143808
144348 144709
145616 145891
146868 147505
148680 149695
151085 153300
154522 154612
155806 156294
157151 158135
159490 159888
160578 162968
165005 165611
166208 166377
167292 167712
168554 168724
169474 169769
170393 170996
172226 173296
173908 174021
174557 174933
177062 180045
182348 182520
183235 183640
184171 184598
185156 186404
187035 188048
189806 191399
191963 194018
194612 195046
196253 196928
197477 202546
203432 205744
207158 211671
212176 212415
213827 214110
214819 215641
216257 216425
218067 218248
219178 219388
220452 220528
222627 223973
224508 225275
225827 226184
227620 227907
228914 229363
229989 230424
231359 232173
232998 233085
234670 234869
235784 236073
236851 237653
239287 241501
242108 244489
245029 245116
246266 246867
247760 248022
248595 248875
250203 250287
251927 252058
252839 253106
254012 254216
255547 256575
257295 257387
258656 259892
262085 262451
263088 263300
264547 267234
267752 270294
271372 271537
274817 276595
277631 278320
279645 280144
282053 284067
284930 285047
Lachnospiraceae_bacterium_3-2_gi_510892688_ref_NZ_
1 4902
5604 8942
9926 10508
11410 11500
13630 14623
16301 17397
17906 18791
19306 19972
21204 21619
22247 22882
23412 24055
24579 25304
26151 26242
29270 29909
30502 31279
31997 32503
33050 33524
34159 34697
35530 35736
36338 36716
39414 39535
41476 42802
43313 43705
44502 46105
46606 47378
48856 49710
50894 52526
53289 53360
53945 54206
54890 54956
55830 56179
56859 58186
58745 59067
60449 60624
61128 62774
63638 64024
64713 64766
65679 65775
67181 68909
70614 71988
73426 73503
74666 74882
75575 76410
78360 78754
79559 79890
80539 80869
81464 84157
84762 85386
86725 89752
93752 93972
96481 97043
97853 98085
98952 99094
100975 102832
103631 103923
106942 109599
110570 113287
113913 114614
115134 115543
116105 118943
119480 120918
121727 123526
125026 125138
125893 126026
126632 128017
128926 129566
130193 134071
136021 136389
136971 138166
140075 143791
145428 146444
147449 147679
148277 150171
152159 154195
157155 157569
158724 158972
160137 161620
163417 164113
165268 167554
168147 168556
169599 170358
170900 172488
173312 173732
174542 174652
175301 175566
176328 176602
178856 179203
180177 180543
181104 183026
183625 184037
184864 185396
185914 187380
188088 188378
189308 191022
192473 192527
193250 195390
195964 196980
197562 197668
199133 199787
200530 200909
201458 201854
202402 203783
205484 205770
206440 206574
207163 208446
209136 209676
210449 210608
212501 213174
214144 215216
215731 216865
217483 218904
219574 219854
220413 221754
223544 224389
225432 227212
227772 229329
Lachnospiraceae_bacterium_3-2_gi_510891745_ref_NZ_
1 1694
Lachnospiraceae_bacterium_3-2_gi_510889434_ref_NZ_
1 585
Lachnospiraceae_bacterium_3-2_gi_510890590_ref_NZ_
1 57
895 987
Lachnospiraceae_bacterium_3-2_gi_510891767_ref_NZ_
1 2307
2896 3457
Lachnospiraceae_bacterium_3-2_gi_510891771_ref_NZ_
1 705
Lachnospiraceae_bacterium_3-2_gi_510893056_ref_NZ_
1 4724
Lachnospiraceae_bacterium_3-2_gi_510890815_ref_NZ_
1 712
Lachnospiraceae_bacterium_3-2_gi_510892977_ref_NZ_
1 1917
2494 2701
3581 3941
Lachnospiraceae_bacterium_3-2_gi_510891281_ref_NZ_
697 1367
3659 4041
4931 5627
6160 6775
7309 8453
9687 12795
13890 16740
17441 18566
19150 19406
21369 22186
23085 23752
24281 26206
26838 26895
28039 30255
30995 31248
31794 32886
33666 34314
34824 35587
37538 37732
38333 38472
39517 40432
40979 42715
43347 43556
44231 44796
45773 45936
46939 48475
49526 49589
50234 50304
53085 53322
53899 54720
55389 55685
