Lachnospiraceae_bacterium_3-2_gi_510890818_ref_NZ_
932 1015
Lachnospiraceae_bacterium_3-2_gi_510891232_ref_NZ_
1 61
7911 8429
14404 14659
17718 17841
19804 20320
21285 21767
24198 24273
33666 33723
34710 35129
35938 37528
39113 41009
44159 44254
45205 45258
50847 51097
52668 53489
56984 57137
58303 58525
59330 59404
71942 72800
76750 76840
79137 79196
80332 80906
90159 90488
117881 118092
120751 120878
121596 123298
126201 126618
127489 127918
130154 130841
131474 131671
136368 136470
137877 138103
139916 140455
142997 144731
146126 146261
149464 149586
151226 151393
152495 152553
Lachnospiraceae_bacterium_3-2_gi_510890808_ref_NZ_
257 548
2524 2660
9194 9471
14486 14950
18434 19207
21411 21993
28400 28458
32267 32470
43533 45825
47031 47190
47951 48201
54081 54517
54989 55048
58536 58904
66323 66795
72348 72527
74650 74983
76140 76409
80272 82086
89412 89663
91646 91715
92226 92303
93655 93727
104916 105080
110393 110459
121405 121531
130668 130739
135405 135565
149658 149984
154992 155069
156994 158028
169498 169581
170279 170569
173976 174476
177434 177695
178769 178854
181028 181235
181997 182418
184881 185097
185635 185767
191515 191797
197261 197563
198268 198786
200752 200819
201461 202261
205255 205469
206913 208478
209027 209105
214728 214785
215735 215822
217172 217266
223925 224987
225795 225869
Lachnospiraceae_bacterium_3-2_gi_510890969_ref_NZ_
2181 2587
5777 5830
9102 11092
12351 13156
14422 14964
17366 17917
30224 31199
32777 32906
38089 38178
41852 41953
47378 48036
49790 50617
57072 57537
60493 60557
65651 66100
69662 69758
74872 75256
76074 76367
77675 78268
79790 79859
82015 82323
84927 85160
89027 89314
91044 93522
94636 95273
96983 97099
99159 99630
100700 100827
102914 103134
109970 110139
112275 112387
113547 113915
117495 117650
125737 126151
128011 128072
129056 129112
130757 130863
131460 131545
134611 134975
137176 137448
138279 138605
142107 142396
Lachnospiraceae_bacterium_3-2_gi_510890812_ref_NZ_
1 95
2160 2455
Lachnospiraceae_bacterium_3-2_gi_510889810_ref_NZ_
1 79
2992 3464
Lachnospiraceae_bacterium_3-2_gi_510891760_ref_NZ_
1 817
Lachnospiraceae_bacterium_3-2_gi_510890016_ref_NZ_
1 376
1918 1990
2788 3201
4639 4810
6407 7062
13203 13481
17589 18627
20774 21020
24401 24484
25407 25517
32691 32948
37080 37245
41421 41675
42212 42529
44823 44972
45955 46042
49059 49253
50107 50676
53236 53999
64396 64475
66179 66676
69631 69684
71975 72338
74575 74980
76492 76617
78777 81235
81738 82466
90678 91115
92456 92514
99171 101065
103614 103692
105029 105086
107967 108082
109688 109921
113627 113935
118539 118800
120795 121093
122263 122463
128837 129499
136769 138316
142678 143088
143799 144098
146621 147216
148769 149322
149954 150690
158744 159110
163737 163961
164581 164932
174191 176417
181746 181820
185573 188051
190689 192056
193361 193461
Lachnospiraceae_bacterium_3-2_gi_510891285_ref_NZ_
1 89
905 1252
Lachnospiraceae_bacterium_3-2_gi_510890821_ref_NZ_
912 1048
Lachnospiraceae_bacterium_3-2_gi_510891235_ref_NZ_
1 66
Lachnospiraceae_bacterium_3-2_gi_510893389_ref_NZ_
1 3137
Lachnospiraceae_bacterium_3-2_gi_510889744_ref_NZ_
1 1623
7246 7435
15025 15100
18176 18296
19429 20155
28029 28488
30017 30720
32633 34998
37922 38119
44780 44910
47712 47785
50354 50920
51910 52917
55782 56284
57848 58052
58784 58955
64671 64922
70386 70817
78377 78805
80217 81042
85042 85324
95714 95785
98848 99374
100581 100964
102003 102431
116803 116871
120639 122161
122847 123138
124756 124822
130954 131006
135995 136369
140540 140949
146817 147009
148708 149056
151081 151163
153485 154517
158939 159146
162317 162511
172020 172553
178263 178486
181938 182176
183337 184079
185443 185538
187807 187884
190390 191032
195763 196100
198029 198439
201130 201254
206641 206721
207446 207736
227837 227919
232738 232859
235232 235359
237566 238011
256154 257221
265886 266033
266868 267065
270992 271337
275187 275353
Lachnospiraceae_bacterium_3-2_gi_510891757_ref_NZ_
1 76
Lachnospiraceae_bacterium_3-2_gi_510891395_ref_NZ_
1 2929
Lachnospiraceae_bacterium_3-2_gi_510890586_ref_NZ_
5955 6160
13967 14860
16236 17023
18683 19058
19573 19991
22736 22995
24255 24505
25774 26032
29798 29918
32043 32255
34900 36433
40090 40235
43620 43840
47667 48427
49188 49281
51904 52012
53654 53835
54531 54631
67145 67309
69385 70033
71834 72356
74445 74526
76197 76452
80940 81196
87967 88446
89169 89279
99558 99792
101012 101090
102060 104496
105501 109186
115758 115896
118366 118475
119120 120232
122759 122994
124094 125821
131369 131573
134247 134311
135016 135551
142730 143869
147632 148772
151199 151707
155724 155910
156817 157041
168752 169546
172784 173649
174451 174575
175926 176158
177680 178103
181122 181292
182006 182667
186380 186885
199781 199882
204910 205004
Lachnospiraceae_bacterium_3-2_gi_510889431_ref_NZ_
1 5485
8660 8711
17348 17644
20212 21382
29232 30056
32769 32988
38368 38439
40005 40227
46341 46751
50012 50384
53583 54416
64745 65291
70859 71345
73753 73836
81127 82676
83831 84285
90808 91692
99171 99851
104255 104703
106721 106878
108651 109085
112920 113133
116125 116283
124480 124930
126628 126689
129417 129711
133626 134389
137826 138048
148991 149158
150293 151070
152956 153152
156582 156638
163736 163835
166504 166690
170238 170329
171796 171888
175822 175945
176978 177741
190375 190456
195388 195799
201605 202564
203777 204433
206582 206852
212862 212918
221808 223680
224477 224565
228176 229726
234002 234106
240968 241024
244724 244984
245520 249031
249735 252586
253371 254024
257938 258149
259524 260196
261655 262322
269620 269688
276176 276756
277770 278016
278642 278951
281351 281706
283331 284543
286862 286988
293794 296812
Lachnospiraceae_bacterium_3-2_gi_510891101_ref_NZ_
1 1105
2857 2925
5504 5603
7094 7545
11703 11806
12593 12994
19244 19727
23146 23582
25687 25815
29859 30186
32783 33552
37615 37884
38584 39126
39955 40029
47394 47526
51123 52111
53698 53992
58395 58857
60908 61562
69535 69670
70220 70281
74107 74444
75595 77356
89196 89434
97595 99142
100609 101001
103228 104762
119410 119990
121248 121300
129220 129442
130013 130095
133050 133302
137097 137208
141815 142153
Lachnospiraceae_bacterium_3-2_gi_510892449_ref_NZ_
1 128
2854 2983
8126 8187
9893 9946
12327 12750
32760 34603
36411 36718
38625 38787
43987 44053
48025 48267
55052 55213
56063 56154
58384 59058
60264 60987
63554 64148
68461 70007
73537 73982
76504 76648
82447 83132
84483 84557
85795 86655
100291 101149
105751 105918
106453 106891
108486 108815
110480 110575
113680 113915
114704 115284
116004 116538
118499 119010
126594 126788
129165 129298
131426 131790
132439 133040
134846 134948
135647 135737
140348 140416
152408 152527
155141 155603
157260 157617
165950 166007
185414 185980
188484 188584
189556 189623
197038 197929
198789 199737
203608 203665
205783 205944
206768 206871
215533 216184
217258 218866
219505 219603
223285 223418
229148 229812
234517 235559
237261 237481
241317 243277
243961 244110
256277 256368
266963 267307
279532 279732
285170 285646
291674 292110
303032 303220
314386 314578
321988 322194
325868 326268
335771 336100
337807 337983
343556 343659
356384 359017
368043 368101
375732 375796
377295 377362
378768 379140
379730 380491
381082 381386
385292 386383
392486 392548
394949 394999
396029 396419
400736 400823
405088 405510
409316 409400
414095 414337
418749 418906
420039 420152
428299 428583
435176 435589
436422 437044
446042 446173
447594 447708
453398 453483
453985 454718
457446 458001
458930 459017
463387 463619
466316 466835
467854 467988
472170 472956
475778 476186
479605 479694
480467 480756
482034 482404
484916 485273
490193 490656
492893 493066
503089 503944
512530 512885
514991 515289
517469 517628
525475 525624
529221 530137
530949 531096
541032 541201
541979 542322
550567 550643
551458 552194
562802 563057
564126 564224
568993 569390
569522 570771
578659 578741
580674 581236
582433 582956
587302 587396
588332 590104
590671 591001
595671 596318
597679 598080
602535 602620
608179 608372
608921 609364
612938 613168
617750 618089
621477 621571
628495 628630
634015 634086
642186 642642
646220 646430
661057 661326
666267 666405
670859 670925
688692 692248
Lachnospiraceae_bacterium_3-2_gi_510890389_ref_NZ_
1 336
6319 6456
9099 9266
13783 14270
18136 18293
20529 20661
21816 22126
29882 29974
31311 32115
33514 33638
33931 34116
34868 35001
35710 36206
52504 52910
55116 56073
62233 62405
64466 64538
66284 66447
68394 68522
70180 70379
72569 72962
77688 77738
78434 78510
82535 82713
84041 84149
86530 86876
87735 87787
91801 91881
92723 92832
96567 96654
97556 97613
100695 101140
104920 105142
110482 110672
115653 115719
122002 123474
124531 126167
129060 129527
130739 130830
131883 132051
133510 133986
148091 148146
153096 153146
159340 159535
160584 160852
161885 161934
165412 166553
174037 174111
177521 177571
180054 180225
190153 190481
191870 192610
193683 193760
194640 195007
201302 201693
207486 208421
209185 209719
212131 212286
213791 213956
220393 220488
224561 224823
232512 232726
238990 239195
240451 240814
242255 242350
244643 245726
250981 251467
256511 256989
258556 259283
263132 263229
263791 264656
265631 265744
275325 275808
279772 282061
282898 283772
285302 285376
286902 287106
291826 292126
296019 296093
297576 298082
301152 301264
305774 305845
306517 307434
311907 312519
315639 315911
331331 331465
334908 335500
338303 338848
347368 347862
352473 352636
359870 359937
367080 367233
379200 379624
Lachnospiraceae_bacterium_3-2_gi_510893049_ref_NZ_
1 802
4230 4568
4730 5010
21653 21731
23521 23741
25403 26100
26680 27090
28082 28135
33813 34314
34877 35437
41026 41711
43510 43874
44655 44715
48748 48888
54239 54431
62183 62248
68064 70257
76363 76450
Lachnospiraceae_bacterium_3-2_gi_510891733_ref_NZ_
1 1324
2911 3668
7800 7875
13456 13919
16250 17444
18246 18760
19698 19894
20584 22598
25534 25608
26402 26485
40682 40733
44110 44616
51201 51280
55500 55702
56327 56940
58578 58785
63099 63180
67749 67802
68446 68877
70390 71101
76440 76860
79337 79407
84515 85011
86420 86856
90860 91235
93260 93441
96095 96460
98768 99216
111895 112090
114802 115071
116328 116819
120089 120495
121206 121772
123513 125008
127411 127778
130515 130788
133072 133127
133890 133939
136786 137109
144697 145168
154361 154421
155522 156033
160803 161062
165476 166025
167811 168350
172096 172281
173757 174113
176751 177359
179285 179902
182860 182952
183514 183632
184615 185052
189344 189417
194772 195211
202634 203543
209036 210149
211705 211919
213291 213433
219226 219302
219990 220097
220952 221524
223037 223124
224578 224725
225511 225685
232521 232653
234579 234653
236678 236728
247138 247365
247879 248248
251926 252473
253141 254842
255585 256786
264419 264647
267437 267889
278208 278714
285857 286602
288033 288119
292464 292661
294278 294795
297315 297367
301458 301588
311173 311263
312003 312065
314332 314411
320273 320462
327590 327894
329055 329138
331494 332366
334181 334231
341253 343602
344577 345004
348176 349127
350379 350610
351693 351810
357980 358333
360762 360818
364659 365211
Lachnospiraceae_bacterium_3-2_gi_510889804_ref_NZ_
1 467
3335 3451
Lachnospiraceae_bacterium_3-2_gi_510891753_ref_NZ_
1 559
4409 5530
7901 9957
Lachnospiraceae_bacterium_3-2_gi_510889484_ref_NZ_
1 568
8352 9193
9938 10337
11940 13507
26252 26771
30093 30187
31612 31950
33395 33555
35519 35629
41195 41529
43063 43193
Lachnospiraceae_bacterium_3-2_gi_510889843_ref_NZ_
4113 4162
4816 5071
5975 6028
17228 17667
30394 30482
31492 31690
Lachnospiraceae_bacterium_3-2_gi_510889437_ref_NZ_
1 385
Lachnospiraceae_bacterium_3-2_gi_510893384_ref_NZ_
1 1590
12514 14070
16157 16665
17466 17786
19802 20105
27268 28058
29258 29337
30133 30247
33149 33520
36350 36710
38111 38208
40981 41101
43103 44163
52301 52426
55011 55329
57353 58010
59226 60076
61169 61660
64478 64819
71518 71890
84754 84894
88229 88510
96647 98749
104230 106712
108390 108576
111939 112492
120265 120736
123453 125958
133701 134179
138469 139257
143573 143924
144939 145256
145840 146013
146958 147217
148185 148462
154398 155365
160178 160433
162422 162605
167347 167924
173659 173748
178041 178707
182471 182581
184125 184601
190883 191302
191904 192072
193880 195938
200058 200124
204208 204526
212499 214062
215179 215310
219474 219876
228769 230054
233531 233770
235524 235585
238886 238935
240568 241597
248896 249401
254845 255276
256958 257088
262118 262916
271203 271375
273024 273134
280672 280734
295516 295760
298691 298987
301920 302733
304760 304816
305690 306019
310323 310422
311221 311302
315465 315639
322339 322438
327976 331842
337126 337715
339768 339819
347133 347222
Lachnospiraceae_bacterium_3-2_gi_510892973_ref_NZ_
1 1512
3385 3779
4718 4783
Lachnospiraceae_bacterium_3-2_gi_510891391_ref_NZ_
1 212
1099 1337
3415 3605
11550 11657
18599 18724
19692 19783
22409 22745
24128 24953
25841 26063
35947 36380
39486 39693
40921 41373
47925 48099
48916 49428
62821 62892
63692 64190
74093 74165
74788 80993
Lachnospiraceae_bacterium_3-2_gi_510891737_ref_NZ_
1 1030
Lachnospiraceae_bacterium_3-2_gi_510891741_ref_NZ_
1 941
Lachnospiraceae_bacterium_3-2_gi_510891300_ref_NZ_
1 1644
5360 6989
8023 8401
9488 11762
16867 16982
Lachnospiraceae_bacterium_3-2_gi_510889797_ref_NZ_
1 2299
3413 4078
9405 9939
11071 11244
12984 13041
14470 14537
15454 16003
16542 17770
33589 34081
39169 39331
41199 41398
53518 54062
56381 56587
Lachnospiraceae_bacterium_3-2_gi_510892970_ref_NZ_
1 149
4004 4636
8345 8771
9837 14908
16039 16916
18734 19082
20614 20697
29549 29598
32232 32309
37283 37494
40169 40253
52565 52966
54095 54574
59061 59174
64184 64537
71117 71213
71938 72369
72998 73074
75084 75588
76211 77058
83320 83377
84509 84817
86934 87598
100934 101306
105691 106353
110713 111086
118522 119002
127328 127483
140591 140680
152869 152979
160590 160768
161932 162314
165066 165144
172836 173085
179827 180124
181500 181570
185686 185839
192059 193966
199187 199554
199670 202506
203510 203625
207640 207943
208969 209355
229285 229357
234794 234862
239015 239678
243176 243251
247844 247961
248732 248818
257317 257371
260550 260620
265052 265766
268691 268994
269830 270199
275370 275735
276417 276563
279751 280086
282392 283981
284991 285047
Lachnospiraceae_bacterium_3-2_gi_510892688_ref_NZ_
1 1166
3472 4157
5606 7777
8772 8939
9948 10400
16425 16624
17142 17397
17979 18063
21215 21618
29174 29714
30856 31261
35556 35725
42072 42124
45629 45701
50925 51630
53967 54188
56892 57827
60522 60604
61821 62099
63723 64022
71100 71339
76287 76352
78378 78560
82722 83308
83943 84043
86844 89717
96505 97041
106987 108836
112007 113257
115137 115497
116744 116854
118675 118914
120429 121168
121774 122186
126653 127327
130338 131016
132816 133149
137338 137676
140461 141166
145464 145815
149402 149585
152781 153293
157163 157225
158727 158844
161120 161358
168172 168254
170911 171355
175378 175561
180234 180346
183670 183762
184522 184825
185970 186046
186602 187272
193714 194381
199175 199765
200647 200872
201476 201879
208006 208408
215772 216144
217584 217795
218300 218512
Lachnospiraceae_bacterium_3-2_gi_510891745_ref_NZ_
1 212
1126 1694
Lachnospiraceae_bacterium_3-2_gi_510889434_ref_NZ_
1 585
Lachnospiraceae_bacterium_3-2_gi_510890590_ref_NZ_
906 987
Lachnospiraceae_bacterium_3-2_gi_510891767_ref_NZ_
1 118
2833 3457
Lachnospiraceae_bacterium_3-2_gi_510891771_ref_NZ_
1 423
Lachnospiraceae_bacterium_3-2_gi_510893056_ref_NZ_
1270 2668
3349 3817
4464 4724
Lachnospiraceae_bacterium_3-2_gi_510890815_ref_NZ_
618 712
Lachnospiraceae_bacterium_3-2_gi_510892977_ref_NZ_
1 1758
3752 3941
Lachnospiraceae_bacterium_3-2_gi_510891281_ref_NZ_
3143 3241
10280 12771
14493 15562
17976 18334
21421 21670
33778 34101
35573 35672
41583 42187
44324 44380
47323 47742
54192 54499
55411 55685
