Streptococcus_salivarius_57I_gi_387760314_ref_NC_
1 866
1657 1748
4116 5485
5569 5748
5923 7216
10459 10616
16018 16095
17105 17298
22703 22999
23945 24457
25000 25102
25585 25640
26636 26733
27262 27600
28862 29029
30818 31666
32962 33053
33310 33498
34135 34224
35317 35403
37375 37782
40791 41353
41838 43242
43430 45286
53520 56261
58917 58989
59538 59864
70451 74483
76136 77090
77632 77955
79315 80731
81955 89957
90108 93640
98143 100315
104281 104505
105604 110251
110345 110996
112267 112331
114428 114678
115071 115208
116494 116963
117924 118191
119932 120274
121134 123446
124350 124534
125359 125573
127436 127594
137365 138311
138856 140288
143032 143201
144220 145181
149094 149280
149843 150909
152002 152374
153411 157077
158275 159991
160517 160746
165382 173739
174716 179130
184280 184790
186744 188260
188457 190081
190335 190433
190968 191538
192363 194984
195118 195882
195990 197559
198380 199806
200648 200788
202492 202848
204532 205404
206092 206665
210023 210141
210945 212191
212841 216816
218392 218473
218974 219199
220977 221927
225543 225681
226166 226793
230746 242622
243128 244370
244921 245977
246128 246183
247204 248880
249818 249918
255411 255872
256471 256971
260254 262015
263021 263438
263843 265070
266306 268108
269366 269493
271659 279911
280083 280209
281114 282612
283475 284865
285934 286522
288047 288096
289321 295329
297253 297609
298256 298676
299258 299389
299823 301208
301788 302123
302829 303330
304134 304292
305698 307117
307637 313769
315406 316205
317450 319154
319439 319540
321092 321227
323920 324024
325579 330385
330839 338617
338992 339274
339749 340026
341556 343633
344749 344996
346224 347523
351666 351895
361925 362929
364889 365078
366740 367852
370964 371496
372106 372251
373362 373582
381098 382058
384065 384371
386171 388458
389229 389283
391941 396000
398233 398744
399268 404299
405666 406099
406654 412970
415457 415722
416303 422596
424414 425381
426714 427333
430058 430249
431713 431938
434596 435746
440192 440646
447135 447942
450316 450701
451981 453072
456311 456452
457417 457716
461130 465605
467784 467953
470590 472747
474969 475331
476050 476223
476767 477889
480573 483712
484338 484589
485154 485358
485865 485962
487241 489512
489774 493677
495190 497381
497553 501249
502482 519271
521932 528492
528995 530956
531323 532002
534472 534560
536095 552478
555355 555441
556235 556808
558233 558885
560538 564348
566318 566580
568805 569748
570361 571081
572815 576815
577705 585869
588624 589024
590323 590736
591318 591881
592077 592171
592845 593204
594054 595713
596294 597895
601572 602316
603204 603352
605673 605875
606511 606857
607369 607798
608539 633445
634011 650218
651385 683418
687360 697696
698032 698736
699674 702899
705033 705418
707150 707423
707994 708094
708771 709262
709764 716367
718012 718598
719701 720606
721266 722317
723072 732223
734408 734495
735122 736500
738443 738602
741175 743454
744026 744432
746977 748816
749926 750363
755195 759449
760030 762570
765536 765813
765961 766649
770685 771557
771961 772076
774024 775276
776244 777304
777442 777591
777688 777883
779539 779706
780425 781396
782941 783353
798915 800176
802168 810700
811507 811565
812195 813900
814888 815275
815440 815975
820231 821151
822873 823021
823998 824560
825084 827808
828120 829445
830665 831812
833938 834067
834884 835195
838945 839394
840198 840669
842532 843742
846733 849665
850700 850810
850965 853980
854614 867864
868369 869962
871006 874224
875494 876053
876620 877718
878785 879151
879516 879846
881268 881379
881709 886581
891526 893197
894464 895265
897410 898272
898898 899166
900846 901172
901877 903103
904137 905145
911392 917984
918868 919164
921553 921948
922459 923132
924563 924846
926785 927075
928721 929382
931254 933006
933558 934286
935493 935702
935799 940141
944308 944542
945405 946467
947629 947953
955971 956071
957016 957339
959660 959834
960352 961325
963399 963939
964318 964717
965017 965179
966471 967391
967531 967619
967882 967969
971829 972034
973502 975609
977979 978465
979092 979421
979625 980095
980196 980314
982101 982522
986674 988522
990197 990286
990936 991454
992953 994282
1003767 1008272
1009527 1010964
1013091 1013285
1013771 1014297
1015219 1017171
1018442 1018934
1019719 1019967
1020832 1021600
1024715 1025196
1025796 1025846
1026448 1027659
1027937 1029266
1029393 1051379
1053239 1053586
1055299 1059365
1060941 1062063
1062680 1062924
1064784 1069699
1071008 1071078
1071824 1072230
1072943 1074268
1075285 1075950
1076716 1077388
1083993 1084239
1085504 1088309
1090153 1090867
1091446 1093481
1096433 1097811
1098661 1104477
1105627 1109305
1109940 1110029
1111076 1115207
1115992 1117083
1119092 1122448
1125719 1126008
1126758 1128244
1130788 1143720
1146221 1146824
1148573 1150262
1151446 1151830
1159628 1179335
1179633 1179736
1180384 1180894
1192066 1192147
1193705 1195275
1196360 1196646
1198423 1201760
1202949 1203794
1204056 1207071
1207270 1210689
1212486 1215009
1215570 1217157
1217266 1226576
1228731 1229020
1229774 1230039
1230761 1231077
1232384 1236049
1239109 1241893
1243290 1243363
1244929 1245137
1245985 1247268
1251166 1252205
1253546 1254102
1258101 1258592
1260011 1260060
1260603 1260834
1262550 1262658
1270956 1271036
1273627 1274166
1280467 1280710
1281532 1281641
1283085 1285226
1285744 1292531
1293323 1300709
1301881 1301974
1302317 1305313
1306317 1307206
1311225 1313362
1318015 1318765
1322028 1322130
1322400 1322808
1323444 1325701
1326424 1329371
1329922 1330036
1330766 1331038
1332618 1332820
1333363 1333716
1334269 1334745
1335903 1336073
1339022 1339446
1341509 1343809
1344537 1345555
1346217 1347574
1351094 1351333
1357475 1359182
1359451 1359661
1362356 1362901
1364825 1365754
1366397 1369695
1370980 1371220
1372533 1372703
1373205 1373286
1373863 1374023
1375858 1378757
1380183 1381597
1383146 1386138
1386767 1386836
1388381 1391955
1392727 1394798
1399512 1404305
1404899 1409987
1410847 1411403
1412916 1416097
1416333 1418189
1419036 1422078
1422948 1424632
1425660 1426030
1427512 1427776
1433325 1433762
1438268 1441526
1441918 1442004
1443575 1446108
1446845 1456285
1457544 1463147
1463935 1472488
1473075 1473217
1474414 1474686
1476394 1482858
1486708 1487183
1490467 1491119
1495847 1496022
1497366 1497626
1497902 1498071
1499234 1500791
1501506 1505320
1511608 1511756
1512492 1513101
1513719 1514070
1516344 1517893
1520251 1522168
1524845 1525238
1525336 1526547
1527917 1527969
1529609 1529694
1531456 1532862
1534839 1535596
1537133 1537262
1539497 1545658
1547551 1552129
1552651 1553136
1554553 1555106
1560267 1562097
1562376 1562582
1563903 1565196
1566516 1567905
1569846 1572564
1573343 1574489
1574627 1581425
1581541 1586048
1586908 1588201
1589217 1591020
1591806 1595684
1597317 1597765
1600104 1600991
1604146 1604551
1606510 1606701
1607252 1607430
1608178 1608406
1610065 1611402
1612433 1612752
1614619 1614718
1615400 1615768
1617244 1617391
1618921 1619284
1621490 1621828
1622774 1626390
1627736 1628115
1629204 1629992
1630567 1637954
1638877 1639776
1641303 1643727
1644504 1644737
1645640 1646766
1646907 1647056
1648330 1649557
1655242 1655303
1656557 1657108
1658575 1659228
1659981 1665430
1669495 1669623
1671315 1673060
1673255 1677189
1678561 1679143
1679560 1679659
1681122 1683413
1683780 1699628
1700147 1702897
1703835 1704053
1704601 1705032
1705638 1706143
1707752 1707822
1708423 1711094
1711176 1717233
1718690 1719715
1721016 1722060
1722647 1723275
1723873 1725800
1727111 1727879
1730198 1730332
1732137 1732626
1734214 1734291
1734859 1734968
1738727 1739795
1740110 1740241
1740869 1741392
1745489 1745758
1747676 1747925
1752843 1753390
1757353 1757711
1758612 1759082
1760291 1760482
1761324 1761492
1765353 1767436
1772399 1772680
1773296 1774086
1774740 1775195
1778128 1778191
1778337 1780196
1781011 1782534
1784228 1789850
1790613 1809046
1810951 1811987
1812969 1815610
1816486 1816714
1821460 1822058
1823453 1824715
1826845 1826997
1827596 1828217
1830123 1830229
1831407 1831633
1833178 1833337
1835823 1836743
1838384 1839024
1840181 1842595
1842943 1843040
1848115 1848792
1849667 1849838
1855216 1856190
1856609 1856720
1858150 1859125
1859628 1859912
1860657 1861487
1864288 1864360
1867047 1867516
1867734 1867846
1870881 1870988
1871233 1872054
1873673 1874313
1876127 1876221
1879091 1880199
1884995 1895577
1899784 1900569
1902121 1902360
1902644 1902734
1903269 1908002
1908176 1908576
1909758 1910508
1914845 1919078
1919203 1919433
1919986 1920678
1921335 1921942
1922817 1922920
1923674 1923956
1925104 1926284
1926850 1926955
1927507 1927593
1928298 1929232
1929882 1932472
1936347 1938427
1939269 1940158
1941156 1941282
1942962 1943210
1944411 1944847
1947152 1956366
1956956 1966917
1968447 1968583
1969670 1969812
1970413 1971833
1972356 1972943
1974303 1974550
1975353 1975729
1978578 1979120
1980153 1980288
1982439 1982692
1983244 1984109
1985226 1985935
1986215 1986628
1989396 1989556
1990987 1994113
1996411 1996939
1997643 1998267
1999054 1999227
2003618 2004200
2004407 2009515
2009607 2015143
2015770 2016519
2017022 2018587
2018925 2019283
2019761 2019891
2020306 2020561
2021337 2022979
2025556 2025651
2028371 2032093
2032457 2034396
2034513 2034723
2034896 2035010
2035384 2036244
2036760 2041265
2041904 2042032
2044791 2044945
2045890 2046139
2046691 2046792
2047961 2048050
2049218 2049382
2054326 2054381
2057329 2057414
2058187 2058532
2063775 2063926
2064356 2064485
2065140 2070772
2071414 2077429
2078096 2079489
2080685 2082502
2083116 2083229
2084169 2085134
2085864 2088951
2089918 2094726
2095420 2095814
2095933 2096933
2099554 2099996
2100235 2100472
2102516 2102701
2105284 2105688
2106315 2106574
2107449 2107798
2109306 2109555
2113703 2115409
2116942 2117503
2119391 2126652
2127727 2127838
2128419 2129208
2131716 2132276
2132914 2133083
2135317 2135408
2136932 2137035
2137978 2138805
