Streptococcus_salivarius_57I_gi_387760314_ref_NC_
33301 43179
43435 45286
57725 57860
71006 74436
105604 107386
107766 110251
110512 110747
127987 130474
133576 133855
173839 183098
188266 194767
195990 197559
210940 211696
212944 214649
230750 240746
246298 246503
268046 284923
305424 310135
310345 314378
316830 317379
325573 338617
338992 339272
339749 340026
341571 343627
344421 344577
381098 384447
385992 388789
390848 395331
399811 403308
407005 410411
431713 431938
471935 472044
476767 476884
481295 482765
487496 487904
488651 493678
493915 501156
506034 514613
518689 519271
521932 522407
523871 524616
526326 528757
529374 530431
531323 531892
536095 557868
561112 565179
566148 577920
578809 582284
583254 584153
594879 635181
635297 683654
684573 695831
700453 700779
711321 716592
718775 718833
719529 728105
728533 731983
738163 738619
741042 743623
755294 758468
765536 765813
765981 767082
767770 769481
770730 771390
772125 775554
776692 776872
779603 781213
782904 783891
794418 794844
798915 813053
814888 815975
820231 822790
825077 827808
828338 829304
829643 838481
842370 844526
845444 845801
846748 846848
847462 850401
850700 867741
868434 870062
870726 874381
875255 877478
879515 879677
892120 893197
913150 925508
926785 926915
929583 933834
936150 945534
958729 958933
964426 964717
973502 979421
980196 982023
986767 988522
990936 1007914
1009916 1013966
1019796 1020099
1020832 1021214
1027937 1029076
1029457 1030452
1032036 1061334
1085539 1086155
1091470 1093481
1096682 1096733
1097911 1115207
1119566 1122443
1130789 1143554
1159628 1159732
1159985 1179335
1183885 1184065
1203018 1206853
1207605 1208117
1212971 1213161
1214736 1217148
1217266 1223157
1223661 1226669
1227217 1228724
1232489 1234928
1239242 1239524
1246615 1247223
1260160 1260412
1288026 1300841
1302317 1306003
1311225 1311368
1318015 1318760
1320671 1320995
1345567 1346388
1347073 1347751
1354635 1361326
1364891 1365352
1367678 1369155
1378561 1382008
1391704 1391955
1392892 1395515
1399512 1404314
1407855 1415384
1416059 1421805
1422670 1423330
1443575 1456988
1457633 1475905
1477891 1497266
1497468 1498485
1499234 1500791
1522163 1525233
1525488 1530364
1541337 1544030
1560428 1561229
1562018 1562097
1566516 1592169
1612680 1612793
1618365 1620091
1625762 1627671
1636847 1644062
1644600 1646082
1646361 1654233
1656779 1658911
1659973 1664337
1673255 1676214
1678561 1679143
1679391 1685636
1685891 1699628
1700425 1703192
1704809 1705697
1709255 1709526
1709943 1711167
1711390 1720304
1721016 1721575
1735526 1735630
1784474 1789733
1809514 1809671
1823703 1824715
1886401 1890193
1890428 1892883
1907908 1908326
1918836 1919078
1919210 1919634
1947152 1948409
1956703 1964911
1996412 1996939
2003529 2004200
2004627 2015087
2018925 2019283
2025017 2025078
2029127 2032093
2032487 2034397
2034896 2035010
2035305 2036532
2038828 2040733
2071452 2072265
2072345 2074646
2077466 2080309
2090619 2095865
2095933 2096933
2099175 2099759
2100306 2102701
2106806 2115274
2119681 2128549
