Streptococcus_salivarius_57I_gi_387760314_ref_NC_
1 914
1609 1896
2627 6985
7632 8843
9463 10721
11244 12339
13457 14197
15437 16213
16765 17346
19453 21155
22101 30027
30215 33546
34087 35706
36296 36717
37689 38127
38957 40024
40809 41401
41838 45286
53139 53472
54028 56943
57536 60423
60962 66953
69176 77892
78411 82420
83010 83302
84378 86502
87821 87902
88711 88882
89711 90096
91366 92657
93196 93625
94469 94739
95295 95458
96439 100363
100930 101104
103482 107449
108244 111844
112378 113928
114540 116022
116590 117638
117931 118656
119252 125627
126982 132031
132961 136489
137248 141856
142402 145289
145901 146159
146309 147517
149551 152834
153567 159528
159783 162380
163004 163153
163656 164111
165062 165650
166655 167024
167539 170575
171104 172298
172846 173065
173599 173787
174377 179264
179781 180261
181340 185404
186318 195038
195640 197780
198332 199263
199850 203504
204036 205668
207122 208161
208787 212239
212793 214846
215812 216487
217000 218977
219894 225500
228319 228640
229235 229401
230691 240490
240731 241234
242722 243028
243793 244070
244267 244424
244798 247558
248094 251138
252378 254872
255195 255464
255843 255920
256423 257571
258105 264511
265070 265553
266057 268257
268877 269541
270197 270748
271411 274749
274896 280034
281176 281415
282502 282653
283387 284847
285724 287141
287702 290780
291310 292299
293136 295377
296694 296835
296996 298676
299180 301437
301974 302471
302680 303420
304058 310135
310219 316253
317425 318473
318995 320015
321259 321948
323280 323545
324043 330385
330839 333029
334586 336981
337495 338617
338991 345963
346180 346268
347337 347981
348518 348870
349449 349781
351618 351943
355848 356675
359159 362180
362818 363626
364411 365758
366333 366852
367388 367584
367846 368017
369233 369415
369954 374210
375074 376510
377774 378037
380007 381591
382110 383057
383707 383801
383887 384494
386123 388584
389181 390786
391562 392000
392546 393225
393782 396656
397588 404189
405618 405923
406606 415972
416258 420058
420744 423155
424114 425524
426253 427522
429014 430489
431127 431938
434548 435794
436729 436990
437948 438292
440258 440694
442567 444481
445656 445858
447135 447942
448486 450803
451933 453370
454733 455964
456502 457764
460557 462540
463339 466856
467143 467235
467784 468812
469428 469519
470037 473646
473922 473973
474922 475466
476005 476320
476527 477291
477698 478248
478781 478912
479721 479935
480471 483760
484290 484395
484558 489560
489774 501297
501497 514586
516043 519271
520347 521424
521529 521811
521932 524339
524967 529294
530083 530826
533836 534608
535494 535607
536095 554133
554285 554756
555431 557100
557603 558416
559096 565969
566270 567984
569370 577187
577606 578073
578988 584584
585562 589548
589706 592219
592797 594827
595583 598153
598791 598855
599321 602451
602998 603163
605541 628852
629862 630232
630450 631009
631377 633493
634062 649179
649607 650204
651290 661945
662353 663696
664256 697548
697979 698265
698438 704500
704985 705192
705470 706648
706848 707714
708077 709484
710882 716851
718206 718646
719713 723911
724557 728281
728533 732262
732859 734268
735074 738203
738371 738630
740852 742801
743120 743503
743818 744456
744712 745151
746195 746476
746730 747516
747761 747963
748223 748509
748769 748887
749878 751502
752482 752699
754294 755354
756474 759497
760456 762068
766033 766835
767894 767952
770636 772622
773715 775248
775809 776278
776845 778355
778465 779754
780377 781343
782893 783060
794282 794453
794710 795002
795359 795895
796115 796244
796387 796485
796740 796870
797025 798530
798759 801562
801816 815975
820231 821201
821945 823575
824205 827808
828072 828414
828959 829591
830551 830627
831267 835633
838597 841175
841996 848422
850435 850913
851074 870045
870650 872393
872640 874276
875494 876547
877363 880317
881081 881509
881630 882815
885448 885498
885708 886026
886734 888576
888719 894039
894813 895411
897282 898251
898898 899266
899642 904266
906716 907344
908277 908497
910180 910379
910899 911388
911977 912511
913150 913901
914056 918092
918820 918980
919318 920105
920365 920607
921093 922094
922260 923132
924362 925271
926002 926281
926761 929889
931502 932355
932488 934334
934643 940335
940490 941032
941901 942043
944246 946626
946870 946980
947195 948057
948434 948563
949447 950533
951225 952659
952799 954151
955926 956170
956757 961678
963379 964089
964262 964738
965219 967129
967443 967668
968210 968744
969316 969610
970311 971413
971560 971788
972078 976239
976394 981104
981855 982405
983330 983436
983744 983988
985817 986083
986626 988522
990159 991200
991391 991502
991657 995668
997611 1001831
1001905 1006890
1007225 1008520
1008678 1008929
1009479 1010791
1011845 1011908
1012442 1012513
1012778 1012994
1013682 1014297
1015255 1016166
1016718 1017493
1018340 1018615
1018851 1019005
1019747 1020047
1020698 1022957
1023183 1023793
1024668 1025693
1025886 1026056
1026307 1026926
1027195 1027487
1027681 1029491
1030149 1030859
1032299 1051646
1052740 1052847
1053050 1053435
1054810 1054922
1055299 1057802
1057990 1058233
1058455 1059464
1059837 1062111
1062395 1063023
1063710 1064302
1064685 1069748
1070875 1071078
1071647 1072957
1073531 1073616
1073870 1074795
1075136 1077163
1077345 1078293
1079518 1082645
1083309 1083514
1083945 1085108
1085212 1088678
1089910 1090867
1091437 1093535
1094293 1097859
1098035 1098122
1098613 1102222
1102457 1103004
1103699 1103798
1103946 1104125
1104355 1104974
1105579 1105652
1105959 1110128
1111029 1115238
1116187 1116507
1118852 1122678
1124189 1124240
1124834 1126126
1126710 1128304
1130788 1143720
1146623 1147872
1148408 1155121
1155461 1180506
1180711 1181739
1182334 1182573
1183288 1184415
1185047 1185836
1186497 1187609
1187891 1189326
1190159 1190653
1192018 1192602
1193462 1193689
1194279 1195733
1195890 1196694
1198224 1200530
1201096 1207071
1207270 1209112
1209499 1211822
1212018 1227630
1228776 1229031
1229702 1230087
1230662 1232351
1232489 1236097
1236753 1237242
1237581 1238024
1239061 1239891
1240166 1240666
1240801 1241037
1241545 1242442
1242648 1244255
1244431 1244631
1244829 1245188
1245417 1247268
1247855 1247943
1249154 1251573
1252305 1255867
1257219 1257460
1258053 1258829
1259963 1262680
1263952 1264084
1264956 1265251
1265961 1268888
1270492 1271084
1271588 1271966
1272490 1272972
1273546 1274296
1275147 1275730
1276599 1279780
1280419 1280758
1281484 1282299
1283037 1285326
1285639 1287194
1287981 1293362
1294021 1294131
1296405 1296480
1297431 1302311
1302906 1305366
1305569 1307382
1309553 1314649
1318015 1319205
1319900 1320313
1320492 1321464
1322027 1323293
1323406 1325749
1326377 1328588
1328715 1328812
1328958 1329986
1330292 1332016
1332570 1333764
1333897 1334219
1334687 1337885
1338391 1338453
1338974 1340689
1341418 1343130
1343666 1344116
1344489 1344592
1344775 1347576
1348112 1349718
1351046 1352556
1353635 1355294
1355889 1356834
1357427 1360095
1361746 1363361
1364213 1365500
1365806 1365958
1366364 1366476
1366580 1366735
1366937 1374150
1375221 1377996
1378214 1378828
1379024 1380792
1380962 1381819
1382831 1386186
1386719 1387317
1388333 1390217
1390806 1395515
1399512 1405092
1407855 1410209
1410799 1411451
1412868 1418080
1418267 1422114
1422421 1423477
1423784 1425649
1425923 1426160
1427240 1429225
1429443 1431223
1432548 1433801
1434536 1435369
1438131 1440864
1441040 1441604
1443575 1445299
1445971 1456285
1456555 1474953
1476346 1477045
1477285 1483035
1485145 1485998
1486246 1486344
1486720 1490021
1490368 1491707
1492455 1494213
1494862 1495000
1495124 1496630
1496965 1498136
1498711 1498778
1499253 1501308
1503491 1503911
1504541 1506313
1507098 1507899
1508773 1509588
1509854 1510221
1510949 1511578
1512893 1513132
1513730 1514953
1515471 1515602
1516126 1517814
1518088 1519516
1519782 1522977
1523946 1524062
1524635 1528655
1528852 1529410
1529636 1529742
1531114 1532966
1533521 1533801
1533946 1534099
1534791 1536130
1537113 1537727
1539161 1544555
1545150 1546250
1546918 1549835
1551033 1553006
1553657 1554576
1554711 1555636
1556334 1556653
1556811 1557282
1558608 1558687
1559354 1562630
1563364 1567955
1568758 1568912
1569672 1572705
1572877 1586989
1587459 1588498
1589730 1594231
1595280 1596172
1596741 1597844
1600056 1602038
1602235 1608981
1610017 1610814
1611209 1612158
1612379 1612766
1613291 1613504
1614333 1614740
1615245 1617391
1618365 1618443
1619012 1619767
1620513 1621928
1625328 1630643
1630798 1631076
1631862 1631970
1633512 1633736
1634020 1635192
1636847 1643129
1643408 1650107
1652461 1652725
1653928 1659156
1659943 1664843
1665408 1665723
1666474 1667561
1668598 1669202
1669575 1669671
1670046 1673108
1673255 1675649
1675767 1677455
1678561 1679143
1679323 1700944
1701874 1703036
1703621 1713008
1713264 1717227
1717976 1718028
1718191 1723917
1724185 1726216
1726820 1728351
1730954 1732583
1733094 1735016
1736114 1736535
1737233 1737504
1737655 1740244
1740869 1741440
1742184 1743265
1743897 1746992
1747757 1748876
1752599 1753519
1755432 1759323
1760192 1764630
1765353 1767843
1768094 1768282
1768975 1769377
1770058 1770964
1771990 1773235
1773433 1773559
1773702 1773820
1774134 1775219
1776457 1778082
1778781 1779068
1779669 1780289
1780963 1781279
1783034 1783091
1784099 1790094
1792196 1802845
1804363 1808206
1808885 1809761
1810903 1811832
1812672 1812776
1813329 1815664
1816279 1816705
1817328 1822497
1822844 1824846
1826188 1828575
1829447 1832579
1833196 1833295
1834506 1835284
1835841 1836743
1837332 1837855
1838558 1844372
1847068 1851008
1852161 1852537
1853486 1853621
1854139 1855084
1855349 1858142
1858712 1859620
1861689 1862109
1862673 1863073
1863382 1863795
1864457 1864903
1865853 1866258
1866854 1869113
1869604 1874364
1874942 1875072
1875941 1876698
1877703 1883650
1884368 1893532
1894228 1894314
1894815 1898487
1899337 1901148
1901708 1910779
1911512 1914433
1914999 1916023
1917259 1919078
1919155 1919481
1919620 1923973
1924487 1925255
1925538 1925633
1925797 1931481
1931985 1933622
1934302 1935271
1935837 1937168
1937307 1937925
1938450 1939832
1940337 1941330
1942914 1943486
1944411 1945172
1947152 1948439
1952823 1955221
1956220 1956907
1957431 1968631
1969164 1971833
1972369 1972709
1973237 1976925
1977618 1980336
1982338 1986287
1986678 1987931
1988996 1989761
1990436 1992089
1993087 1994164
1996260 1996939
1997011 1998156
1999267 1999650
2000817 2001387
2001896 2002058
2003281 2016438
2016977 2019283
2019454 2022979
2024160 2025812
2027398 2027550
2028170 2031111
2031636 2037820
2038657 2041584
2041764 2043478
2044016 2044366
2045095 2050101
2050964 2052055
2052579 2057682
2058187 2058580
2059532 2060436
2060971 2061454
2062163 2062501
2063025 2065040
2065821 2070817
2071435 2080483
2081884 2084787
2085689 2088737
2089348 2090516
2091031 2104568
2105236 2105573
2105684 2109857
2110438 2111176
2111739 2112045
2113022 2118489
2119234 2130222
2130896 2138805
