Streptococcus_salivarius_57I_gi_387760314_ref_NC_
1 468
1236 1557
28100 35403
36108 36384
41073 41387
41838 42023
42223 45286
61229 61469
70474 71754
73044 73760
74277 76251
83014 83252
85196 85423
94473 94711
96544 96667
99680 100369
103482 105224
105604 110537
119194 119275
120518 125913
126441 126685
138571 138799
140417 140748
141504 141787
143912 144175
153571 153832
167543 184898
186700 190076
190168 191152
192546 194309
195990 197527
200044 200298
200889 201271
210119 210378
210901 211418
212922 213952
221515 221820
222375 222557
223324 223518
226227 226535
227920 228145
230750 240455
244054 246028
250888 251113
252571 254910
255195 258692
260210 270808
271430 284843
285699 292963
293592 294592
307655 310135
310345 314951
315554 315750
316522 316828
317023 317379
319010 319904
323592 324302
325263 330385
330839 334168
334980 337260
337777 338617
338992 339281
339449 339692
340445 344958
348054 348340
349389 349746
352766 353031
353723 353972
355568 355796
356320 357738
367060 367339
369120 369707
370292 370603
373533 373582
378506 382798
387602 388951
390248 391517
397388 404549
405479 429098
429747 431938
435783 436136
438728 438955
442332 444298
446374 447083
451422 452928
454560 455491
459914 467997
468820 472199
472798 473969
478300 478361
479611 479925
480862 485401
485948 489628
489774 493660
495787 519271
520997 521190
521932 522405
523521 524172
525155 530884
535498 535603
536095 541369
542254 552090
552578 553489
554016 554241
557152 557401
559128 582364
582906 585015
591599 598412
598944 601836
602877 604437
605975 631200
632345 649295
650031 650200
651055 683418
687360 695831
700398 701618
705410 705725
709425 722648
723431 723669
724838 725424
726221 728277
728533 731983
735415 736097
738408 738626
741321 741968
742484 743119
747044 747453
750896 752695
754008 754242
755067 759912
760851 762303
765536 765813
766074 767950
768607 769053
770525 773009
777705 778231
778803 779089
779681 781396
782897 783088
794814 796115
798915 800112
806031 807709
808559 814187
814888 815975
820231 821197
821983 823013
824540 827808
828076 829040
829643 832404
834275 835703
841573 841956
843311 843890
847135 848706
849714 850692
851956 874268
875494 877994
879516 879806
881146 882511
883996 884293
887553 887736
888271 888576
890923 891426
892039 895222
898025 898098
900096 900686
902366 904451
911599 911846
914592 917456
918477 918768
919365 925980
926785 926834
927558 933502
935837 942954
944264 945224
948109 954072
954782 955120
956372 956705
958009 958231
959029 959167
963136 963926
964333 965396
973502 979421
979837 984272
985708 988522
989246 989752
990936 991252
992991 993748
997133 1005944
1008568 1016111
1016725 1019390
1019719 1019967
1020832 1022582
1027937 1051196
1051479 1051888
1055299 1062058
1063727 1067583
1068136 1069744
1070880 1071190
1073917 1074268
1074937 1077727
1082109 1082746
1084422 1088953
1091454 1093481
1098678 1105527
1106138 1107468
1107978 1109840
1111076 1116841
1118527 1122443
1124245 1124455
1125370 1125619
1129723 1129935
1130788 1143720
1144983 1145760
1147115 1148296
1148878 1149115
1150263 1150990
1153174 1155000
1159523 1159732
1159927 1179343
1181375 1182569
1187978 1191378
1194047 1194227
1197803 1201111
1203018 1206854
1207314 1210335
1212486 1212574
1213058 1227716
1228896 1229674
1232489 1239835
1240489 1240774
1245645 1247268
1253112 1253306
1255919 1256267
1260306 1261162
1263867 1264577
1265543 1265941
1268145 1268961
1275257 1275386
1276375 1279579
1280289 1282828
1283410 1300709
1301555 1301668
1302317 1303676
1304403 1305287
1306619 1306814
1307919 1308114
1311085 1313335
1318015 1318765
1327012 1327472
1333282 1334635
1336509 1336768
1337976 1339676
1347166 1352419
1353031 1374495
1375225 1377652
1378324 1378575
1380075 1380581
1388502 1388572
1389287 1389672
1390824 1391955
1392210 1394721
1397167 1397392
1399512 1405804
1407057 1407440
1407855 1410031
1411263 1424393
1429420 1430111
1432577 1432945
1433593 1434162
1437992 1438349
1439024 1441039
1443575 1456285
1457125 1463151
1463935 1464001
1464613 1472048
1475577 1476436
1477000 1483033
1485230 1485455
1488523 1488751
1489500 1489875
1497311 1498132
1499253 1500810
1504922 1505279
1513254 1513546
1514170 1514461
1520979 1522212
1523393 1533591
1534933 1535556
1539166 1544417
1544960 1545200
1546302 1547119
1548845 1550685
1553657 1553746
1557823 1560221
1562018 1562451
1563352 1563721
1566516 1574489
1574627 1582249
1582755 1588494
1590315 1590597
1593953 1596426
1597249 1597811
1600116 1602124
1605781 1616024
1616665 1617391
1618365 1623227
1625272 1628626
1629313 1629667
1636847 1637618
1637846 1638196
1640768 1643353
1644460 1645202
1645863 1646777
1646907 1647508
1648391 1654837
1655403 1666418
1671948 1672647
1673255 1677189
1678561 1679143
1679331 1679432
1679560 1682095
1682979 1699673
1703937 1704243
1709922 1723746
1724635 1725411
1731729 1735205
1737902 1738493
1742218 1743261
1745656 1745860
1754182 1754711
1755493 1759517
1770678 1770935
1784322 1809757
1810347 1812128
1823665 1823917
1845014 1845379
1846303 1846637
1847371 1847637
1853867 1854150
1868237 1868604
1878453 1878708
1890194 1891612
1904599 1904848
1906414 1908264
1908680 1908773
1911879 1912150
1916628 1916980
1918036 1919638
1931748 1932939
1936007 1937103
1937695 1938744
1947152 1948409
1957431 1966262
1982395 1983174
1987928 1988671
1989813 1990078
1991840 1992079
1994216 1994513
1996021 1996939
2003529 2004200
2004725 2015516
2018700 2018811
2018925 2019291
2027602 2032093
2032496 2034366
2034643 2035193
2036006 2036151
2036645 2038952
2039188 2039515
2039625 2040711
2053206 2055838
2063666 2063938
2064024 2070814
2071452 2071673
2073115 2076237
2077899 2096933
2100214 2100628
2102571 2102701
2107322 2107811
2108837 2112045
2112566 2119553
2120273 2126079
2137496 2137779
