marine_gamma_proteobacterium_HTCC2080_gi_119503701_ref_NZ_
676 9000
9862 11881
12456 15923
16548 21119
21845 38038
38740 59043
59612 60636
61800 80464
81001 91452
92096 104065
104779 117845
118402 125353
125889 129443
130258 133905
134436 138252
138763 154414
154917 155661
156172 164951
165585 171553
172174 204094
204616 205387
206021 207869
208460 217985
218623 221636
222382 225623
226253 255885
256418 265584
266107 275410
276027 282330
282894 283231
283792 289308
289900 308854
marine_gamma_proteobacterium_HTCC2080_gi_119505171_ref_NZ_
1 19895
20642 27672
28410 38087
38607 43164
43964 57202
57772 65854
66502 72812
73683 84898
85589 100000
100766 102226
103007 109783
111024 117612
118227 119676
120328 121877
122481 132479
133292 140154
marine_gamma_proteobacterium_HTCC2080_gi_119504206_ref_NZ_
1 8584
9134 9662
10206 14933
15452 32716
33365 47944
48459 50556
51214 56959
57475 58089
58672 66444
67545 86314
86819 92126
92654 93913
94492 106227
106802 112263
112781 120126
120885 121792
122496 137802
138403 142936
143837 144579
145382 165746
166382 184058
184560 188083
188661 190144
190929 193620
194170 195120
196357 201319
201867 202148
202654 203156
203741 219509
220051 226625
227186 233221
233753 254401
254957 259226
259844 270065
270598 274231
marine_gamma_proteobacterium_HTCC2080_gi_119505479_ref_NZ_
1 2797
3337 4938
5461 7289
7854 26227
26783 29890
30485 35196
35706 43347
43883 47526
48078 60451
61292 65314
65861 69214
69765 74595
75161 77166
77814 80096
80632 82456
82971 90267
91160 92340
92842 93508
94041 96467
97012 97480
marine_gamma_proteobacterium_HTCC2080_gi_119505899_ref_NZ_
1 1284
1792 4220
marine_gamma_proteobacterium_HTCC2080_gi_119505707_ref_NZ_
1 2234
2749 4574
5151 11596
12229 35639
36181 41071
41617 42359
marine_gamma_proteobacterium_HTCC2080_gi_119504692_ref_NZ_
1 29178
29679 41079
41676 84137
84695 87109
87660 101555
102278 112715
113638 115861
116436 116706
117221 123329
123995 125648
126320 130235
130836 142085
142588 145560
146069 157046
157835 165520
166447 174388
175175 184661
185939 190410
190966 191517
192064 194696
195490 205524
marine_gamma_proteobacterium_HTCC2080_gi_119504867_ref_NZ_
1 2164
2796 25120
25855 27554
28093 28221
28840 48164
48864 54385
54910 60114
60691 63107
63617 81774
82277 87316
87827 90252
90847 114077
114615 135458
136010 148566
149076 164803
165391 170815
171337 173243
marine_gamma_proteobacterium_HTCC2080_gi_119505906_ref_NZ_
504 3041
marine_gamma_proteobacterium_HTCC2080_gi_119505302_ref_NZ_
1 1210
1763 3348
3977 13231
13935 23444
23973 37798
38311 52394
52962 53564
54086 65530
66140 71434
72013 82121
82690 82760
83422 89016
89753 104003
104624 106061
106797 113500
114555 121147
121719 131677
marine_gamma_proteobacterium_HTCC2080_gi_119505645_ref_NZ_
502 7371
7881 36905
37781 46845
47543 48228
48779 52526
53167 61025
marine_gamma_proteobacterium_HTCC2080_gi_119505407_ref_NZ_
852 15497
16054 43240
43772 66291
67111 73894
74432 83980
84656 97988
marine_gamma_proteobacterium_HTCC2080_gi_119505909_ref_NZ_
1 1139
marine_gamma_proteobacterium_HTCC2080_gi_119503955_ref_NZ_
1 2452
3174 6824
7475 26051
26564 26895
27986 28755
29293 40896
41471 49417
49971 51200
51706 54789
55397 57132
57897 61956
62674 62828
63352 65490
66070 66798
67340 88860
89381 90662
91294 93018
93574 108461
109007 120089
120595 123646
124160 124889
125495 129281
129963 156243
156862 170171
170673 179540
180089 181283
182268 196260
196814 197878
198429 202599
203408 209797
210359 213881
214387 221175
221753 224672
225216 227910
228526 229237
229773 248532
249456 252043
252580 252779
253313 258249
258974 260468
261123 269197
269906 276455
276979 278497
marine_gamma_proteobacterium_HTCC2080_gi_119505011_ref_NZ_
1 530
1052 5670
6197 10013
10557 10624
11266 34726
35314 47966
48538 54339
54902 60711
61311 68246
69203 73464
73995 94182
94729 96568
97219 97571
98225 103617
104201 107801
108372 108742
109267 117385
118194 128177
128700 132426
133043 136849
137386 156262
156865 159550
marine_gamma_proteobacterium_HTCC2080_gi_119505783_ref_NZ_
1 16060
17343 18640
19277 26259
26921 30772
31371 31543
32342 37999
38500 38556
marine_gamma_proteobacterium_HTCC2080_gi_119503401_ref_NZ_
1 8663
9218 9763
10388 12140
12720 16367
16923 20647
21196 22390
23019 34661
35414 39579
40164 51253
51771 55695
56542 57339
57883 58589
59311 64304
64868 67563
68077 79848
81018 99212
99721 110055
110623 115741
116341 117811
118620 140336
141007 144882
145695 163257
163803 163893
164463 164919
165723 167267
167913 173217
173894 185037
185817 188710
189373 195873
196377 199510
200047 203559
204135 209615
210131 212179
212761 213838
214365 225612
226137 230717
231219 236805
237336 243215
243744 251317
251900 254316
254909 255788
256464 267634
268272 277000
277654 296098
296601 298778
299343 305756
306467 307832
308523 308910
marine_gamma_proteobacterium_HTCC2080_gi_119503117_ref_NZ_
1 872
1504 2439
3046 3602
4160 5026
5538 6653
7227 25339
25893 57428
57938 60713
61305 73123
73791 83354
83864 110738
111247 117000
117523 120957
121554 140699
141847 146681
147254 148740
149302 153866
154459 162281
162864 166124
166656 178948
179451 199766
200347 214209
214719 225489
226000 255671
256513 262668
263303 279468
280024 290830
291406 295117
295678 298947
300188 310418
310954 313834
314356 315245
marine_gamma_proteobacterium_HTCC2080_gi_119505747_ref_NZ_
1 6868
7494 11368
12165 13735
14260 21159
22046 23200
24285 33551
34102 41648
marine_gamma_proteobacterium_HTCC2080_gi_119505576_ref_NZ_
1 1325
1854 20866
21374 21570
22203 35023
35557 45759
46275 49622
50145 51896
52402 64786
65389 72499
73011 73346
73948 74566
75097 78830
marine_gamma_proteobacterium_HTCC2080_gi_119504450_ref_NZ_
1 3762
4393 6652
7220 13089
13796 15851
16366 28118
28853 48926
49608 51425
52075 55228
56192 60131
60798 65437
66021 70432
70972 75113
75627 83911
84431 87010
87668 91172
91718 91947
92848 96639
97245 107345
107863 109683
110365 118479
119097 120135
120767 130467
131046 166531
167141 170048
170586 183110
184154 200556
201084 216707
217303 226306
226891 237226
237797 244643
245447 262399
marine_gamma_proteobacterium_HTCC2080_gi_119505852_ref_NZ_
1 25241
25745 33954
marine_gamma_proteobacterium_HTCC2080_gi_119502701_ref_NZ_
1 5968
6475 14358
15001 15855
16576 28572
29119 30161
30833 34520
35434 43288
43921 44066
44747 46305
46824 51920
52426 56357
57039 79778
80301 89263
89864 98206
98785 115405
115980 132328
132978 151986
152595 165044
165546 165675
166208 167583
168126 169228
169737 171475
172033 182474
183033 184230
184836 196122
196728 198027
198704 199983
200529 204035
204766 206454
206977 209840
210371 212714
213261 219697
220234 234411
234957 253566
254123 273426
273950 284014
284535 284805
285337 297759
298332 308959
309896 316748
317389 318510
319089 321297
321926 329146
329696 338769
339564 346239
346747 352090
352778 358373
359081 385090
385611 406980
407516 407794
408356 409276
409916 420259
420844 423083
423647 424080
425529 427960
428514 433164
433859 435482
436208 443371
443880 448148
448709 456170
457111 464288
464849 465767
marine_gamma_proteobacterium_HTCC2080_gi_119505884_ref_NZ_
1 842
1432 9658
10592 15420
marine_gamma_proteobacterium_HTCC2080_gi_119505814_ref_NZ_
1 590
1094 5405
5985 14292
14904 16482
17105 17917
18435 29918
30430 35841
