Burkholderia_pseudomallei_gi_512720970_ref_NZ_
2553 2627
7740 8842
13686 16303
Burkholderia_pseudomallei_gi_512720939_ref_NZ_
1 28762
30002 102195
Burkholderia_pseudomallei_gi_512720913_ref_NZ_
1 2277
Burkholderia_pseudomallei_gi_512720918_ref_NZ_
1 1832
Burkholderia_pseudomallei_gi_512720922_ref_NZ_
1 388
Burkholderia_pseudomallei_gi_512720949_ref_NZ_
1 1780
Burkholderia_pseudomallei_gi_512720920_ref_NZ_
1 1499
Burkholderia_pseudomallei_gi_512720957_ref_NZ_
1 2095
13816 16993
20758 20877
25859 25932
32419 35267
44279 71158
Burkholderia_pseudomallei_gi_512720902_ref_NZ_
1 2106
Burkholderia_pseudomallei_gi_512720986_ref_NZ_
1 5467
Burkholderia_pseudomallei_gi_512720946_ref_NZ_
1 26072
36761 36846
50116 55532
72897 73028
91880 103409
106562 106922
126548 127250
140707 143296
145251 163442
Burkholderia_pseudomallei_gi_512720919_ref_NZ_
1 382
5657 29419
34444 35072
43678 43728
44939 45471
50839 57347
59936 74041
81217 81306
83383 93954
100000 103267
117484 120834
124877 125051
127252 127325
135092 139622
Burkholderia_pseudomallei_gi_512720965_ref_NZ_
1 1921
Burkholderia_pseudomallei_gi_512720925_ref_NZ_
1 30772
46632 53212
54186 55479
73669 75058
86079 86137
94475 94572
95231 101263
103108 109106
114245 140971
143203 146258
159941 160425
161387 161536
162079 162613
167128 168482
178150 192021
192451 192521
192949 193092
194835 194924
201919 205271
209298 209369
212414 212471
219550 228596
249590 250004
250949 251200
251921 251980
257098 265304
270979 271289
272469 272547
281662 281718
282626 287725
301743 304256
305586 311866
316043 316466
324125 324180
325717 345328
347222 353226
355822 362489
Burkholderia_pseudomallei_gi_512720877_ref_NZ_
1 7964
9414 9683
14774 20890
24384 50741
52959 57535
58107 70527
81739 93874
102996 104417
Burkholderia_pseudomallei_gi_512720973_ref_NZ_
1 12762
13421 29900
31470 31552
37041 48514
49766 64973
65868 65919
69963 70057
75414 78938
81160 89111
92924 97451
104251 110022
113699 115642
121779 122298
122861 122977
125969 155435
160103 160964
165705 168165
169103 176706
178389 178953
181255 181352
197227 197613
202828 223154
Burkholderia_pseudomallei_gi_512720878_ref_NZ_
1 3846
9357 13233
20181 20255
23271 23363
24730 63925
65804 65867
69806 69872
70897 71384
Burkholderia_pseudomallei_gi_512720981_ref_NZ_
1 57726
Burkholderia_pseudomallei_gi_512720917_ref_NZ_
1 1185
Burkholderia_pseudomallei_gi_512720882_ref_NZ_
1 15111
Burkholderia_pseudomallei_gi_512720938_ref_NZ_
1606 1720
2539 7141
10921 10971
25664 25764
29284 32325
36489 43188
49779 52595
67893 72236
80070 80119
83439 84832
86124 88431
90752 95017
97304 103227
108092 108497
110113 119299
128003 128090
132267 137310
140617 141752
155858 167377
172835 176229
176764 178601
192935 195347
201257 201368
204987 205210
215863 215959
225884 226330
Burkholderia_pseudomallei_gi_512720975_ref_NZ_
1 29845
32623 40122
44022 44147
47592 50054
Burkholderia_pseudomallei_gi_512720915_ref_NZ_
1 15372
Burkholderia_pseudomallei_gi_512720940_ref_NZ_
1010 1194
1728 1865
3567 8807
12638 12711
13226 13754
20306 20898
23770 23832
39133 39583
43499 54153
56483 56608
59748 62586
67212 67285
76851 76903
77567 109927
111784 112602
113384 113450
155389 155469
168201 188559
191230 219194
220445 220988
Burkholderia_pseudomallei_gi_512720961_ref_NZ_
1 652
7374 7575
9232 9389
10082 47246
53393 53820
67193 68518
71327 71422
80727 80853
82689 105403
111519 116067
122854 122935
127588 127739
128391 128480
131635 131740
145817 150856
152154 152248
154611 154692
157352 157405
158729 158848
168583 185916
190030 190148
199924 204796
211640 389599
395964 400158
415001 415050
422972 441497
Burkholderia_pseudomallei_gi_512720929_ref_NZ_
1 27830
37163 37212
38476 43294
46997 54204
58897 59349
90457 90538
97686 97801
129906 138250
140762 164958
Burkholderia_pseudomallei_gi_512720977_ref_NZ_
1 1385
Burkholderia_pseudomallei_gi_512720876_ref_NZ_
1 6404
8943 9003
9541 9813
12908 14541
Burkholderia_pseudomallei_gi_512720952_ref_NZ_
1 533
1454 1507
21052 21195
28660 29093
34774 34879
38554 39023
55918 56043
57093 64077
66070 66205
66829 66932
71800 71895
84842 85199
86672 86759
91206 91705
Burkholderia_pseudomallei_gi_512720904_ref_NZ_
1 17562
Burkholderia_pseudomallei_gi_512720892_ref_NZ_
1 234
Burkholderia_pseudomallei_gi_512720886_ref_NZ_
1 280
Burkholderia_pseudomallei_gi_512720969_ref_NZ_
1 1306
Burkholderia_pseudomallei_gi_512720927_ref_NZ_
1 4644
6778 16073
20262 25039
Burkholderia_pseudomallei_gi_512720891_ref_NZ_
1 36927
Burkholderia_pseudomallei_gi_512720887_ref_NZ_
1 313
Burkholderia_pseudomallei_gi_512720930_ref_NZ_
1 398
663 7260
8349 11334
Burkholderia_pseudomallei_gi_512720944_ref_NZ_
1 1894
6483 6606
10341 10404
18096 19500
29249 34171
37008 40771
Burkholderia_pseudomallei_gi_512720964_ref_NZ_
1 477
1023 13024
17406 122438
Burkholderia_pseudomallei_gi_512720932_ref_NZ_
1 1173
Burkholderia_pseudomallei_gi_512720945_ref_NZ_
373 1669
3424 3519
9487 20043
24938 25646
30347 34016
Burkholderia_pseudomallei_gi_512720971_ref_NZ_
1 559
914 6044
8657 8751
17499 17638
24886 34908
39518 39601
51095 51206
53081 58225
63432 63772
64723 64792
67020 72597
101221 101686
113975 114191
126706 137495
167631 178352
180752 181285
182291 185846
186875 187401
188666 202884
209012 209128
220350 222418
222925 233811
259694 266727
Burkholderia_pseudomallei_gi_512720937_ref_NZ_
1 1798
Burkholderia_pseudomallei_gi_512720950_ref_NZ_
1 436
3705 3794
13718 21206
22420 26338
30030 51633
54063 58298
61489 62298
63109 73624
84350 84400
88606 88706
100433 109448
112139 112801
115361 132215
139398 139572
143185 173833
174673 174742
184443 186852
197112 197913
211637 211693
218045 222312
230672 230789
231373 239278
Burkholderia_pseudomallei_gi_512720985_ref_NZ_
1 3500
4050 30926
43707 45245
46044 47249
55779 56168
64169 65409
70520 70614
76549 76604
78908 83377
85837 85889
88096 88154
89231 89357
101452 102322
116325 116405
123646 123705
131144 133055
139660 143090
144627 151554
155933 158344
173001 178071
188633 189232
193182 197634
Burkholderia_pseudomallei_gi_512720980_ref_NZ_
1 1409
Burkholderia_pseudomallei_gi_512720880_ref_NZ_
1 108857
Burkholderia_pseudomallei_gi_512720982_ref_NZ_
1 3766
26006 27828
41098 58764
65812 73909
77939 78033
83396 83915
91951 94125
96096 96206
107273 107618
Burkholderia_pseudomallei_gi_512720926_ref_NZ_
1 2700
Burkholderia_pseudomallei_gi_512720888_ref_NZ_
1 241
Burkholderia_pseudomallei_gi_512720928_ref_NZ_
1 38102
38892 38948
46889 55062
Burkholderia_pseudomallei_gi_512720896_ref_NZ_
1 3351
Burkholderia_pseudomallei_gi_512720923_ref_NZ_
1 3105
5586 5784
43513 43583
47099 57446
63800 64416
66408 66460
68570 68636
69783 70563
74195 74557
75722 90423
Burkholderia_pseudomallei_gi_512720874_ref_NZ_
1 354
11307 11383
Burkholderia_pseudomallei_gi_512720959_ref_NZ_
1 1109
5333 6100
6799 6999
12080 18782
20434 23649
28033 32025
Burkholderia_pseudomallei_gi_512720921_ref_NZ_
1 932
Burkholderia_pseudomallei_gi_512720951_ref_NZ_
1 4890
6515 6853
17857 28316
30848 31215
32546 38802
42833 46104
Burkholderia_pseudomallei_gi_512720976_ref_NZ_
1 15634
26404 26640
33371 35554
42851 47745
56014 56132
59938 60265
Burkholderia_pseudomallei_gi_512720897_ref_NZ_
1 559
Burkholderia_pseudomallei_gi_512720962_ref_NZ_
1 391
10046 10118
14171 17631
23734 23819
24973 25026
36891 37389
39046 42461
43529 45868
51893 51944
52757 55925
63005 65333
Burkholderia_pseudomallei_gi_512720936_ref_NZ_
1 8487
16489 16881
18639 22109
22871 23527
24344 24462
35279 35414
38549 57054
63545 68082
79016 79526
82703 82779
87684 89864
95162 107355
Burkholderia_pseudomallei_gi_512720906_ref_NZ_
1 6891
Burkholderia_pseudomallei_gi_512720943_ref_NZ_
1 2338
Burkholderia_pseudomallei_gi_512720968_ref_NZ_
1 3749
6803 12708
18499 18576
31218 31301
43528 43652
45798 45861
49821 49888
51405 51482
55890 55997
72919 76013
76861 112552
112788 113275
115685 115901
122887 128258
Burkholderia_pseudomallei_gi_512720893_ref_NZ_
1 7773
Burkholderia_pseudomallei_gi_512720905_ref_NZ_
1 787
Burkholderia_pseudomallei_gi_512720900_ref_NZ_
1 4427
Burkholderia_pseudomallei_gi_512720941_ref_NZ_
1 5887
8273 41864
43315 47335
59553 73353
75012 84495
88401 88502
90277 92866
98529 98646
99236 117473
121072 123400
125871 126240
148603 149777
Burkholderia_pseudomallei_gi_512720972_ref_NZ_
1 6574
10108 10166
15819 28280
57455 62678
65071 70083
89376 89761
90572 91101
91778 92306
92970 93384
96263 110286
Burkholderia_pseudomallei_gi_512720916_ref_NZ_
623 716
Burkholderia_pseudomallei_gi_512720901_ref_NZ_
1 648
Burkholderia_pseudomallei_gi_512720914_ref_NZ_
1 2134
Burkholderia_pseudomallei_gi_512720911_ref_NZ_
1 11480
11595 12248
12608 13291
Burkholderia_pseudomallei_gi_512720881_ref_NZ_
1 2694
6557 23791
29546 34056
36149 42498
Burkholderia_pseudomallei_gi_512720889_ref_NZ_
1 17937
Burkholderia_pseudomallei_gi_512720883_ref_NZ_
1 16219
21215 21586
22362 27330
29176 29248
36079 42576
44154 44228
48572 48659
60721 61304
63423 63477
68791 69080
69917 73889
78416 78532
85740 93818
102454 102698
115742 115872
Burkholderia_pseudomallei_gi_512720873_ref_NZ_
1 349
Burkholderia_pseudomallei_gi_512720955_ref_NZ_
1 621
Burkholderia_pseudomallei_gi_512720934_ref_NZ_
1 1581
7664 8166
12681 12800
19101 20927
24799 32121
47181 47246
49772 53258
53882 54019
58561 62063
64798 69896
71064 71606
Burkholderia_pseudomallei_gi_512720879_ref_NZ_
1 304
Burkholderia_pseudomallei_gi_512720899_ref_NZ_
1 1684
Burkholderia_pseudomallei_gi_512720978_ref_NZ_
1 8376
10682 10746
12650 13598
Burkholderia_pseudomallei_gi_512720953_ref_NZ_
1 19674
Burkholderia_pseudomallei_gi_512720974_ref_NZ_
1 3884
16915 126376
133536 133603
151752 151891
158109 158582
188532 196213
197249 197303
207187 207270
217281 217374
220588 227309
230061 314404
316614 326060
327451 329513
331554 333095
348713 354097
Burkholderia_pseudomallei_gi_512720958_ref_NZ_
962 1140
11923 12068
17936 18049
20165 20332
24858 25555
29112 29241
36501 41779
Burkholderia_pseudomallei_gi_512720948_ref_NZ_
1 5120
14164 20149
21223 31856
38259 49475
53720 64125
64915 69778
73895 75590
78239 87188
90086 100151
Burkholderia_pseudomallei_gi_512720910_ref_NZ_
1 1408
Burkholderia_pseudomallei_gi_512720960_ref_NZ_
1 5492
8927 9057
11362 18974
22442 29388
32726 33105
Burkholderia_pseudomallei_gi_512720890_ref_NZ_
1 858
Burkholderia_pseudomallei_gi_512720942_ref_NZ_
1 2178
3275 10816
12014 18633
34619 56398
66972 70370
75533 75609
111896 128550
133893 133963
148985 154214
160194 161102
163508 175239
Burkholderia_pseudomallei_gi_512720898_ref_NZ_
1 560
Burkholderia_pseudomallei_gi_512720935_ref_NZ_
1 7693
30743 31034
54082 75550
76842 99229
101993 104986
108763 109260
115857 115974
116823 116900
129336 144007
145938 155389
166702 170422
177663 177798
193476 193564
194568 194780
205633 206491
222783 223513
226427 227663
229906 236594
240412 250848
251979 254722
257152 258431
259628 263647
270904 270959
283578 290423
291312 291371
298174 298274
312411 314072
317025 319802
321679 321886
343018 343119
347966 354472
Burkholderia_pseudomallei_gi_512720963_ref_NZ_
1 1854
7881 10511
Burkholderia_pseudomallei_gi_512720885_ref_NZ_
1 1310
2949 3951
Burkholderia_pseudomallei_gi_512720966_ref_NZ_
1 16632
16898 17425
Burkholderia_pseudomallei_gi_512720983_ref_NZ_
1 1999
2760 8991
14572 27181
27877 29834
45245 45598
52079 58836
65154 98434
102790 104757
109223 203337
Burkholderia_pseudomallei_gi_512720979_ref_NZ_
1 20447
25259 26502
29169 35820
47032 56041
66643 67754
69311 69477
72620 76094
Burkholderia_pseudomallei_gi_512720908_ref_NZ_
1 1303
Burkholderia_pseudomallei_gi_512720987_ref_NZ_
1 4799
24589 24727
37619 37983
42452 64278
66716 78203
Burkholderia_pseudomallei_gi_512720967_ref_NZ_
1 325
23158 34444
48419 58820
74512 76462
96431 96732
104017 104984
113409 114250
116170 118210
120611 125327
141654 141713
145558 159255
175044 175150
185339 185393
187885 187948
214128 216100
221114 225749
Burkholderia_pseudomallei_gi_512720909_ref_NZ_
1 54679
Burkholderia_pseudomallei_gi_512720903_ref_NZ_
1 622
Burkholderia_pseudomallei_gi_512720884_ref_NZ_
1 981
Burkholderia_pseudomallei_gi_512720895_ref_NZ_
1 315
Burkholderia_pseudomallei_gi_512720954_ref_NZ_
1 59186
Burkholderia_pseudomallei_gi_512720912_ref_NZ_
1 6247
11655 14005
20309 69205
76412 95306
Burkholderia_pseudomallei_gi_512720931_ref_NZ_
1 123
10002 10338
22306 22356
23345 31297
31896 31974
33436 40586
56414 56597
81296 83339
95926 105667
Burkholderia_pseudomallei_gi_512720933_ref_NZ_
1 1559
2092 2181
4442 4493
Burkholderia_pseudomallei_gi_512720956_ref_NZ_
1 1678
14259 19935
25435 27069
32000 42207
53802 60119
65940 181006
Burkholderia_pseudomallei_gi_512720907_ref_NZ_
1 1217
Burkholderia_pseudomallei_gi_512720894_ref_NZ_
1 857
Burkholderia_pseudomallei_gi_512720875_ref_NZ_
1 2028
Burkholderia_pseudomallei_gi_512720924_ref_NZ_
1 22962
51401 55097
62339 62511
Burkholderia_pseudomallei_gi_512720947_ref_NZ_
1 363
1674 2024
Burkholderia_pseudomallei_gi_512720984_ref_NZ_
1 5860
