Burkholderia_pseudomallei_gi_512720970_ref_NZ_
1 2640
4726 4843
5264 5436
7740 8842
10183 10614
13465 13706
15587 16303
Burkholderia_pseudomallei_gi_512720939_ref_NZ_
1 28763
28840 29891
30000 102195
Burkholderia_pseudomallei_gi_512720913_ref_NZ_
1 2277
Burkholderia_pseudomallei_gi_512720918_ref_NZ_
1 1832
Burkholderia_pseudomallei_gi_512720922_ref_NZ_
1 1636
Burkholderia_pseudomallei_gi_512720949_ref_NZ_
1 1780
Burkholderia_pseudomallei_gi_512720920_ref_NZ_
1 1499
Burkholderia_pseudomallei_gi_512720957_ref_NZ_
1 3081
4643 4745
8943 9956
11447 12103
13532 14476
16938 18454
20280 20877
23286 23717
24967 25607
25859 26651
28280 28681
29379 31713
32419 39841
43160 45949
49640 51357
52854 55040
55578 56472
58399 71158
Burkholderia_pseudomallei_gi_512720902_ref_NZ_
1 2106
Burkholderia_pseudomallei_gi_512720986_ref_NZ_
1 5467
Burkholderia_pseudomallei_gi_512720946_ref_NZ_
1 24866
25680 26645
29369 31014
32418 33627
34333 34494
36761 37024
40388 40502
41874 42400
43657 46559
49142 50895
51457 52413
53770 55767
56729 59052
59673 61464
63367 64977
65636 66166
66810 67450
68321 70196
72008 73028
73824 74650
75184 75339
75875 76255
76896 79178
80146 82510
84884 88009
89481 89574
91130 91903
92472 94048
94653 95202
96023 97789
98582 98633
99733 102202
103338 104942
105472 106942
109097 109308
111126 112681
113645 114237
115781 116480
117621 117670
117790 118910
120124 121623
122147 127454
129095 130486
131231 132534
133910 135485
136497 136756
138887 139372
140680 142304
143285 145342
148520 163442
Burkholderia_pseudomallei_gi_512720919_ref_NZ_
1 1732
2430 6272
7162 9431
11646 11815
12395 12630
13077 13906
14553 15198
16881 17115
17873 18462
19266 19335
21838 22130
22631 22811
24595 25841
27525 29607
30956 31272
31906 35072
35634 35713
36646 40071
42763 42988
43535 43728
44939 45471
46591 47604
48700 49387
50288 51859
53239 54564
55882 57401
58651 58829
59790 59940
63218 67514
67713 67853
69310 70291
70842 72267
72729 74041
74696 75273
76543 78424
79205 79907
80688 84826
85558 90858
93147 94313
96207 96492
97863 98569
98649 99338
99862 101487
103244 103998
105868 107314
110431 110508
111592 111919
113891 114032
114838 115538
116503 119075
120742 121439
124224 125115
126121 126241
126774 127505
128398 130439
133677 134158
135094 139622
Burkholderia_pseudomallei_gi_512720965_ref_NZ_
1 1921
Burkholderia_pseudomallei_gi_512720925_ref_NZ_
1 30864
31588 34916
35577 40647
42252 42968
43868 46837
48006 49703
50215 51104
51858 54270
55182 57617
58129 58385
61624 62169
63827 64083
65240 65998
67951 68100
68816 68987
69675 70258
70766 70862
72789 76595
78146 78660
80471 80633
81566 81658
84288 86137
87144 90871
92316 99066
100161 100223
101259 102196
103108 104598
105397 106833
108926 109201
111423 112584
113386 113883
114075 118697
119314 119577
121239 126208
127443 127907
128727 130541
131346 132097
132850 133753
135664 135806
136798 137868
138409 140992
141839 142590
143005 143784
144360 145286
145843 146258
147907 148162
148667 149478
150125 150223
152195 152776
155727 155811
156439 157430
158651 160915
161387 161536
161696 162833
163634 164065
164864 165810
166591 174168
174713 175240
176742 177356
178148 179446
180201 184186
184861 193092
193601 193774
194835 195669
196731 197531
198341 199175
200427 200768
201838 205604
207630 216879
217940 221093
222678 226870
227614 227689
228243 229728
231565 231778
233009 234162
234759 234972
235882 236925
238000 238651
241128 241467
242390 243257
243867 244048
245042 245324
245873 246079
246759 247070
249590 252163
252693 253037
253549 254086
255220 257645
258687 259100
259621 266194
267982 271289
272384 272949
274666 276536
279830 280201
281540 282643
284112 285971
286842 288533
290762 290973
291642 297385
299663 299823
301743 303735
304245 307713
308278 312055
313239 314005
316043 318094
319519 319895
320937 321287
322321 323184
323795 333193
335112 336188
337042 338007
338894 340689
341283 341448
341551 341971
343389 349035
351525 351600
352791 354527
355822 356193
356908 358107
359227 362489
Burkholderia_pseudomallei_gi_512720877_ref_NZ_
1 2913
5579 8154
8598 10010
10807 15143
15780 18490
19040 19906
21896 22277
22936 23043
24210 24481
26073 26452
28370 29711
30818 31354
34129 34398
35159 38252
39323 39993
45963 48319
49414 49954
51138 51188
52546 53440
54490 58223
59133 68284
69978 70527
71720 73045
74284 76504
81739 82524
83906 84650
84994 89578
90182 90533
93233 93874
95620 96569
98377 98765
99518 99784
100972 101670
102689 103305
104086 104417
Burkholderia_pseudomallei_gi_512720973_ref_NZ_
1 12910
13421 13470
13980 15514
16125 23999
24528 26152
28439 29900
30726 33091
33642 33873
35664 36460
37018 40376
41173 42980
45382 46532
47060 50062
50945 51292
52274 52534
54492 56522
57411 58365
59029 62018
62990 63315
64001 64399
64912 64973
65868 66209
67017 67075
67509 67783
68579 72928
73791 76221
76995 79823
80620 82545
83570 85482
85990 88190
88785 89960
91273 92333
92924 96473
96986 101463
103658 104259
105865 107825
108574 109275
110714 110794
112754 117790
118355 120105
120836 121127
121681 122298
122861 122984
123524 127487
130217 135175
135336 135624
136127 136373
137033 137139
138651 139935
140438 147143
147265 150496
151038 151127
152129 155801
158242 158347
159181 160964
161775 164427
165287 167525
168158 173350
175010 175178
176184 183784
186233 187619
188197 188941
190183 191050
192115 192212
196646 197828
201239 202005
202590 202847
206544 207092
208029 220304
221455 221840
222778 223154
Burkholderia_pseudomallei_gi_512720878_ref_NZ_
1 648
1541 1925
2248 6562
7257 8316
8829 10142
10742 10818
11357 13946
14598 17233
18434 20473
21509 21969
22453 22513
23195 23363
24713 26458
27016 27841
28599 29379
29887 30638
31319 38873
39830 40205
42447 43520
44367 49096
50977 55438
56622 61063
61727 61999
63877 65079
65803 65940
67002 67333
67933 69964
70601 71742
72432 72593
73429 74192
74727 75705
Burkholderia_pseudomallei_gi_512720981_ref_NZ_
1 57726
Burkholderia_pseudomallei_gi_512720917_ref_NZ_
1 1185
Burkholderia_pseudomallei_gi_512720882_ref_NZ_
1 950
1594 3310
5070 7059
8672 9002
10434 11342
12151 15111
Burkholderia_pseudomallei_gi_512720938_ref_NZ_
1603 1720
3149 4857
7044 7221
7923 10972
13086 15591
16210 16381
16901 17937
18553 18710
19579 19713
21704 23975
25363 25764
29284 29352
30431 32597
33670 34050
36205 37805
39407 43199
44135 44325
45016 45298
48494 48986
49779 51360
51969 52595
53257 54523
55373 56149
56956 57220
60791 60936
61855 66733
67893 69419
71617 72373
72875 73099
73917 75101
77091 77189
78423 79316
79888 81950
82481 84832
86118 88900
90752 95017
96532 96608
97115 98313
99659 101459
102616 103574
103667 104187
104923 105248
108092 110361
115150 118520
119277 120548
122923 123516
124399 124472
125152 126503
127049 129224
131314 132300
133504 134935
136180 139350
140617 145416
146254 146940
147848 151169
151713 152623
153633 153695
154758 157321
158119 158215
159737 160916
162308 165250
167312 168738
170650 170752
171307 171655
172434 173179
173722 173840
174436 180317
181026 181144
182366 185988
188474 189262
189821 190374
191016 191102
192778 193478
194363 196198
198454 199427
201078 201368
204987 205210
207221 209225
210758 213607
215863 216423
218918 219276
221246 223586
224494 226330
Burkholderia_pseudomallei_gi_512720975_ref_NZ_
1 22922
23329 23570
24661 26633
27383 27987
32134 33198
34134 34283
35021 36680
37601 38235
39958 40486
41668 42126
42909 46299
47592 50054
Burkholderia_pseudomallei_gi_512720915_ref_NZ_
1 15372
Burkholderia_pseudomallei_gi_512720940_ref_NZ_
1010 1865
2677 4853
8725 10008
10952 11005
12406 12711
13226 14332
14742 16746
19745 20898
21399 21449
23051 23832
25139 27383
28185 29190
29776 30869
32626 33643
36513 36829
37650 38802
39133 39583
40467 40907
42098 45826
46677 49683
50310 50758
50859 54648
55661 60696
62140 63312
65967 66324
67212 67285
71953 72471
73410 73690
75577 75943
76851 99532
101154 102151
103764 108452
109218 109963
111360 112783
113384 113450
114021 114503
116416 116503
118691 118843
123551 124038
128591 129767
131019 131121
132587 133801
135816 135923
136619 136991
137755 138630
140194 140267
140980 145417
149196 149731
151038 152296
152880 154835
155385 155469
159370 159438
160440 160745
162144 162227
162860 163215
165606 167445
167954 168211
169226 169284
169900 170596
171303 173340
173907 175206
176655 184209
184987 185515
186282 187046
187798 188882
189426 194988
195765 196910
197787 198341
200200 200820
201621 203268
203809 203895
204648 206027
208273 210210
211868 212487
213097 213330
213878 214131
215261 217110
218463 220988
Burkholderia_pseudomallei_gi_512720961_ref_NZ_
1 1534
2725 2823
3530 4417
7325 9557
10082 10676
11331 12801
13330 42898
44559 46380
47113 47486
49518 50817
51885 52426
53148 53946
55404 58541
61387 64844
65577 65742
66855 69014
69740 70769
71327 71886
72707 74896
75928 76097
78461 78542
79240 79369
80008 80853
81495 81892
82655 82837
83441 83501
84109 84413
85290 85533
88066 88152
89432 89635
90844 91211
95735 96027
97555 99822
102370 105410
106393 108756
109130 109954
110567 113188
115226 116075
116685 116831
118121 118587
119094 121056
121631 122075
122836 122935
125025 125681
126680 128480
129902 130491
131635 135454
137852 138636
139828 139877
141104 141273
144767 151254
151675 152248
154611 155857
156533 158848
160723 160892
162047 163070
164420 165596
167948 168002
168362 179364
180627 180683
182356 182936
183718 187096
189300 190193
191874 192456
195544 197524
198143 202867
203626 203907
205795 206139
206794 209780
210436 210858
212197 212711
215553 220554
221149 221200
221821 223708
225449 228852
229512 388539
389582 389748
391842 392458
393974 394300
395324 398679
399234 400342
400983 402212
403025 408224
411824 415390
416326 418419
418966 419042
419955 428479
428873 428957
429694 430231
431703 431960
432521 441497
Burkholderia_pseudomallei_gi_512720929_ref_NZ_
93 2934
4243 7754
9553 15696
17018 18314
20165 20599
21211 21559
23135 24046
25611 26195
26925 27329
27506 28290
29840 30795
31382 31831
32389 35928
37163 37212
38315 38834
40191 44230
45624 46145
46789 48124
48929 54204
55371 55631
58440 59557
61214 61893
63207 64445
65799 65855
67218 69057
73141 73866
74673 74997
75661 76304
78073 78283
80775 80944
82644 83134
85448 85833
86666 87168
90457 90538
91640 91691
92236 98316
98427 98652
99471 100856
101575 102200
103889 105114
107303 109928
110453 113240
114115 114289
114634 119243
122240 122586
123539 124755
125454 125540
126920 127068
129851 130495
132092 132371
132928 139421
140280 141224
141946 164958
Burkholderia_pseudomallei_gi_512720977_ref_NZ_
1 1385
Burkholderia_pseudomallei_gi_512720876_ref_NZ_
1 575
1497 2215
2971 3056
4623 5037
6357 6489
7011 9816
13855 14541
Burkholderia_pseudomallei_gi_512720952_ref_NZ_
1 1507
2046 2159
2871 3562
6504 7365
8418 8608
9131 9770
11053 11159
11779 12283
14856 15105
16560 16834
17384 17482
18064 21295
22020 22539
23377 23467
24477 24678
25252 29183
29946 31770
33543 35157
37244 37343
38196 42763
45118 45985
46691 46912
49693 50671
51346 51462
52657 53372
54355 54424
54725 54951
55918 56010
56659 57420
59620 64077
65669 66205
66829 67019
68136 69040
69770 70243
71468 71929
75515 75898
76630 76867
77903 78426
78870 78993
80940 81093
81617 81995
84842 87199
87933 88031
90128 91705
Burkholderia_pseudomallei_gi_512720904_ref_NZ_
1 17562
Burkholderia_pseudomallei_gi_512720892_ref_NZ_
1 234
Burkholderia_pseudomallei_gi_512720886_ref_NZ_
1 280
Burkholderia_pseudomallei_gi_512720969_ref_NZ_
1 1306
Burkholderia_pseudomallei_gi_512720927_ref_NZ_
1 322
1424 2196
2741 3653
4584 4921
6778 8036
9763 9979
10795 14965
15986 17531
18514 19105
20262 21934
23001 23250
23945 25039
Burkholderia_pseudomallei_gi_512720891_ref_NZ_
1 36927
Burkholderia_pseudomallei_gi_512720887_ref_NZ_
1 313
Burkholderia_pseudomallei_gi_512720930_ref_NZ_
1 4874
6218 6442
7125 7260
8236 9974
10603 11334
Burkholderia_pseudomallei_gi_512720944_ref_NZ_
1 422
1879 3102
4285 4796
6266 6606
7191 8271
9188 9332
10313 10404
11372 12132
15016 15240
18096 19735
21212 21587
23424 25146
26115 27150
27876 28799
29249 29741
30846 34171
36352 37331
37622 40771
Burkholderia_pseudomallei_gi_512720964_ref_NZ_
1 1290
2209 3108
7081 7491
8700 9344
10622 10707
11938 13024
14735 14997
16198 16533
17265 17419
18158 18732
19450 19627
21129 24732
25637 25982
28475 122438
Burkholderia_pseudomallei_gi_512720932_ref_NZ_
1 1173
Burkholderia_pseudomallei_gi_512720945_ref_NZ_
373 1843
3424 3961
7664 7920
10733 12438
14351 22289
24812 25799
27105 29234
30053 32739
33537 34016
Burkholderia_pseudomallei_gi_512720971_ref_NZ_
1 2465
3092 3436
4811 6276
7574 13727
15591 15987
17370 17709
19011 20008
20525 23132
23844 23990
24566 24891
26177 31021
32463 32792
36480 37003
39159 39690
41250 42130
43263 43358
44388 45579
47850 49210
50326 51961
53081 53418
54267 56774
57483 58225
60814 61998
63283 64062
64630 64792
65349 66372
67489 73017
76405 76757
77955 78303
81862 83708
84372 84791
87415 87582
88965 89391
90032 90947
91576 94548
95215 96212
96717 97217
99656 99986
100708 102389
103750 104202
105972 106072
107154 107396
108394 108464
109112 109420
109930 111454
112061 112429
113975 114191
118362 119577
120732 121156
122475 126086
126588 129222
131572 135059
136005 137495
140285 140672
141075 142419
144091 145272
146027 146994
148832 149469
150993 153838
154565 154785
155856 157839
159368 160808
161679 163984
167408 178187
178555 179066
180244 183194
183903 184690
185792 186233
186875 187626
188411 188849
189648 189777
190162 190458
192061 192311
194610 196567
197312 197501
201731 203413
204239 205651
208104 208498
209012 209747
210303 210642
212635 213554
215694 216099
216767 217271
218764 218886
220051 226202
227792 227853
228367 229981
230860 231741
232164 232336
233754 233905
238782 240258
240837 241082
243118 243214
243765 245627
247488 248783
250526 253150
254770 255528
256507 256891
259694 266727
Burkholderia_pseudomallei_gi_512720937_ref_NZ_
1 1798
Burkholderia_pseudomallei_gi_512720950_ref_NZ_
1 800
1464 3797
6585 6876
7392 9550
11523 11651
11856 12809
14449 19391
20207 20257
21191 21334
21896 25284
26200 27190
27789 28744
29764 31022
33876 42398
43253 43812
45199 47862
48717 50446
51311 51725
53863 59308
60325 62426
63054 73624
74924 77022
77671 77728
79119 79738
81270 81983
83030 83724
84350 85771
88074 88706
91103 91979
92701 94134
97485 98044
98779 98911
100310 101105
103240 104982
106042 110951
112079 114660
115361 116642
118088 118162
119072 119185
119688 123912
125976 128697
129731 130317
131554 132572
133067 134013
134302 134743
135752 136638
137688 137963
139225 143506
144559 148851
149596 151389
152283 152698
154277 155146
156384 159409
159968 160370
162041 162843
165729 169066
169987 174004
174527 174800
175730 180699
180883 181683
182984 183183
183693 183743
184443 186852
187846 187994
189108 192971
193473 193743
194729 200851
201687 202079
203855 207090
209496 212123
214302 214476
216038 216398
217711 222458
223691 223923
224467 228756
230672 230789
231373 231483
232376 234935
235480 235596
236359 236825
237646 237968
238746 239278
Burkholderia_pseudomallei_gi_512720985_ref_NZ_
1 1942
2763 7598
12163 14462
15413 18084
19019 20374
22745 23197
26010 27148
28660 31540
33003 38324
39252 40163
43698 47249
47787 50457
51339 52365
53848 54951
55608 56168
57083 57320
58592 58717
60780 60872
61766 63006
64169 65642
68190 68321
68863 69178
70272 71176
73106 73522
74394 74923
76549 76604
77363 80744
81250 81593
82615 83663
85776 85889
86883 87075
88096 90179
90863 94188
99381 100596
101452 106183
109073 110266
111178 111691
113385 113933
114988 115040
116325 117567
120045 120143
120744 121060
123646 123705
124568 126114
126809 129349
130087 130481
131046 133055
134633 136076
138209 138331
139311 139716
140742 143213
144627 146202
147241 149327
150081 150132
151049 151331
151463 152196
153066 154074
155933 157356
158058 158344
159559 159951
160545 162986
165994 166109
168084 170621
172731 176644
177634 178843
179739 181848
182552 182947
186009 189232
189737 192370
192930 193952
194368 195895
196860 197634
Burkholderia_pseudomallei_gi_512720980_ref_NZ_
1 1409
Burkholderia_pseudomallei_gi_512720880_ref_NZ_
1 108857
Burkholderia_pseudomallei_gi_512720982_ref_NZ_
1 889
1759 1860
11078 15725
20263 20511
21016 21314
25651 26768
27744 27902
28476 30809
33438 34690
35728 36228
37455 38795
39999 50328
50943 51119
52256 52434
54611 59459
60412 60743
61496 63886
64636 64772
65812 66710
67703 68297
70503 71696
72267 72881
73701 74817
75547 77068
77939 78871
79393 81433
83396 94294
95234 97238
97737 100067
100836 100960
101720 105891
107273 107618
Burkholderia_pseudomallei_gi_512720926_ref_NZ_
1 2700
Burkholderia_pseudomallei_gi_512720888_ref_NZ_
1 241
Burkholderia_pseudomallei_gi_512720928_ref_NZ_
1 34103
34683 36959
38892 39169
40104 42460
43657 44300
45146 45946
48761 52008
53910 55062
Burkholderia_pseudomallei_gi_512720896_ref_NZ_
1 3351
Burkholderia_pseudomallei_gi_512720923_ref_NZ_
1 4876
5586 8171
8856 9461
9966 12665
14244 14678
18636 21751
21983 26312
28359 28497
29793 30387
32212 33935
36649 36843
37391 37688
40217 40481
41024 41760
42925 42992
43513 43842
46631 47207
50443 50511
51415 52587
53450 56293
56816 67258
68385 70708
71526 76898
77860 77992
78900 83667
84196 90423
Burkholderia_pseudomallei_gi_512720874_ref_NZ_
1 468
2170 2389
4609 5448
5992 7463
8011 8488
10402 11383
Burkholderia_pseudomallei_gi_512720959_ref_NZ_
1 1692
2242 4426
4948 6100
6676 6999
7868 10885
12078 12224
14700 14781
16417 18884
19080 19376
20434 20531
20894 20970
21163 24278
24493 24993
25554 25610
27650 28139
30215 30346
Burkholderia_pseudomallei_gi_512720921_ref_NZ_
1 932
Burkholderia_pseudomallei_gi_512720951_ref_NZ_
1 6853
8042 8565
12438 14314
16325 16581
17857 24492
26240 26299
27612 29129
30788 31215
32198 33157
34084 34365
35648 38802
39627 40056
42833 42893
44883 44957
45745 46104
Burkholderia_pseudomallei_gi_512720976_ref_NZ_
1 14818
15484 15634
17297 17757
18830 20637
22068 22130
23574 25145
26178 27676
29250 29691
31555 37193
38953 39405
40112 40567
41618 44097
45275 45732
47381 47809
49567 52860
53648 54407
54961 57297
57920 58586
59919 60265
Burkholderia_pseudomallei_gi_512720897_ref_NZ_
1 559
Burkholderia_pseudomallei_gi_512720962_ref_NZ_
1 743
1608 2606
3150 4122
5211 9012
9636 13037
14171 15218
16060 17631
18609 21286
22265 22483
23681 25182
26668 28420
29490 30075
31243 32193
33107 35156
36025 42461
43066 44037
45279 46517
47425 47602
48365 48577
50340 50834
51532 52081
52757 54088
54678 55938
56550 57968
58924 59186
60670 61288
63000 65333
Burkholderia_pseudomallei_gi_512720936_ref_NZ_
1 2537
5327 5837
6688 6836
7542 15949
16489 17302
18634 19854
20898 22540
23175 24605
26144 28795
31071 31806
32764 32946
34031 34641
35279 35445
36936 37009
38464 41331
41849 43201
43455 46269
46838 48773
49486 49795
50686 50735
52839 53480
54870 56745
57023 57940
58724 59941
62568 64583
65509 66364
67114 69131
72559 73601
75063 75342
76021 76224
77311 81145
82680 83234
85414 88609
89170 91022
92063 97468
98008 98803
100473 100553
101159 101611
102222 105284
106181 107355
Burkholderia_pseudomallei_gi_512720906_ref_NZ_
1 6891
Burkholderia_pseudomallei_gi_512720943_ref_NZ_
1 2338
Burkholderia_pseudomallei_gi_512720968_ref_NZ_
1 2984
3184 3749
5447 5717
6603 10486
11029 12832
13035 13296
15910 16100
18499 18576
19589 21569
24611 27168
27757 29982
31189 32409
32938 33854
34991 35448
36876 37120
37993 38107
38671 39112
43008 43663
44318 44678
45798 46587
49723 52714
54389 54440
55889 56779
58286 58788
59594 61112
64542 68404
69157 69601
71960 72350
72919 75198
76861 113275
114002 114823
115685 116137
117236 120091
122750 125109
125863 128258
Burkholderia_pseudomallei_gi_512720893_ref_NZ_
1 7773
Burkholderia_pseudomallei_gi_512720905_ref_NZ_
1 787
Burkholderia_pseudomallei_gi_512720900_ref_NZ_
1 4427
Burkholderia_pseudomallei_gi_512720941_ref_NZ_
1 1183
2153 6381
7443 8803
10571 11103
11804 11874
12560 13348
13938 15757
16374 19501
21246 21356
22186 22429
22569 22680
23914 24923
26935 28009
28600 28680
29270 32862
33560 33852
34826 35219
37362 37562
38239 38578
40661 42554
43258 44754
46260 48804
49511 51572
52143 55079
55698 56853
57388 57785
59152 60856
63888 73535
74215 75399
77601 79255
80680 80994
83056 84092
84337 85290
86296 86585
87199 89141
90162 91127
92312 93583
94163 96353
97632 97689
98196 98646
99236 100257
101440 101630
101918 113393
115061 116262
119316 123481
124413 124753
125558 127852
129159 129713
130358 130427
130933 131065
131586 132358
132916 133630
137398 140777
143853 144406
145221 145768
147520 147778
148504 149777
Burkholderia_pseudomallei_gi_512720972_ref_NZ_
1 3127
4931 6588
7790 8390
10108 10166
10750 12109
12783 15316
15819 15943
17247 19677
20510 20669
22286 23213
23764 24552
24953 26299
26876 27249
27768 28972
29737 30173
33527 34012
35126 35408
37044 38145
38968 39035
41048 41995
42774 43110
45067 45859
46766 47664
49079 49317
50295 52265
53703 55159
55809 55863
56445 56687
57455 58167
59594 62678
63477 65499
66225 72340
73481 74062
75254 75850
80066 80558
81278 82989
84671 87994
89376 94108
95764 97734
100229 110286
Burkholderia_pseudomallei_gi_512720916_ref_NZ_
624 716
Burkholderia_pseudomallei_gi_512720901_ref_NZ_
1 648
Burkholderia_pseudomallei_gi_512720914_ref_NZ_
1 2134
Burkholderia_pseudomallei_gi_512720911_ref_NZ_
1 13291
Burkholderia_pseudomallei_gi_512720881_ref_NZ_
1 356
1140 2708
5280 5923
6429 8694
9642 12640
13180 18548
19421 20287
21187 24319
24845 26328
26949 32482
33920 34056
34843 35539
36149 42498
Burkholderia_pseudomallei_gi_512720889_ref_NZ_
1 17937
Burkholderia_pseudomallei_gi_512720883_ref_NZ_
1 9289
9886 11664
12716 13153
13668 14064
15461 16334
17799 18314
20105 21586
22699 24260
24993 25089
27215 29248
29924 30013
30650 31521
33055 33372
34520 34823
35968 39700
41068 41328
43934 44228
44902 48659
49346 49552
50722 50931
53616 55265
56992 57294
57890 58082
59794 64511
66635 66840
67758 67835
68791 69381
69704 70247
71668 74859
76370 77047
78020 78532
79088 79239
79773 80326
81095 98779
100103 100452
101020 102915
106198 106327
107070 107438
108157 110288
110909 111013
112894 113425
114598 114970
115532 115872
Burkholderia_pseudomallei_gi_512720873_ref_NZ_
1 349
Burkholderia_pseudomallei_gi_512720955_ref_NZ_
1 621
Burkholderia_pseudomallei_gi_512720934_ref_NZ_
1 1779
4722 4907
5600 6137
7664 8166
11059 11343
12127 12465
12560 12800
14604 14717
15564 15751
17374 18274
18893 21434
22594 22991
24321 26672
27823 27935
28702 28820
31486 32547
35161 35738
36487 36662
38945 41389
42441 43096
44228 46223
47181 47403
48121 48186
48933 51596
52631 53258
53882 54545
55332 56118
57882 58040
58561 62063
64637 64814
65906 66054
67654 68441
69133 70166
70500 71606
Burkholderia_pseudomallei_gi_512720879_ref_NZ_
1 1436
Burkholderia_pseudomallei_gi_512720899_ref_NZ_
1 1684
Burkholderia_pseudomallei_gi_512720978_ref_NZ_
1 374
2583 5139
5948 6144
6918 11989
12535 12695
13254 13598
Burkholderia_pseudomallei_gi_512720953_ref_NZ_
1 19674
Burkholderia_pseudomallei_gi_512720974_ref_NZ_
1 4741
9248 9606
11801 11912
12764 13170
14847 14927
16918 126376
127669 128691
130270 130658
133200 133603
137835 139865
140631 142251
142918 143710
144259 144703
145319 145785
148571 150680
151752 155011
155811 158630
164720 165919
166922 172488
175074 175785
180471 180595
181120 181900
183162 183515
188999 189223
189781 193340
194057 198748
199714 200022
200858 201493
202410 203327
203990 204472
205094 205495
207187 208775
209696 211231
214078 214894
217208 217932
219092 219818
220588 221602
223615 227309
227841 227987
230833 231138
232902 233200
234561 315113
315934 316643
317171 317265
318013 321922
322516 324924
325098 326407
327054 329735
330384 333095
334295 337734
340566 342433
345061 345681
348713 354097
Burkholderia_pseudomallei_gi_512720958_ref_NZ_
1 1246
3000 7625
11321 13109
15088 18293
20165 21528
24858 25871
28317 29241
29845 30351
32152 32340
34921 35106
36249 37037
38249 38424
39108 39617
Burkholderia_pseudomallei_gi_512720948_ref_NZ_
1 4228
4874 5120
13851 17561
18851 20595
21200 32105
33031 33165
33776 34513
36698 37245
37816 39889
42126 46171
47733 49475
52040 52938
53720 53824
56030 56231
57198 63450
64063 64125
64874 66470
68517 69870
71745 72643
73311 75590
77645 78517
79329 84304
85071 85864
86868 87203
88648 88846
90034 100151
Burkholderia_pseudomallei_gi_512720910_ref_NZ_
1 1408
Burkholderia_pseudomallei_gi_512720960_ref_NZ_
1 2303
3343 7398
8826 10108
10819 18985
20067 21021
22442 23413
23996 24287
25571 26484
27619 28262
28583 33105
Burkholderia_pseudomallei_gi_512720890_ref_NZ_
1 858
Burkholderia_pseudomallei_gi_512720942_ref_NZ_
1 571
1518 3321
4320 6370
7406 7464
8691 10857
12014 15832
16474 16582
18496 20496
21118 21303
26154 26238
26740 27150
28040 28266
29092 30085
30958 31142
31735 32585
33946 53418
55299 56693
56965 57590
58160 59635
60358 60736
63811 63948
64704 65068
65750 67878
68501 68837
69444 72179
75157 75940
76943 77220
79485 80822
81004 81523
83607 85063
85854 91840
94708 101177
101819 103160
104877 106638
107835 108212
109462 113490
114399 115576
115904 116171
117912 118434
119861 120976
122369 123441
124183 126090
126596 126653
127446 128550
129352 129607
131217 133963
134721 136785
137596 137811
139166 140433
141115 141491
141733 142160
145834 147155
148871 149016
150208 152736
153912 154239
154881 155048
155913 157469
159637 161201
163508 163708
164544 175239
Burkholderia_pseudomallei_gi_512720898_ref_NZ_
1 560
Burkholderia_pseudomallei_gi_512720935_ref_NZ_
1 9040
12520 13478
14533 14622
16585 16655
17198 17429
18534 19455
20283 25915
28320 29465
30004 32379
33480 33628
35149 36062
37009 37265
37874 38910
40914 41272
42422 43879
46576 46812
48017 48410
48692 51073
52223 68286
69021 69457
70967 75550
76177 76241
76769 80785
81311 82659
83317 88071
89628 93463
94470 106357
107337 107813
108398 109333
109740 110187
110794 112647
113200 113840
115857 116900
117876 118037
118577 118820
120795 122072
123486 124283
127721 133177
135273 135814
138427 144007
144629 145941
146662 149104
149401 149957
150967 152361
154428 155389
156045 156742
157598 159570
162410 164309
165337 170422
171288 171485
173692 174152
177272 179777
180938 182154
182675 183903
185546 188699
189211 190097
191863 192684
193476 195202
196007 196160
198229 200158
201578 201831
202596 204999
205633 208655
209227 210201
211049 211336
213193 213540
215051 215278
216636 216916
222449 226932
227603 228458
229906 231033
231592 231961
232464 237160
237808 238324
239094 239746
240303 240791
241616 255046
256051 256259
257152 257212
257802 258431
258938 260411
261560 263647
266745 267794
268614 268975
270808 271139
272993 273184
273699 273854
276307 278270
283426 285459
286494 288699
290032 291834
291989 293185
293703 295025
298174 299043
300041 303108
303643 304617
306253 307134
307571 308124
308632 309380
311015 311388
312411 312531
313456 315440
316435 319976
320391 320622
321679 321886
322422 322897
325283 325386
326613 329366
332469 332539
333465 335191
336747 336945
337548 337774
338807 344025
344984 345693
347966 348251
348852 349201
349866 350365
352324 353168
353851 354472
Burkholderia_pseudomallei_gi_512720963_ref_NZ_
1 1854
3342 4831
6453 6823
7881 10511
Burkholderia_pseudomallei_gi_512720885_ref_NZ_
1 3951
Burkholderia_pseudomallei_gi_512720966_ref_NZ_
1 17425
Burkholderia_pseudomallei_gi_512720983_ref_NZ_
1 2105
2985 7187
7691 9277
9887 11377
12100 17360
17589 17690
18242 18354
19388 19499
21453 22675
23466 24232
26751 30198
30721 32462
33164 34868
35449 36842
37365 37916
39870 40098
42498 42788
44830 45705
46217 46432
46939 47214
49620 51101
51788 56062
56861 57033
57753 57948
58692 58836
62315 62705
63532 99135
99700 106348
107248 107332
107933 110223
111925 203337
Burkholderia_pseudomallei_gi_512720979_ref_NZ_
1 20556
21685 22823
23767 24046
24751 27067
28693 29897
32800 35443
35630 35820
36541 36753
36953 37901
38790 39708
42504 44426
45168 49628
52236 52481
55422 56071
57836 57986
59365 60331
61258 62062
65170 68082
69311 71494
72620 76094
Burkholderia_pseudomallei_gi_512720908_ref_NZ_
1 1303
Burkholderia_pseudomallei_gi_512720987_ref_NZ_
1 4804
5406 6715
7564 7752
8963 9964
11054 12788
13334 13988
14588 19614
21728 23480
24514 24727
25434 26153
27477 28379
29494 29723
31484 31833
32451 32704
34300 34833
35995 36355
37099 38009
39494 40161
40438 43235
43861 44294
44833 46508
48243 49322
50243 51755
52682 53506
54134 59575
60342 60858
61766 61905
62117 62816
63454 65438
66032 68156
68664 72224
72728 73249
74669 75539
77330 78203
Burkholderia_pseudomallei_gi_512720967_ref_NZ_
1 2026
2547 3102
4949 5199
5319 8421
8941 11775
13592 13927
15044 16738
18874 20006
21038 32521
34409 35102
37764 38336
40145 40209
42555 42611
45485 47470
48100 53418
54027 54520
55633 55685
57030 58820
60292 64035
65308 69004
71447 72479
73435 75009
76226 76552
77121 78222
78950 80995
82654 83571
87622 91934
93410 95069
95702 95861
96421 97626
98633 98756
99678 99922
100899 101266
102600 106971
108534 108730
109830 110830
112982 115658
116043 119127
119964 120633
122627 123162
124240 125410
126649 130668
132092 133194
133821 134872
138446 138589
141654 142339
144367 145903
146643 146721
147581 148664
149998 157910
158499 159395
162093 162318
163257 164624
164991 166035
167350 167866
170062 173131
174297 176105
177889 178676
179227 179939
181180 182714
183736 185948
186218 187250
187885 187948
189774 192457
193208 193413
194048 195663
196205 198243
200568 204828
205378 205445
206487 206703
207702 208479
209813 212247
213405 214891
215599 216216
216924 217416
218885 219142
219654 225749
Burkholderia_pseudomallei_gi_512720909_ref_NZ_
1 54679
Burkholderia_pseudomallei_gi_512720903_ref_NZ_
1 622
Burkholderia_pseudomallei_gi_512720884_ref_NZ_
1 981
Burkholderia_pseudomallei_gi_512720895_ref_NZ_
1 315
Burkholderia_pseudomallei_gi_512720954_ref_NZ_
1 59186
Burkholderia_pseudomallei_gi_512720912_ref_NZ_
1 3001
4065 4950
5504 5691
6222 6303
7036 7753
8487 9392
12610 14005
15926 17194
17785 18327
19455 19611
20309 69205
71958 74671
75514 76423
78138 78299
78850 82852
84185 84735
85465 92805
93512 95306
Burkholderia_pseudomallei_gi_512720931_ref_NZ_
1 123
942 3966
4753 5836
7034 8028
9314 10338
13817 17414
19078 19510
19802 22098
22306 22356
23345 24050
24825 24994
29162 32114
33161 34739
35815 37194
38141 42590
43138 43304
44284 44637
45706 46028
46551 47087
47879 49608
49975 50603
51909 53321
54143 57505
59585 61233
64986 65465
66974 67194
67801 68440
69388 69586
72230 72362
73430 73755
75693 76038
76977 77710
78737 81567
83041 83971
84925 88297
89555 91240
92478 92646
95415 95816
95926 100332
101161 101224
103229 104340
104944 105667
Burkholderia_pseudomallei_gi_512720933_ref_NZ_
1 2441
4442 4493
Burkholderia_pseudomallei_gi_512720956_ref_NZ_
1 346
1156 1878
2689 3036
4336 5065
6958 7392
8870 10025
11379 16970
17819 20348
21692 21757
22509 22697
23777 24143
24861 27069
27524 27676
28311 40760
42205 42910
43921 44006
44634 45194
48398 49760
51530 51701
52756 52839
54626 54970
55631 55898
57008 58018
59352 60119
61421 70596
71252 105494
107204 107743
108318 181006
Burkholderia_pseudomallei_gi_512720907_ref_NZ_
1 1217
Burkholderia_pseudomallei_gi_512720894_ref_NZ_
1 857
Burkholderia_pseudomallei_gi_512720875_ref_NZ_
1 2028
Burkholderia_pseudomallei_gi_512720924_ref_NZ_
1 11255
12023 12274
12761 15840
16489 16757
17959 18906
20296 24462
25236 26135
29746 29954
30958 31068
31736 32972
33491 35911
36645 36885
37174 37278
38000 38452
40278 41502
43759 44667
45526 46281
47089 49010
49573 50062
51401 54304
55069 55572
57706 58412
60159 62511
Burkholderia_pseudomallei_gi_512720947_ref_NZ_
1 2024
Burkholderia_pseudomallei_gi_512720984_ref_NZ_
1 5860
