Burkholderia_pseudomallei_gi_512720970_ref_NZ_
1 11581
12097 12699
13337 14541
15520 16303
Burkholderia_pseudomallei_gi_512720939_ref_NZ_
1 102195
Burkholderia_pseudomallei_gi_512720913_ref_NZ_
1 2277
Burkholderia_pseudomallei_gi_512720918_ref_NZ_
1 1832
Burkholderia_pseudomallei_gi_512720922_ref_NZ_
1 1636
Burkholderia_pseudomallei_gi_512720949_ref_NZ_
1 1780
Burkholderia_pseudomallei_gi_512720920_ref_NZ_
1 1499
Burkholderia_pseudomallei_gi_512720957_ref_NZ_
1 16092
16616 17460
18082 37174
37997 38642
39244 71158
Burkholderia_pseudomallei_gi_512720902_ref_NZ_
1 2106
Burkholderia_pseudomallei_gi_512720986_ref_NZ_
1 5467
Burkholderia_pseudomallei_gi_512720946_ref_NZ_
1 27451
28001 35962
36561 42507
43112 49456
50094 69253
69929 70732
71419 72111
72861 80500
81002 91926
92443 107404
108034 109250
109988 130552
131147 132674
133235 147734
148249 148940
149559 163442
Burkholderia_pseudomallei_gi_512720919_ref_NZ_
1 8634
9172 10804
11307 19620
20195 25035
25657 26224
26990 51780
52332 57689
58338 61647
62187 64622
65213 68683
69272 75354
75863 108968
109476 111970
112509 112854
113448 114206
114757 127771
128384 132187
132783 139622
Burkholderia_pseudomallei_gi_512720965_ref_NZ_
1 1921
Burkholderia_pseudomallei_gi_512720925_ref_NZ_
1 56527
57068 62730
63247 66599
67180 81613
82307 95268
95859 96721
97248 104787
105310 108280
108834 150510
151138 176037
176604 190623
191157 199465
200397 216108
216835 240394
240962 247298
247813 257716
258273 269737
270402 280370
280929 288671
289717 291081
291641 297604
298365 329161
329725 350175
350777 354823
355408 358394
358953 362489
Burkholderia_pseudomallei_gi_512720877_ref_NZ_
1 2927
3511 23269
23948 70967
71623 78349
78937 95881
96565 104417
Burkholderia_pseudomallei_gi_512720973_ref_NZ_
1 38997
39515 43047
43619 44712
45435 51660
52205 56541
57126 62098
62900 89989
90559 106333
106928 107816
108405 124485
125133 126428
127143 137735
138303 141740
142380 181356
181951 188164
188670 195501
196112 203712
204253 219306
220011 221932
222619 223154
Burkholderia_pseudomallei_gi_512720878_ref_NZ_
1 10849
11357 56980
57589 75705
Burkholderia_pseudomallei_gi_512720981_ref_NZ_
1 57726
Burkholderia_pseudomallei_gi_512720917_ref_NZ_
1 1185
Burkholderia_pseudomallei_gi_512720882_ref_NZ_
1 3689
4426 15111
Burkholderia_pseudomallei_gi_512720938_ref_NZ_
1606 6024
6560 11668
12335 14170
14739 27102
27927 32808
33591 60920
61451 70457
71041 77598
78252 79009
79591 95017
95602 109062
109565 111589
112320 119322
119843 129525
130032 169129
169674 171690
172327 209674
210245 215011
215543 216500
217128 219810
220466 226330
Burkholderia_pseudomallei_gi_512720975_ref_NZ_
1 28727
29498 36799
37413 46424
46973 50054
Burkholderia_pseudomallei_gi_512720915_ref_NZ_
1 15372
Burkholderia_pseudomallei_gi_512720940_ref_NZ_
1 5072
5604 6704
7217 42486
43135 52520
53236 60852
61403 64809
65363 67960
68573 74061
74599 124585
125088 130217
130755 164618
165321 165986
166639 168318
168855 200992
201620 206406
207185 207710
208269 211203
211708 215361
215965 220988
Burkholderia_pseudomallei_gi_512720961_ref_NZ_
1 49861
50548 54159
55312 60615
61340 65778
66392 93369
94370 99172
99726 113930
114482 125764
126276 128713
129433 130498
131037 163514
164198 424293
424824 436018
436582 441497
Burkholderia_pseudomallei_gi_512720929_ref_NZ_
1 5637
6163 8152
8682 18378
18902 33534
34104 34678
35201 36489
37087 70807
71319 79813
80378 87038
87722 89141
89698 89824
90438 107735
108297 108549
109102 117922
118491 126328
126851 127493
127994 164958
Burkholderia_pseudomallei_gi_512720977_ref_NZ_
1 1385
Burkholderia_pseudomallei_gi_512720876_ref_NZ_
1 5225
5734 12614
13140 14541
Burkholderia_pseudomallei_gi_512720952_ref_NZ_
1 2186
2849 7569
8114 9775
10390 26070
26780 32452
33020 35505
36154 44548
45086 46009
46553 50672
51254 53374
53909 59517
60097 64997
65575 91705
Burkholderia_pseudomallei_gi_512720904_ref_NZ_
1 17562
Burkholderia_pseudomallei_gi_512720892_ref_NZ_
1 234
Burkholderia_pseudomallei_gi_512720886_ref_NZ_
1 280
Burkholderia_pseudomallei_gi_512720969_ref_NZ_
1 1306
Burkholderia_pseudomallei_gi_512720927_ref_NZ_
1 12774
13408 17571
18183 25039
Burkholderia_pseudomallei_gi_512720891_ref_NZ_
1 36927
Burkholderia_pseudomallei_gi_512720887_ref_NZ_
1 313
Burkholderia_pseudomallei_gi_512720930_ref_NZ_
1 3494
4051 11334
Burkholderia_pseudomallei_gi_512720944_ref_NZ_
1 918
1558 12450
13015 22384
23048 40771
Burkholderia_pseudomallei_gi_512720964_ref_NZ_
1 15023
15680 22633
23221 25040
25542 29075
29733 122438
Burkholderia_pseudomallei_gi_512720932_ref_NZ_
1 1173
Burkholderia_pseudomallei_gi_512720945_ref_NZ_
1 4614
5309 14827
15372 22322
23004 23361
23946 31315
31952 34016
Burkholderia_pseudomallei_gi_512720971_ref_NZ_
1 3724
4329 13820
14412 32793
33953 34759
35489 37162
37725 37975
38546 49300
49804 67902
68409 79070
79607 84882
85464 87588
88135 97236
98009 106172
106858 122629
123150 125093
125677 129283
129819 132831
133508 136605
137458 141566
142081 147473
148067 149470
150035 192921
193616 197773
198385 203547
204182 219360
219893 226299
227080 241159
241705 248039
248594 249324
250159 266727
Burkholderia_pseudomallei_gi_512720937_ref_NZ_
1 1798
Burkholderia_pseudomallei_gi_512720950_ref_NZ_
1 777
1426 19602
20258 32867
33805 39193
39745 57190
57900 70990
71656 89648
90462 119958
120459 123914
124642 130327
130927 136684
137405 140996
141633 155246
155801 163620
164347 182355
182893 208725
209283 213322
214295 223978
224606 235693
236235 237674
238226 239278
Burkholderia_pseudomallei_gi_512720985_ref_NZ_
1 23766
24640 27195
27728 40459
41007 59846
60407 66494
67051 85207
85726 90230
90856 93276
93806 107614
108142 115586
116177 123080
123608 130536
131045 137300
138022 155263
155873 184286
184831 191183
191773 197634
Burkholderia_pseudomallei_gi_512720980_ref_NZ_
1 1409
Burkholderia_pseudomallei_gi_512720880_ref_NZ_
1 108857
Burkholderia_pseudomallei_gi_512720982_ref_NZ_
1 1055
1574 6147
6784 9209
9718 14108
14711 15726
16273 22016
22741 28973
29840 32766
33336 37624
38144 47151
47724 65149
65771 107618
Burkholderia_pseudomallei_gi_512720926_ref_NZ_
1 2700
Burkholderia_pseudomallei_gi_512720888_ref_NZ_
1 241
Burkholderia_pseudomallei_gi_512720928_ref_NZ_
1 38140
38659 44301
44896 55062
Burkholderia_pseudomallei_gi_512720896_ref_NZ_
1 3351
Burkholderia_pseudomallei_gi_512720923_ref_NZ_
1 3945
4550 16844
17403 27046
27843 35525
36218 41872
42401 59933
60447 61200
61705 70694
71244 71635
72169 89548
90063 90423
Burkholderia_pseudomallei_gi_512720874_ref_NZ_
1 3929
4557 8602
9168 11383
Burkholderia_pseudomallei_gi_512720959_ref_NZ_
1 10351
10972 13225
14196 19915
20416 29196
29726 32025
Burkholderia_pseudomallei_gi_512720921_ref_NZ_
1 932
Burkholderia_pseudomallei_gi_512720951_ref_NZ_
1 46104
Burkholderia_pseudomallei_gi_512720976_ref_NZ_
1 53056
53642 60265
Burkholderia_pseudomallei_gi_512720897_ref_NZ_
1 559
Burkholderia_pseudomallei_gi_512720962_ref_NZ_
1 4487
5097 10970
11490 44462
45062 49235
49755 59785
60544 65333
Burkholderia_pseudomallei_gi_512720936_ref_NZ_
1 11926
12583 17879
18492 29279
29896 33225
34016 34670
35234 73579
74128 107355
Burkholderia_pseudomallei_gi_512720906_ref_NZ_
1 6891
Burkholderia_pseudomallei_gi_512720943_ref_NZ_
1 2338
Burkholderia_pseudomallei_gi_512720968_ref_NZ_
1 4252
4761 7605
8166 17813
18477 25701
26718 36015
36760 39126
40148 41910
42436 56095
56753 115133
115654 116174
116802 118013
118745 120303
120832 128258
Burkholderia_pseudomallei_gi_512720893_ref_NZ_
1 7773
Burkholderia_pseudomallei_gi_512720905_ref_NZ_
1 787
Burkholderia_pseudomallei_gi_512720900_ref_NZ_
1 4427
Burkholderia_pseudomallei_gi_512720941_ref_NZ_
1 3130
3692 6629
7254 15845
16352 25904
26427 32098
32626 32869
33589 36182
36706 48940
49539 50730
51239 54224
54744 75736
76371 81961
82665 85738
86295 91573
92220 111449
112138 114080
114609 119851
120417 133756
134387 138768
139378 140873
141407 145990
146495 149777
Burkholderia_pseudomallei_gi_512720972_ref_NZ_
1 3681
4380 20770
21273 30462
31020 31165
31751 50453
50989 56773
57363 62751
63365 70858
71436 77537
78741 79439
80059 110286
Burkholderia_pseudomallei_gi_512720916_ref_NZ_
1 716
Burkholderia_pseudomallei_gi_512720901_ref_NZ_
1 648
Burkholderia_pseudomallei_gi_512720914_ref_NZ_
1 2134
Burkholderia_pseudomallei_gi_512720911_ref_NZ_
1 13291
Burkholderia_pseudomallei_gi_512720881_ref_NZ_
1 7544
8102 36188
36734 42498
Burkholderia_pseudomallei_gi_512720889_ref_NZ_
1 17937
Burkholderia_pseudomallei_gi_512720883_ref_NZ_
1 11758
12275 28189
28879 31630
32149 39737
40242 47902
48464 51811
52502 56301
56891 70837
71549 113496
114034 115872
Burkholderia_pseudomallei_gi_512720873_ref_NZ_
1 349
Burkholderia_pseudomallei_gi_512720955_ref_NZ_
1 621
Burkholderia_pseudomallei_gi_512720934_ref_NZ_
1 320
892 4956
5576 13838
14372 25306
25855 26900
27437 27918
28486 41599
42251 46471
47084 66489
67019 71606
Burkholderia_pseudomallei_gi_512720879_ref_NZ_
1 1436
Burkholderia_pseudomallei_gi_512720899_ref_NZ_
1 1684
Burkholderia_pseudomallei_gi_512720978_ref_NZ_
1 13598
Burkholderia_pseudomallei_gi_512720953_ref_NZ_
1 19674
Burkholderia_pseudomallei_gi_512720974_ref_NZ_
1 13563
14174 132565
133143 133793
134484 158785
159305 160142
160713 161686
162212 162683
163220 163871
164483 176808
178080 178215
178718 179551
180095 182326
182912 185319
185871 196531
197201 211961
212756 215502
216331 217957
218870 225242
225829 231436
232115 234940
235501 235577
236077 346380
347192 354097
Burkholderia_pseudomallei_gi_512720958_ref_NZ_
1 12147
12676 18630
19155 22625
23196 23885
24539 25955
26814 41779
Burkholderia_pseudomallei_gi_512720948_ref_NZ_
1 1354
1869 2870
3621 8938
9463 9823
10324 27208
28045 33817
34322 42388
42976 46583
47122 72070
72678 83442
83953 100151
Burkholderia_pseudomallei_gi_512720910_ref_NZ_
1 1408
Burkholderia_pseudomallei_gi_512720960_ref_NZ_
1 7724
8259 25471
26043 27026
27556 29790
30353 33105
Burkholderia_pseudomallei_gi_512720890_ref_NZ_
1 858
Burkholderia_pseudomallei_gi_512720942_ref_NZ_
1 8136
8721 9058
9720 10921
11461 23291
23857 24984
25520 54390
55082 58160
58674 59700
60236 64115
64627 68929
69454 72222
73117 78689
79235 81603
82292 94124
94707 103205
103926 118459
119121 137597
139059 147212
148093 161291
162142 175239
Burkholderia_pseudomallei_gi_512720898_ref_NZ_
1 560
Burkholderia_pseudomallei_gi_512720935_ref_NZ_
1 8084
8588 17909
18500 41810
42336 88106
89291 93611
94112 100945
101781 119672
120540 130052
130554 130702
131221 137690
138445 151378
151895 174300
174933 186670
187252 190311
190913 200574
201151 204050
204686 218076
219299 219630
220252 226933
227436 228574
229208 255422
255962 256426
256969 275428
276080 295238
295955 337662
338276 351534
352053 354472
Burkholderia_pseudomallei_gi_512720963_ref_NZ_
1 1865
2372 10511
Burkholderia_pseudomallei_gi_512720885_ref_NZ_
1 3951
Burkholderia_pseudomallei_gi_512720966_ref_NZ_
1 17425
Burkholderia_pseudomallei_gi_512720983_ref_NZ_
1 2107
2662 5242
5784 11470
12056 25743
26467 32472
33039 40570
41099 60344
61041 62994
63522 65302
66100 104910
105644 203337
Burkholderia_pseudomallei_gi_512720979_ref_NZ_
1 31211
31748 50262
50892 76094
Burkholderia_pseudomallei_gi_512720908_ref_NZ_
1 1303
Burkholderia_pseudomallei_gi_512720987_ref_NZ_
1 1839
2534 7753
8277 20667
21542 55680
56328 78203
Burkholderia_pseudomallei_gi_512720967_ref_NZ_
1 3136
3695 5526
6085 55760
56361 59207
59770 68465
69008 72420
73069 105506
106013 108738
109495 125777
126325 130678
131301 137218
137761 144802
145454 169358
169907 225749
Burkholderia_pseudomallei_gi_512720909_ref_NZ_
1 54679
Burkholderia_pseudomallei_gi_512720903_ref_NZ_
1 622
Burkholderia_pseudomallei_gi_512720884_ref_NZ_
1 981
Burkholderia_pseudomallei_gi_512720895_ref_NZ_
1 315
Burkholderia_pseudomallei_gi_512720954_ref_NZ_
1 59186
Burkholderia_pseudomallei_gi_512720912_ref_NZ_
1 18405
18950 72412
73619 74629
75526 77070
77613 84844
85464 95306
Burkholderia_pseudomallei_gi_512720931_ref_NZ_
1 12997
13605 20771
21292 37213
37930 66153
66766 69649
70331 74716
75794 81568
82149 84042
84548 90380
90918 98026
98763 100538
101050 104381
104895 105667
Burkholderia_pseudomallei_gi_512720933_ref_NZ_
1 4493
Burkholderia_pseudomallei_gi_512720956_ref_NZ_
1 3714
4358 14389
15232 33700
34535 38816
39458 46688
47189 52075
52716 52893
53797 55042
55609 60305
61083 62491
63085 181006
Burkholderia_pseudomallei_gi_512720907_ref_NZ_
1 1217
Burkholderia_pseudomallei_gi_512720894_ref_NZ_
1 857
Burkholderia_pseudomallei_gi_512720875_ref_NZ_
1 2028
Burkholderia_pseudomallei_gi_512720924_ref_NZ_
1 14890
15546 16969
17718 28407
29182 37393
37978 38542
39360 39485
40184 48143
48849 54289
54974 58778
59506 62511
Burkholderia_pseudomallei_gi_512720947_ref_NZ_
1 2024
Burkholderia_pseudomallei_gi_512720984_ref_NZ_
1 5860
