Burkholderia_pseudomallei_gi_512720970_ref_NZ_
1 1581
2471 8864
9608 10614
12178 12582
13574 14022
15570 16303
Burkholderia_pseudomallei_gi_512720939_ref_NZ_
1 102195
Burkholderia_pseudomallei_gi_512720913_ref_NZ_
1 2277
Burkholderia_pseudomallei_gi_512720918_ref_NZ_
1 1832
Burkholderia_pseudomallei_gi_512720922_ref_NZ_
1 1636
Burkholderia_pseudomallei_gi_512720949_ref_NZ_
1 1780
Burkholderia_pseudomallei_gi_512720920_ref_NZ_
1 1499
Burkholderia_pseudomallei_gi_512720957_ref_NZ_
1 6618
8103 9010
9579 9833
10483 10850
11419 12103
12633 12780
13565 14513
15030 16323
16853 17333
18218 19214
20002 20894
21436 25307
25829 28681
29277 36728
38281 38522
39460 40018
41319 42561
43110 44810
45428 48988
49497 51440
52404 55557
56347 71158
Burkholderia_pseudomallei_gi_512720902_ref_NZ_
1 2106
Burkholderia_pseudomallei_gi_512720986_ref_NZ_
1 5467
Burkholderia_pseudomallei_gi_512720946_ref_NZ_
1 26905
27423 29014
29756 31574
32336 34914
35662 35966
36500 37600
38087 38281
39060 39519
40360 41269
41799 42420
43144 44112
44626 47517
48422 49464
50095 52652
53175 54716
55338 58288
59048 62307
62932 64872
65579 66289
66813 69393
70375 70789
71795 74608
75109 75339
75892 80356
81086 83013
83598 91939
92583 95494
96219 99814
100419 100838
101564 102334
102874 107189
108723 109213
110220 112629
113336 114661
115699 116227
116865 119099
120405 122304
123210 126012
126534 129632
130260 130557
131566 132534
133236 134432
134981 136534
137185 137955
138813 139762
140680 146371
147540 148844
149632 163442
Burkholderia_pseudomallei_gi_512720919_ref_NZ_
1 3566
4093 6483
7162 8637
9190 9431
9943 10598
11623 11994
12602 13767
14459 15942
16476 19429
20252 22976
24195 25920
26991 27073
27781 28537
29071 29709
30953 31336
31877 33449
34151 35655
36161 38048
38738 40255
41046 41854
42503 44302
44887 48823
49361 51779
52333 54595
55760 59981
61189 61737
63116 63488
64214 64549
66519 68604
69293 72300
72863 72990
73951 74041
74647 75357
76352 80000
80583 82326
83097 84098
84926 92488
93112 94677
96179 96634
97290 101481
102032 104709
105779 108108
108748 108997
110345 110764
111454 111784
113780 113911
114855 119832
120383 121746
124025 125113
125735 127449
128342 130472
131188 132165
132927 139622
Burkholderia_pseudomallei_gi_512720965_ref_NZ_
1 1921
Burkholderia_pseudomallei_gi_512720925_ref_NZ_
1 33275
33911 34475
35194 37629
38191 39710
40403 41032
42242 43109
43634 46907
47411 47467
48328 50392
51008 51058
52015 52475
52981 54269
55161 56526
57152 58185
58952 59487
60428 62729
63240 64195
65220 67012
67873 69001
69522 70870
71404 72770
73285 77522
78902 79222
79905 80638
81239 81613
82745 84635
85292 92528
93250 95277
96714 99691
100219 101954
103095 103493
104226 104786
105311 107158
108072 108197
108926 113455
114219 114673
115221 116972
117478 118681
119279 119403
119984 123348
123954 124378
124876 126208
127426 127909
128816 133463
134803 135328
136251 146293
146970 150201
150920 153792
154652 155817
156534 157900
159770 160886
161346 161536
161792 164884
165438 167585
168182 173591
174094 174177
175593 175994
176679 181054
182303 186042
186780 193477
193990 196075
196652 199259
200381 200765
201419 205580
206979 210050
210939 211059
211777 213915
215014 216107
216759 221780
222292 224750
225481 229756
231103 233319
234226 234977
235834 235979
236933 237004
237672 240192
241124 241715
242296 243203
243922 247912
248739 253704
254726 257719
258261 269249
270400 271343
271944 275726
276391 276509
277083 277887
278898 280165
281009 281841
282384 288697
290488 291080
291772 297475
298366 298706
299564 305971
306568 306884
307506 308922
309446 312307
312812 315031
315581 320295
320875 333236
334340 336311
337273 338256
338862 339235
340015 340692
341311 350112
351469 351709
353209 353591
354246 354414
355382 355974
356581 357996
359204 362489
Burkholderia_pseudomallei_gi_512720877_ref_NZ_
1 2942
3464 4747
5520 5719
6516 8711
9281 10095
11110 12547
13228 15156
15757 16710
18474 21224
21811 23205
24069 24814
25585 31869
32632 33226
34254 34515
35498 40595
41324 42317
43758 50861
52102 53701
54392 54882
55385 69411
69920 70552
71618 77701
79028 79402
80061 88570
89314 91187
92492 92636
93182 95926
96566 96717
97407 99823
100324 101880
102638 104417
Burkholderia_pseudomallei_gi_512720973_ref_NZ_
1 27584
28439 30737
31294 38783
40268 44722
45359 49086
49692 51133
52132 53056
53919 56565
57501 58450
58986 62103
62897 67926
68537 71102
71642 72076
73029 73727
74668 79986
80608 82448
84103 89988
90556 92333
92923 98942
100002 101918
102579 103707
104233 104535
105160 105422
106120 106344
107132 107673
108181 111582
112139 114028
114573 117252
117790 124792
125393 126791
127430 127685
128366 128810
130242 131386
131892 132446
132974 144975
145638 149115
150223 155859
157225 157463
158089 162369
163693 168200
168739 171118
171785 173349
173975 177620
178334 180587
181203 181355
182122 183901
184510 186196
186775 188096
189193 189402
189992 190247
190827 192845
193516 193575
194736 195337
196646 199779
200349 202901
203451 205488
206321 207199
207795 208171
208904 219508
220008 220201
220859 221757
222698 223154
Burkholderia_pseudomallei_gi_512720878_ref_NZ_
1 746
1388 11393
12173 16913
17476 17817
18348 19114
19749 20949
21578 27707
28356 38356
38888 40215
41068 41304
42432 52888
54056 56880
57473 59254
59760 62037
62772 62918
63810 64273
64851 65963
66568 75705
Burkholderia_pseudomallei_gi_512720981_ref_NZ_
1 57726
Burkholderia_pseudomallei_gi_512720917_ref_NZ_
1 1185
Burkholderia_pseudomallei_gi_512720882_ref_NZ_
1 3688
4427 7106
7653 9522
10412 15111
Burkholderia_pseudomallei_gi_512720938_ref_NZ_
1 4668
5771 5941
7000 14073
14697 15552
16210 20054
21890 21965
22747 24172
24675 25769
26320 26396
28142 31046
31590 32894
33638 38470
39006 39936
41376 43199
44095 44386
45036 46471
47124 49017
49753 52656
53257 54523
55383 57616
58230 58598
59930 61145
61741 63339
63891 67305
67864 70285
71042 72808
73377 75101
76156 77538
78803 78965
80053 80891
81419 87686
88418 88468
89174 91575
92125 92248
93047 95017
95602 100384
101320 101744
102592 103337
103997 105281
105838 105894
107109 108576
109886 111943
115121 118653
119252 119325
120007 124640
125151 129278
130236 133537
134131 138166
139927 140045
140565 147320
147844 148325
149434 150402
151082 153765
154418 158233
158976 160985
161611 164596
165105 166150
167269 167385
168043 168843
170013 171741
172426 173214
173822 176244
176762 184746
185250 186306
186809 187540
188474 190374
190993 191341
192889 196225
197024 197074
197970 199442
199946 200181
201078 201417
202840 203024
203686 205452
206477 208268
209546 209673
210708 212089
212651 213624
214421 215240
215818 216507
217129 217535
218251 220680
221229 223892
224483 226330
Burkholderia_pseudomallei_gi_512720975_ref_NZ_
1 24143
24653 26762
27359 28172
29783 30469
31096 33216
33832 36798
37493 38263
39107 40486
41325 43003
43953 44537
45378 45451
45981 46308
47299 50054
Burkholderia_pseudomallei_gi_512720915_ref_NZ_
1 15372
Burkholderia_pseudomallei_gi_512720940_ref_NZ_
1 3014
3567 4948
7136 9968
10498 10987
11677 17762
18561 18925
19701 19759
20282 21872
22385 22486
23051 24207
24993 27340
28531 31047
32187 33919
35377 36879
37517 42418
43286 44675
45407 47653
48633 52519
53590 55834
56394 56661
58203 60792
62004 63952
64632 66495
67163 67586
68520 68572
69344 73641
75272 75954
76509 76930
77565 99965
100477 103177
103696 106036
106979 108626
109158 110845
111355 116752
117823 121448
122424 122740
123551 123871
125715 126576
127368 128567
129281 130125
130761 131147
132099 133799
134502 134592
135133 136677
137751 141016
142353 146401
147138 147798
149108 149870
150641 152296
152880 153671
154294 156139
156944 158034
159160 159527
160169 161065
161593 162329
162837 163367
165524 165695
167118 168211
169090 169409
169916 172057
172659 174700
175850 176909
177632 179916
180708 183201
184966 185692
186244 195158
195707 197833
198753 198870
200197 200853
201608 203902
204541 205575
207186 210216
210965 211143
211868 212225
212949 213998
214631 217402
217930 220988
Burkholderia_pseudomallei_gi_512720961_ref_NZ_
1 4840
5592 46384
47022 50954
51531 52039
52865 54048
55296 58463
60353 60645
61724 62466
63786 64447
65550 65762
66362 69075
69581 70755
71278 76121
77051 84466
85179 86090
86931 88187
88739 90065
90737 91691
94557 98317
99749 100485
102401 111990
112616 113144
114336 117506
118071 122945
123910 124122
124860 125595
126679 128517
130063 130508
131097 135546
136590 136668
137822 139233
139828 140477
141104 143002
143555 147402
148104 153102
153945 161189
161953 163008
164186 166249
167153 179405
180075 182953
183578 183700
184293 184509
185488 187097
188153 190193
190908 193687
194859 204832
205716 206609
207202 210765
211578 211689
212274 214417
215425 217149
217785 218036
218594 219604
221228 224129
226492 229826
230505 389755
390454 391451
391948 392090
392773 393290
393902 394336
395246 395988
396572 403905
404818 408229
408795 409560
410802 413029
413530 413905
414985 415206
416092 416302
416855 416976
417464 423386
424019 424393
425924 428252
429238 430992
431629 432800
433310 435354
436583 441497
Burkholderia_pseudomallei_gi_512720929_ref_NZ_
1 1984
2605 7754
8683 9633
11731 15431
16720 18397
18998 19916
20508 20648
21160 23491
24024 24370
25032 26226
26733 29053
29622 33341
34467 36447
37078 41199
43106 43651
45187 52046
52763 53076
54030 56188
57593 58311
58893 64498
65109 65185
65719 65858
66831 69324
70389 70455
71295 71887
72452 78293
79019 79280
79802 81001
82545 84250
84754 87166
88187 88637
89259 89843
90439 91013
91630 100320
100853 103313
103920 105124
105866 107734
109334 113288
114031 116197
116796 117921
118636 122768
123487 125589
126882 127498
128917 129145
129816 130876
132271 133652
134262 138600
139162 141264
141946 142124
143916 164958
Burkholderia_pseudomallei_gi_512720977_ref_NZ_
1 1385
Burkholderia_pseudomallei_gi_512720876_ref_NZ_
1 84
764 6848
7595 8156
8923 10325
10944 14541
Burkholderia_pseudomallei_gi_512720952_ref_NZ_
1 2171
2850 3514
4098 4543
5214 5661
6792 7572
8130 10383
11094 12435
12974 16206
16784 18176
19331 20159
21033 21292
21998 23611
24466 25801
27736 32109
33375 35157
35917 37448
38449 39716
41416 43418
43963 44417
45118 46046
46580 47423
48058 48144
48873 49031
49693 50343
51255 53096
54013 54830
55364 56108
56676 57333
58019 58871
60023 60219
61140 62285
62958 64996
65669 72293
72807 73006
74433 74853
75428 79012
80529 82478
84841 85464
86247 87386
87904 88192
88868 91705
Burkholderia_pseudomallei_gi_512720904_ref_NZ_
1 17562
Burkholderia_pseudomallei_gi_512720892_ref_NZ_
1 234
Burkholderia_pseudomallei_gi_512720886_ref_NZ_
1 280
Burkholderia_pseudomallei_gi_512720969_ref_NZ_
1 1306
Burkholderia_pseudomallei_gi_512720927_ref_NZ_
1 346
1351 4727
5547 6116
6761 6971
8511 8936
9554 9968
10783 15127
15914 17370
18337 18527
20257 21145
22688 25039
Burkholderia_pseudomallei_gi_512720891_ref_NZ_
1 36927
Burkholderia_pseudomallei_gi_512720887_ref_NZ_
1 313
Burkholderia_pseudomallei_gi_512720930_ref_NZ_
1 4804
5727 7355
8236 11334
Burkholderia_pseudomallei_gi_512720944_ref_NZ_
1 870
1470 1917
2634 3549
4176 6630
7143 8673
9188 10410
10967 11508
12151 12422
13919 15626
16364 17097
18017 19783
20527 22383
23258 24849
25598 33158
33921 37681
38742 40771
Burkholderia_pseudomallei_gi_512720964_ref_NZ_
1 1488
2209 3702
5520 5738
6282 10707
11443 13077
13597 14906
15692 22637
24435 25048
25683 26009
26818 27299
28062 29117
29846 122438
Burkholderia_pseudomallei_gi_512720932_ref_NZ_
1 1173
Burkholderia_pseudomallei_gi_512720945_ref_NZ_
1 632
1173 4610
5294 5827
6742 11171
12050 12924
13531 13709
14315 15649
16206 23349
23922 27554
28138 31314
31977 34016
Burkholderia_pseudomallei_gi_512720971_ref_NZ_
1 1511
2218 3557
4404 6954
8344 13732
14267 14537
15774 15998
16510 21643
22196 24920
26165 31216
32425 32792
35489 37968
39423 39948
40698 42062
43322 44857
45439 45616
46253 47167
47860 48159
48812 49282
49785 52083
52904 56747
57267 62369
62891 66372
67113 67732
68410 70111
70643 73122
73854 74578
76397 78992
80001 82270
83239 87637
88663 90947
91483 91794
92389 95188
96050 97152
98011 98096
98598 100480
101193 104453
104968 106122
106859 107352
107886 108441
109040 112446
113871 114089
115961 116548
117168 118261
118765 119595
120808 121392
122589 123136
123677 125101
126647 126790
127612 128500
129155 133891
134571 135398
135959 136027
137459 137511
138791 141509
142082 142419
142952 148937
150826 153029
154344 154788
155525 161076
161661 161931
162514 164718
165481 165744
167377 179577
180221 184086
184678 188763
189738 192398
193564 194803
195638 197546
198357 198698
199714 200451
201040 203469
204179 211250
211819 213554
214156 214289
214883 217271
218326 219363
219973 226218
227079 227196
227813 232782
233529 235527
236034 241164
241828 241934
242832 248068
248593 248797
250444 253276
253803 255460
256488 257003
258060 266727
Burkholderia_pseudomallei_gi_512720937_ref_NZ_
1 1798
Burkholderia_pseudomallei_gi_512720950_ref_NZ_
1 4057
4834 5969
6604 6876
7443 8314
8874 9068
10495 10894
11601 12869
13669 13767
14521 14749
15684 16693
17827 19601
20255 21368
21910 25364
26124 28600
29104 32866
33450 39217
39735 41775
42393 42560
43170 44507
46160 50650
51328 51725
53143 55767
56270 57090
57926 59414
59918 60634
61423 65963
66816 74002
74834 75344
76524 77011
77611 78262
79097 80286
81078 81289
81941 85783
86780 89650
90426 92684
93189 94237
95923 99155
99706 101255
102523 104985
105549 107083
107629 110948
111573 113113
113635 116643
117184 119979
120866 123055
124417 125106
125913 127901
128536 132489
133039 134223
134737 135969
136486 136690
137469 137908
139161 141014
141607 143737
144258 149777
150333 152611
153327 153914
154557 155190
155802 160976
161499 163238
165177 168959
169935 172926
173582 182027
182885 189208
189711 193747
194697 195296
195916 196366
197100 198461
199425 199753
201421 204478
205010 205080
205644 208752
209262 210033
210857 211828
212952 213336
214033 214405
215423 216959
217503 219734
220449 222368
223280 226923
228422 231494
232347 236231
236797 237719
238734 239278
Burkholderia_pseudomallei_gi_512720985_ref_NZ_
1 167
1021 5021
5704 7420
8080 8894
9979 11256
12243 20239
22080 23242
24569 24642
25274 27208
27726 28823
29379 38395
38906 40275
41211 41524
42162 50504
51335 52998
53616 58121
58812 58961
59575 59654
60389 66431
67360 69374
70272 72142
72646 74040
74841 81946
82584 83622
84181 85107
85776 87367
88077 90068
91070 92107
92693 92908
94000 94291
95121 95197
96273 96744
97643 98611
99335 100625
101149 103268
104039 107617
108243 111736
113342 114207
114967 115054
115965 122846
123629 124015
124541 124896
125633 126119
126817 127311
128067 128934
129450 130535
131046 133980
134576 136059
136703 137299
137928 138331
139104 140214
140729 141500
142164 147199
147937 150077
150704 152439
153202 155020
155873 156302
156833 163047
163977 166454
167374 167884
168619 169777
170454 170556
171953 172286
172968 173136
173664 176675
177464 178168
178784 182943
183596 183660
184961 186282
186904 186998
187550 195119
195681 195853
196905 197634
Burkholderia_pseudomallei_gi_512720980_ref_NZ_
1 1409
Burkholderia_pseudomallei_gi_512720880_ref_NZ_
1 108857
Burkholderia_pseudomallei_gi_512720982_ref_NZ_
1 1054
1692 2015
2977 3822
4749 4976
5617 9154
10521 12103
12839 14107
14798 15131
16425 16623
17515 18263
18907 21878
23507 24595
25144 29008
29884 30822
31401 31712
33262 34753
35689 39415
40013 41873
44803 45294
45888 46116
47403 50229
50907 54010
54982 59534
60367 60807
61358 62935
63946 64953
65771 66361
67432 69000
70415 76403
76977 80427
81236 81921
82445 86929
87853 88539
89270 107618
Burkholderia_pseudomallei_gi_512720926_ref_NZ_
1 2700
Burkholderia_pseudomallei_gi_512720888_ref_NZ_
1 241
Burkholderia_pseudomallei_gi_512720928_ref_NZ_
1 32412
33072 37212
37893 38120
38892 42460
43578 44300
44897 45528
46208 47032
47638 53121
53847 55062
Burkholderia_pseudomallei_gi_512720896_ref_NZ_
1 3351
Burkholderia_pseudomallei_gi_512720923_ref_NZ_
1 3939
4838 5004
5537 8274
8808 12771
13650 15905
16572 17384
18000 21882
22438 26379
26995 27045
27615 35218
36821 39291
39845 41633
42484 44081
46380 46563
47064 47176
48036 51157
51704 52644
53426 56294
56812 57935
58520 59661
60479 61155
62123 68896
69458 70714
71514 72360
73690 76045
76609 78163
78877 80293
80932 83667
84171 86686
87436 88601
89369 90423
Burkholderia_pseudomallei_gi_512720874_ref_NZ_
1 2773
4558 5171
5992 7507
8190 8473
9128 11383
Burkholderia_pseudomallei_gi_512720959_ref_NZ_
1 1941
2600 7012
7556 8132
9044 10350
10970 12965
14681 15521
16188 17027
17854 24823
25520 26631
27191 28968
29937 30883
31924 32025
Burkholderia_pseudomallei_gi_512720921_ref_NZ_
1 932
Burkholderia_pseudomallei_gi_512720951_ref_NZ_
1 9170
10223 10922
11555 14397
15154 15542
16621 19959
20646 24937
25714 31221
32109 37382
38055 38805
39627 40325
41512 42198
42807 43081
44532 46104
Burkholderia_pseudomallei_gi_512720976_ref_NZ_
1 16056
16829 17945
18480 28456
29153 29904
30539 44562
45092 46619
47185 48402
49064 49694
50526 50741
51419 51519
52030 52142
52868 52968
53643 60265
Burkholderia_pseudomallei_gi_512720897_ref_NZ_
1 559
Burkholderia_pseudomallei_gi_512720962_ref_NZ_
1 3207
3768 4273
5090 6715
7334 10853
11645 18654
19264 19599
20495 21201
22097 22285
23288 25273
26107 26908
27624 27898
28401 28952
29497 30333
31361 32225
33183 37693
38272 44301
45063 46600
47343 48984
50336 50877
51431 54095
54675 59279
60632 63143
64131 65333
Burkholderia_pseudomallei_gi_512720936_ref_NZ_
1 721
1403 2929
4057 4137
4955 5805
6393 11829
12643 17481
18535 20222
20870 21448
22930 24462
25957 28911
29884 29954
30564 31974
32582 33098
34017 34701
35235 36022
36936 39489
40724 41013
41781 47126
47651 54045
54870 57755
58297 60667
62187 62945
63456 69136
69647 70359
70875 73635
74846 77403
77915 79565
80097 81152
82016 83066
84136 84219
85443 88629
89170 89919
90926 98916
100414 106531
107156 107355
Burkholderia_pseudomallei_gi_512720906_ref_NZ_
1 6891
Burkholderia_pseudomallei_gi_512720943_ref_NZ_
1 2338
Burkholderia_pseudomallei_gi_512720968_ref_NZ_
1 4465
5406 7252
8197 10462
10978 11464
11984 17432
18228 21090
21637 22967
23557 23822
24482 24537
26719 34052
34866 37175
37999 38127
38654 39088
39642 40160
41712 42497
43008 43663
44307 45868
46515 46643
47752 48236
49502 50387
51049 54349
55846 56297
57155 61409
62996 63082
63604 69910
70864 71422
72056 114835
115676 116177
116803 118012
120062 120166
121376 121579
122750 122937
123638 124112
125095 126337
127935 128258
Burkholderia_pseudomallei_gi_512720893_ref_NZ_
1 7773
Burkholderia_pseudomallei_gi_512720905_ref_NZ_
1 787
Burkholderia_pseudomallei_gi_512720900_ref_NZ_
1 4427
Burkholderia_pseudomallei_gi_512720941_ref_NZ_
1 1295
1798 2544
3691 11103
11776 15253
15759 20119
20992 24660
25351 25828
26480 28036
28586 28980
29822 30747
31304 32033
32619 35203
36164 36385
36930 37701
38205 39423
40737 40810
41736 44852
45390 48939
49512 50282
51052 51781
52374 52522
53173 53746
55098 56042
56698 56860
57388 60620
62046 74223
74935 75883
76451 79272
80586 85622
86283 87692
88245 89383
90125 90283
91051 91573
92104 95289
96014 101223
101973 111458
112844 113905
114732 118633
119316 119855
120676 123975
124480 127832
128373 132386
133030 133776
134472 135730
137258 141863
143812 146877
147442 147871
148599 149777
Burkholderia_pseudomallei_gi_512720972_ref_NZ_
1 1578
2326 3622
4565 6738
7481 9280
9915 12075
12701 13788
14802 16165
17061 17423
17966 19112
19716 19853
20498 26175
26954 29862
31104 31171
33503 33889
35111 35967
36741 38283
38775 39295
40205 40557
41367 45868
46442 46709
49031 49378
49939 52271
53115 56772
57407 58959
59494 59684
60429 63949
64869 69096
69957 70394
71456 72965
73538 74119
74658 77507
78753 79503
80057 80452
81312 87769
88405 88520
89080 94287
95195 110286
Burkholderia_pseudomallei_gi_512720916_ref_NZ_
1 174
624 716
Burkholderia_pseudomallei_gi_512720901_ref_NZ_
1 648
Burkholderia_pseudomallei_gi_512720914_ref_NZ_
1 2134
Burkholderia_pseudomallei_gi_512720911_ref_NZ_
1 13291
Burkholderia_pseudomallei_gi_512720881_ref_NZ_
1 2734
3656 3778
5358 7428
8135 10961
12200 15583
16397 16753
17274 26135
26762 27127
27763 32562
33865 36211
36735 37368
37891 42498
Burkholderia_pseudomallei_gi_512720889_ref_NZ_
1 17937
Burkholderia_pseudomallei_gi_512720883_ref_NZ_
1 9332
9886 12083
12716 14172
14677 17079
17854 18773
19786 26486
27175 29331
29955 31726
32487 33688
34455 34621
35205 36512
37987 38433
39560 40230
40796 43169
43927 47061
47625 47901
48546 49512
50290 50987
52728 54218
54866 64651
66743 66814
67773 67926
68775 70362
72241 75259
75945 77085
77766 79239
79773 81232
81758 83356
83961 92455
93173 94470
95057 98832
99484 102874
103506 105465
105985 107451
108150 109270
110254 113495
114035 114998
115524 115872
Burkholderia_pseudomallei_gi_512720873_ref_NZ_
1 349
Burkholderia_pseudomallei_gi_512720955_ref_NZ_
1 621
Burkholderia_pseudomallei_gi_512720934_ref_NZ_
1 2215
3114 5002
5567 6018
6976 11074
11650 14701
15467 23714
24288 26644
27432 27896
28485 29951
31209 33575
35090 35461
36486 37671
38759 40312
41302 41598
42346 42979
43676 46468
46974 47510
48116 48186
48914 51657
52192 53282
53813 54680
55230 62594
63444 63512
64634 66535
67654 68547
69059 70531
71033 71606
Burkholderia_pseudomallei_gi_512720879_ref_NZ_
1 1436
Burkholderia_pseudomallei_gi_512720899_ref_NZ_
1 1684
Burkholderia_pseudomallei_gi_512720978_ref_NZ_
1 459
1446 5139
5884 6408
7031 7470
8187 9674
10652 11680
12436 13598
Burkholderia_pseudomallei_gi_512720953_ref_NZ_
1 19674
Burkholderia_pseudomallei_gi_512720974_ref_NZ_
1 3273
3815 7046
8002 8487
9055 9885
10471 11084
11757 13191
14847 15074
15689 16221
16918 127720
128433 131389
133509 133697
135172 136263
136943 146533
147351 150793
151459 151950
152496 155120
155790 159706
161149 161435
162390 162466
163221 163916
164674 167078
167836 169962
170569 171779
172298 176246
178044 178213
178715 179456
180442 181879
182590 190891
191471 191828
192447 197576
198333 198778
199685 200112
200822 201191
201898 205148
205744 206260
207128 209556
210926 211960
212754 213279
214219 214899
215447 215520
217149 217960
219092 219819
220547 223032
223558 224353
224888 225212
226199 230847
232150 232344
233084 234478
235289 329559
330381 333258
334141 339264
340115 343137
344568 346366
347636 348088
348669 354097
Burkholderia_pseudomallei_gi_512720958_ref_NZ_
1 1404
2852 8531
9311 10750
11294 12079
12677 13309
14212 14458
15044 18629
19155 19395
20126 20676
21291 22329
24382 25954
27111 27285
28342 28543
29063 29525
30123 30603
31481 33848
34438 34729
35859 40869
41727 41779
Burkholderia_pseudomallei_gi_512720948_ref_NZ_
1 5138
5853 6304
7265 8755
9464 9755
10651 10708
12876 12949
13679 23742
24521 26866
28029 28726
29605 29707
30223 32231
33185 33788
34442 35408
36130 40329
40998 43820
44385 46582
47482 47886
48404 48781
49462 49662
50550 55171
56016 56285
57574 61186
62692 64133
64848 65957
66505 67670
68215 69945
70960 71072
71740 72069
72678 77006
78187 81562
82330 82605
83465 86243
86858 100151
Burkholderia_pseudomallei_gi_512720910_ref_NZ_
1 1408
Burkholderia_pseudomallei_gi_512720960_ref_NZ_
1 2773
3430 9238
9782 20705
21284 23466
24027 24695
26044 27025
27717 29427
30035 33105
Burkholderia_pseudomallei_gi_512720890_ref_NZ_
1 858
Burkholderia_pseudomallei_gi_512720942_ref_NZ_
1 5751
6253 8135
8711 10857
11450 15873
16527 17309
17821 19834
20379 20458
21102 24943
25635 26831
27751 28358
28899 30197
31042 31816
32473 32839
33614 54029
55152 57590
59187 59869
60421 60677
62712 63366
64634 68967
70025 72239
73213 74219
74807 77558
78082 79459
80559 80644
81390 81563
82358 85142
85829 88543
89933 93042
93583 93934
94635 95074
96776 101250
101796 103217
103955 104008
104864 107158
107971 116649
117253 118412
119219 120976
121583 122327
123359 128767
129542 134129
134655 137886
139060 142577
145631 148351
148894 150864
151404 153019
153822 154238
154785 155058
155689 158081
158840 161223
162640 163741
164420 175239
Burkholderia_pseudomallei_gi_512720898_ref_NZ_
1 560
Burkholderia_pseudomallei_gi_512720935_ref_NZ_
1 7745
8586 9939
11177 14073
14637 15932
16538 17472
18422 19481
20128 23123
24099 25331
25835 27174
28151 28398
29407 31075
31804 33650
34743 35523
36024 38965
39603 39694
40365 41425
42294 44595
45423 52102
53846 69775
70967 72091
72594 75583
76082 82448
82965 93885
94451 96356
97426 98502
99027 100584
101920 104106
104842 105062
106012 110032
110953 112651
113249 114540
115368 117269
118031 118834
120364 124536
125058 125598
126162 127796
129229 129418
130543 130714
131959 133201
133812 135331
135968 136319
138446 146004
146647 153757
154270 154354
155119 159667
160284 160378
161055 164639
165214 167845
168474 170459
171010 172984
173565 174158
175502 176216
177213 179803
180440 183932
185489 185591
186145 186847
188178 188622
189125 189315
191833 192663
193451 195179
195985 196146
196989 197449
198013 200611
201504 205043
205593 207346
207868 210038
210926 212758
215007 217041
218332 218659
219268 219513
221530 224343
224875 225586
226382 228430
229804 237135
237649 238329
239068 252021
252726 255441
255994 256425
257039 260028
260908 262937
263540 263700
266705 269642
270796 272453
272993 273948
275395 278996
280652 282302
282826 284708
285276 288990
290107 295136
296212 300048
301067 302159
303069 307051
307566 309572
310174 311706
312346 312576
313445 314530
315060 315668
316456 321921
322573 323254
325208 325433
326551 327239
327979 330588
332287 332630
333182 335191
335736 336185
336706 337661
338459 344083
344628 345755
347512 349860
351132 351197
352234 352354
352893 353218
353939 354472
Burkholderia_pseudomallei_gi_512720963_ref_NZ_
1 443
1144 1864
3183 4048
4633 10511
Burkholderia_pseudomallei_gi_512720885_ref_NZ_
1 3951
Burkholderia_pseudomallei_gi_512720966_ref_NZ_
1 17425
Burkholderia_pseudomallei_gi_512720983_ref_NZ_
1 2150
2877 4144
4719 8220
8887 16841
17350 18279
19455 25687
26725 31772
33106 35863
36406 37939
38956 39119
39856 40594
41100 41542
42459 42838
43783 44184
44734 48118
48910 52909
53459 56094
56757 58190
58797 58944
59833 65303
66085 100422
100982 101418
102387 105328
105904 107673
108235 112832
113377 203337
Burkholderia_pseudomallei_gi_512720979_ref_NZ_
1 19360
20037 24002
24958 30315
31158 32140
32710 35825
36375 39849
40461 42040
42693 42848
43577 44021
44571 44752
45938 52513
53369 56101
56921 58660
59247 59405
59916 63568
64404 68082
68819 71494
72205 74863
75424 76094
Burkholderia_pseudomallei_gi_512720908_ref_NZ_
1 1303
Burkholderia_pseudomallei_gi_512720987_ref_NZ_
1 540
1154 1455
3122 4854
6087 6861
7423 10027
11040 12109
12791 14786
15944 19978
21574 24848
25434 28819
29394 29662
31345 31836
32381 32700
34197 35863
36416 38057
38690 47224
48058 54733
55346 55692
56288 67081
67851 73317
74054 76691
77208 78203
Burkholderia_pseudomallei_gi_512720967_ref_NZ_
1 3157
4604 5545
6086 12921
13741 15595
16409 17414
18076 18217
18858 19048
20641 32782
33380 33457
34139 37094
37687 39513
40186 40274
40958 43179
43936 44025
45319 50076
50716 55021
55656 55792
56673 59014
60164 60507
61985 64422
65308 67938
69009 69217
71097 72469
73058 76571
77182 79443
79998 83869
85267 88549
89353 89770
90548 91290
91848 92365
93240 95175
95710 97245
97977 102832
103461 107002
107671 110866
112059 114444
115144 115566
116111 119209
119815 121058
122802 126760
128016 128336
128933 130698
131295 131384
132026 135202
135710 137066
138000 139380
139891 142632
143268 144801
145461 146751
147558 147877
148579 159961
160514 163244
164283 169360
169955 170968
171553 173055
173647 176253
177106 184223
185321 192530
193149 193577
194577 198148
198787 202375
202929 205490
206015 208245
209216 212270
213027 217906
218782 219367
220040 225749
Burkholderia_pseudomallei_gi_512720909_ref_NZ_
1 54679
Burkholderia_pseudomallei_gi_512720903_ref_NZ_
1 622
Burkholderia_pseudomallei_gi_512720884_ref_NZ_
1 981
Burkholderia_pseudomallei_gi_512720895_ref_NZ_
1 315
Burkholderia_pseudomallei_gi_512720954_ref_NZ_
1 59186
Burkholderia_pseudomallei_gi_512720912_ref_NZ_
1 3729
4293 4967
5481 7872
8400 10183
11543 15252
15897 18392
19244 19641
20309 69951
70844 70930
71596 72336
73612 74694
75572 76439
77600 84420
85063 86301
87022 87638
89358 95306
Burkholderia_pseudomallei_gi_512720931_ref_NZ_
1 156
909 5930
7170 7933
8460 9320
9955 10945
11811 12795
13398 15872
16387 17917
18593 20420
21159 22505
23337 24046
24816 32490
33366 34009
34709 37607
38131 44697
45619 50840
51906 57495
59274 61570
62258 63815
64895 66178
66767 67285
68141 69649
72355 72435
73315 75233
75795 77908
78702 79719
80708 81584
82105 86844
87462 89003
89621 90138
90845 91769
92460 93160
94030 96132
97224 98027
98761 100270
101080 102474
103229 104380
104895 105667
Burkholderia_pseudomallei_gi_512720933_ref_NZ_
1 4493
Burkholderia_pseudomallei_gi_512720956_ref_NZ_
1 5704
6657 7982
8633 11140
12009 13515
14243 17212
17731 27101
28307 29566
30288 31331
31882 33719
34408 38740
39380 46590
47194 47647
48322 50336
50953 52839
53798 56340
56883 60158
61419 61621
63478 67754
68271 70614
71216 106183
106783 181006
Burkholderia_pseudomallei_gi_512720907_ref_NZ_
1 1217
Burkholderia_pseudomallei_gi_512720894_ref_NZ_
1 857
Burkholderia_pseudomallei_gi_512720875_ref_NZ_
1 2028
Burkholderia_pseudomallei_gi_512720924_ref_NZ_
1 17199
17801 18602
20151 22095
22629 28383
29173 33355
34220 36062
36623 36940
38000 38847
39741 41534
42152 46458
47246 47786
48916 51411
52150 54289
54967 55527
57869 62511
Burkholderia_pseudomallei_gi_512720947_ref_NZ_
1 2024
Burkholderia_pseudomallei_gi_512720984_ref_NZ_
1 5860
