Burkholderia_pseudomallei_gi_512720970_ref_NZ_
1 3002
5268 5598
6899 7052
7740 8275
8817 10517
13605 16303
Burkholderia_pseudomallei_gi_512720939_ref_NZ_
1 102195
Burkholderia_pseudomallei_gi_512720913_ref_NZ_
1 2277
Burkholderia_pseudomallei_gi_512720918_ref_NZ_
1 1832
Burkholderia_pseudomallei_gi_512720922_ref_NZ_
1 388
Burkholderia_pseudomallei_gi_512720949_ref_NZ_
1 1780
Burkholderia_pseudomallei_gi_512720920_ref_NZ_
1 1499
Burkholderia_pseudomallei_gi_512720957_ref_NZ_
1 6449
9629 9798
12048 15173
16900 20877
21463 23716
25859 25932
26496 30024
32419 33368
33936 35267
38293 38511
41286 41869
42385 43622
44279 51357
52554 56444
56984 71158
Burkholderia_pseudomallei_gi_512720902_ref_NZ_
1 2106
Burkholderia_pseudomallei_gi_512720986_ref_NZ_
1 5467
Burkholderia_pseudomallei_gi_512720946_ref_NZ_
1 23705
25631 26593
27822 29460
29970 32393
32969 33627
34332 38227
39139 39487
41155 42420
43148 46559
49460 50999
51630 52394
53586 55532
56034 56878
59592 61444
63372 66138
66864 67241
67971 68865
72897 74199
76257 76898
82037 82354
85074 86559
87115 88929
89877 90136
90729 91903
92730 94716
94966 98127
99744 100188
101725 104607
105149 105528
106562 107158
109097 112720
113645 114076
115732 116220
116900 117756
117909 118974
121223 121623
123582 124403
125240 129318
135305 135406
136577 144399
145251 145333
145836 146349
149781 163442
Burkholderia_pseudomallei_gi_512720919_ref_NZ_
1 745
954 1733
2250 2459
5261 5686
6514 7753
9213 9391
11571 11974
12636 12734
14727 19397
21785 22130
22631 23593
24595 25713
29073 29688
31114 33034
34272 35641
36646 37332
41111 41270
43396 43943
44705 46949
49435 50885
53445 57347
58487 58900
59790 59940
64376 66506
67107 67284
69310 70399
70803 70918
71434 71787
73541 74041
74696 77191
79199 79689
80605 81306
82220 82380
83133 87896
88441 91938
93512 93957
99120 99191
100000 100965
102616 105232
106607 106787
111701 115135
115382 115529
117310 119145
120387 121439
124454 125051
127100 127376
128473 128747
129827 130439
131286 131685
133695 134227
135094 139622
Burkholderia_pseudomallei_gi_512720965_ref_NZ_
1 1921
Burkholderia_pseudomallei_gi_512720925_ref_NZ_
1 31066
31658 32956
33913 34468
35361 35844
36554 39683
40467 40634
43667 43864
46618 46680
52034 52419
53005 53212
54186 55638
56067 56334
60430 62635
63298 66643
67885 68091
68896 68987
70284 70825
71425 72688
73340 75085
76311 77490
84330 84557
86079 87285
89408 90489
91694 93654
94334 95233
96730 100223
101259 101420
104254 104313
105340 106739
108948 112584
114223 116896
117721 117854
118383 118493
121952 122980
124604 126186
129209 131536
132794 133264
134858 137840
138409 143784
144360 146258
147052 147352
147703 148666
149190 149322
149947 150822
152126 152914
155830 157797
159860 162613
163680 164195
164468 164945
165682 170092
170947 171025
171985 172835
173083 173580
175618 175934
178148 179446
182649 183776
184894 185597
186783 186873
188720 190481
191860 193092
194835 195830
196725 197154
198363 198804
199048 199222
200425 200919
201863 202115
202618 204497
205196 205271
207630 208428
209255 210950
211936 212471
213062 215069
215579 216058
217394 226870
227617 227689
228240 229728
231125 232071
234978 235943
237676 237808
241173 241350
242382 244099
244981 247070
248793 250282
250947 251980
252846 254185
255295 255641
256992 257104
258664 265304
266108 267486
268083 270410
270979 271289
271971 272764
275113 275711
277135 277518
279319 279488
281662 281718
282626 283429
284049 286013
287718 287788
290774 292413
293527 295817
296332 298674
300039 300982
301658 304256
305303 308402
309511 316466
317014 317134
317733 318094
319824 320254
320937 321869
322498 323173
323886 324397
325084 328821
329924 333193
335165 336188
337865 338207
340270 340648
343389 348197
351519 351591
355409 357616
359253 362489
Burkholderia_pseudomallei_gi_512720877_ref_NZ_
1 3961
5576 6495
7288 8047
9149 9683
11559 12541
14774 24556
26388 27354
28021 29166
30818 31354
32879 33198
37733 39466
44786 48319
49533 50179
50728 50819
52576 53677
54765 57552
58107 61345
62473 63290
64217 65950
66548 68284
68922 70527
72100 72419
74350 75272
75575 75973
76504 77096
80351 81200
81739 82495
83906 87040
87688 90623
93233 93874
98297 98869
99465 99717
100382 100449
101144 101225
101631 103263
103864 104417
Burkholderia_pseudomallei_gi_512720973_ref_NZ_
1 15514
16125 27084
28583 30710
31470 31552
33836 36450
36969 37065
38418 38624
40307 42811
43643 51084
52158 53137
53954 56312
57805 58437
59350 62013
63274 63401
64093 64387
64912 64973
65674 66202
66751 67694
68579 69274
69953 70875
71665 73257
75376 76221
77058 79781
80796 82985
84186 85280
86719 89960
91287 91703
92160 92310
92924 93642
95682 96473
97025 98911
100247 100605
101461 101661
106123 106334
108576 109223
110012 110794
111558 112140
113531 116403
117254 120074
120772 120822
121684 122298
122861 123688
125966 127479
128402 134955
135509 135793
136231 137212
138615 143725
144713 144789
145648 147854
148476 150223
152072 158332
159145 161782
165705 165962
167084 167475
168158 170971
172417 173317
175185 176706
178389 179879
181203 183781
185353 188179
190030 190247
190844 191219
192229 192645
194842 197613
201239 202847
203706 205447
207896 213115
213965 215310
215869 216067
216718 220197
221374 223154
Burkholderia_pseudomallei_gi_512720878_ref_NZ_
1 526
1572 4533
5686 6317
7505 8204
8829 10142
12677 16004
18857 18984
19842 20671
21811 22255
23271 24211
24730 24800
25557 26460
28599 29379
29898 40205
41091 41183
42454 45708
46556 49128
49757 49836
50375 52888
54076 61999
65803 67945
69806 69964
70601 71742
72432 72571
73327 75705
Burkholderia_pseudomallei_gi_512720981_ref_NZ_
1 57726
Burkholderia_pseudomallei_gi_512720917_ref_NZ_
1 1185
Burkholderia_pseudomallei_gi_512720882_ref_NZ_
1 3686
8934 9017
13039 13787
14457 15111
Burkholderia_pseudomallei_gi_512720938_ref_NZ_
1 65
1606 1720
2268 2562
3765 10293
10921 11479
13142 13654
15116 15522
18483 18710
22789 24144
24726 25764
28261 28605
29284 29352
30431 32864
33670 34145
36205 37586
39506 39904
41921 43188
44135 44251
46389 47478
48538 48986
49779 53357
54027 56098
56956 58313
60791 60906
61855 62070
65004 66683
67258 68204
68744 69383
70185 72772
74160 74799
78808 78905
80070 80885
81628 84879
86124 86432
87096 87661
88423 89469
93150 95017
97106 98420
99590 100331
101312 101459
102616 103449
104111 104597
105173 108497
109174 110367
110624 118602
120450 120548
122521 123516
124401 126861
128003 128256
128881 129152
131342 132300
133527 134267
134966 135323
136087 137783
140617 142404
143886 144530
146845 147199
147857 148296
149794 151612
152208 152623
153250 157109
159737 160648
162308 166450
167312 170652
171518 171655
172446 173107
174490 176820
178062 179716
180977 181692
182359 184585
185410 185483
189141 189836
192342 193572
194976 195818
198479 198840
199279 199427
201247 201368
203916 204216
204987 205210
207257 208248
210758 211339
211907 213324
214697 216474
218285 219186
221979 223680
Burkholderia_pseudomallei_gi_512720975_ref_NZ_
1 24722
25245 26214
27382 28707
29804 30136
32623 33171
35498 38235
39032 39324
39920 40469
41427 41630
42133 42529
44022 44149
46012 48432
49885 50054
Burkholderia_pseudomallei_gi_512720915_ref_NZ_
1 15372
Burkholderia_pseudomallei_gi_512720940_ref_NZ_
1 702
783 1194
1728 1865
3567 7491
8725 9036
9552 9956
10499 10984
12331 12714
13226 14986
15564 16370
19745 20898
21403 22431
23069 24329
25083 26404
28562 30278
32207 32332
35471 36829
37476 37640
38775 39583
43304 43545
44520 47508
48549 49183
49815 52271
53611 55679
56483 56620
58715 59000
59546 60729
62080 63282
63935 64602
65967 66196
67175 67285
70787 70905
71414 71463
71966 72471
73604 73869
76540 98129
98726 99512
101873 102011
105679 106031
107040 108431
109218 110542
111437 113450
114032 114503
118637 119760
121034 121324
127398 129916
130941 131121
133494 133778
135816 136626
138688 139173
140194 140991
142385 142452
144849 145417
145745 146378
147155 147398
148952 149811
150818 152293
152890 153210
155389 155469
159960 160575
161097 162195
167299 167403
169115 169961
170526 174821
176655 176888
177636 181887
182683 187050
187720 196098
196842 197016
197729 197806
200217 203227
204648 207304
208273 210944
213151 213903
214840 217158
218463 219194
220757 220988
Burkholderia_pseudomallei_gi_512720961_ref_NZ_
1 806
984 2214
3542 4417
7374 8606
9137 10676
11842 15359
15647 40511
42168 45455
46080 46377
47113 47246
50662 50817
51885 51945
53393 56030
57371 57860
58989 59767
60380 63780
65569 65701
66889 68987
69740 70609
71327 72090
73211 74598
75928 78486
79345 80853
81499 81892
82440 84500
85553 86086
88066 88142
89432 93356
95171 96027
96721 96889
97554 98304
99754 99822
102440 105403
105911 111964
112639 113191
115262 116067
118121 118579
119594 120396
120940 121012
121751 121984
122854 122935
126681 127739
128298 128480
130097 130484
131635 131929
132685 132752
133913 134972
135555 137809
142287 142397
143783 143861
144627 145256
145817 147046
148221 152248
154532 154692
156549 156799
157335 157405
158724 158848
164420 165934
168583 180683
185482 187058
189195 190920
192235 192562
195016 195230
196902 197496
198143 203893
205795 206117
207530 207705
208277 209759
210615 210765
212752 214058
215553 215894
216397 216907
219385 219759
220584 221267
221814 224349
226531 227968
228387 228852
229529 386566
387089 389599
393905 394285
395342 400158
400739 406789
407570 407731
409167 409261
412035 416225
416862 418419
419431 419920
421092 422973
426422 428244
430332 430399
430746 434618
437076 441497
Burkholderia_pseudomallei_gi_512720929_ref_NZ_
1 1962
2647 2898
3683 4142
4864 5412
5950 7754
9372 10820
13730 15396
16833 17415
23173 23336
25115 25590
26652 28290
28853 28918
29840 30795
31382 34495
35536 36308
37091 37212
37978 41959
45784 46125
46626 48061
48516 51452
52191 54204
54710 55631
58897 59557
60129 62298
62821 64477
65799 65996
67218 67591
71352 71731
73118 73695
74291 74707
75584 76557
80687 80944
81702 83041
85448 87166
90457 90911
91699 92638
93176 94480
95456 95817
96753 97997
99521 100091
100876 103293
103954 104026
107303 109928
110727 112014
112527 113240
114813 115714
116965 117908
119022 119171
120722 120807
122362 125091
129851 130810
134550 136864
137426 137612
138208 139197
139947 141224
142012 142094
142794 164958
Burkholderia_pseudomallei_gi_512720977_ref_NZ_
1 1385
Burkholderia_pseudomallei_gi_512720876_ref_NZ_
1 1824
2982 3891
4618 5040
7595 8059
8942 9816
13974 14541
Burkholderia_pseudomallei_gi_512720952_ref_NZ_
1 895
1416 3050
5216 7455
8132 9696
11087 12159
14460 14755
15839 17467
19370 20128
21052 21195
22033 22515
24588 28276
28651 30399
30928 32066
33693 33868
34578 34879
38467 43396
45840 45940
46688 47392
49710 50450
52554 53120
54051 54778
55918 62002
63015 63523
64074 64994
65683 66205
66829 66986
68136 68420
69196 69252
71468 71895
75402 75608
76558 76749
77485 77903
78918 78993
81988 82438
84842 87408
87933 88307
90093 90603
91206 91705
Burkholderia_pseudomallei_gi_512720904_ref_NZ_
1 17562
Burkholderia_pseudomallei_gi_512720892_ref_NZ_
1 234
Burkholderia_pseudomallei_gi_512720886_ref_NZ_
1 280
Burkholderia_pseudomallei_gi_512720969_ref_NZ_
1 1306
Burkholderia_pseudomallei_gi_512720927_ref_NZ_
1 322
1476 2402
2760 3002
3563 3621
4475 4644
6776 6928
11351 14299
15971 16073
18384 18500
23013 25039
Burkholderia_pseudomallei_gi_512720891_ref_NZ_
1 36927
Burkholderia_pseudomallei_gi_512720887_ref_NZ_
1 313
Burkholderia_pseudomallei_gi_512720930_ref_NZ_
1 3105
4183 4772
6056 7303
8275 8475
9106 11334
Burkholderia_pseudomallei_gi_512720944_ref_NZ_
1 319
1559 1894
2724 3531
6483 6606
7230 7297
8287 8609
9138 9192
10084 10404
13923 15314
16521 17023
18096 20505
21217 21587
23424 23794
24535 24760
27904 28364
29249 31698
31938 34239
36352 40771
Burkholderia_pseudomallei_gi_512720964_ref_NZ_
1 1290
3698 4386
5522 7780
8718 9336
12098 13623
14793 16716
17406 18575
20561 24724
25793 25982
29079 122438
Burkholderia_pseudomallei_gi_512720932_ref_NZ_
1 1173
Burkholderia_pseudomallei_gi_512720945_ref_NZ_
373 2235
3354 3961
5654 7773
9103 9534
10202 12072
14351 18007
18835 22565
24812 26520
27525 28468
30053 31312
32473 34016
Burkholderia_pseudomallei_gi_512720971_ref_NZ_
1 5105
6035 6276
8657 8751
10961 12878
15790 15895
17402 18288
19061 19967
21072 21538
22164 23834
24566 24891
26176 27481
28245 29532
30207 36883
39440 39670
41527 42087
43346 43858
45953 46338
47948 50591
51095 52381
53081 53755
54527 56245
57789 58225
63432 63772
64632 65388
67159 67809
68457 68567
69216 70069
71663 73113
76056 76394
77573 83504
84474 84663
85653 85766
88694 90054
93349 94347
94950 95177
96066 96212
96717 97104
98604 98916
99842 102761
105005 105802
106949 107322
107892 109175
109881 111451
112180 112429
113871 114089
118873 121066
124277 124524
127613 128231
129189 129245
129916 129974
131649 133789
140034 142416
143384 146490
148173 148259
148914 149469
152113 152463
153624 153696
154470 154765
155632 158206
159397 159594
161679 162579
162952 163714
167631 178375
180752 183194
183731 184690
185792 186310
186821 187401
188411 188742
189648 189726
190349 190398
190904 191393
194313 194726
195640 196492
197228 197501
200139 201055
201602 203385
205348 205651
207479 208453
209012 210432
213054 213554
215940 216099
216767 220594
221320 221383
222007 225287
228938 232336
233754 233903
234543 234822
239334 241076
243038 243214
243824 247010
248701 250866
251804 253150
254280 254845
256507 256975
258241 258298
259694 266727
Burkholderia_pseudomallei_gi_512720937_ref_NZ_
1 1798
Burkholderia_pseudomallei_gi_512720950_ref_NZ_
1 755
1473 1828
2426 8043
11907 12699
14539 15086
16093 19050
20806 21334
22100 23920
24431 25107
26185 27457
28065 30224
30660 31178
31745 35273
36981 38601
39159 40062
41026 42398
44096 47796
48388 50653
51511 51719
53858 55264
55782 58588
59288 59393
61489 63310
64954 70271
73343 73831
74932 75302
76490 77011
77551 77717
79144 79738
81112 81456
82782 84006
84242 84940
85825 87459
88194 89468
90868 92022
96682 98044
99021 101085
101922 111585
112088 113048
115361 115777
115942 116642
117213 118129
119739 119957
121187 121448
122582 122995
125934 129325
131037 132215
133276 133469
133999 134725
135274 135956
137864 142302
143185 145823
146820 147096
149515 150805
151841 152467
155051 155125
157141 158061
158535 163280
168096 168892
169965 170086
170598 172911
173591 174004
174585 174742
175730 176201
177003 177749
178250 179779
180418 180675
181054 182005
182907 183153
183693 184799
185430 186852
189752 191119
191698 192296
192856 193442
194729 195735
197112 197913
199556 199737
201423 202079
202588 202852
203855 204245
205726 206095
207868 208710
209562 209883
211151 212037
212981 213270
214302 214403
215486 215575
216499 217517
218043 222312
223640 223923
224463 225524
226027 226133
228452 228536
229335 229433
230670 231483
232372 233558
234372 235463
236638 236807
238746 239278
Burkholderia_pseudomallei_gi_512720985_ref_NZ_
1 527
2799 5875
6456 6877
8724 9077
11265 11615
12262 12378
12820 14512
15518 18058
19022 20213
22678 23197
24574 25800
26446 26534
27292 27719
28686 30193
30926 31540
32076 32483
33003 36634
37154 38374
38927 39812
40153 41472
42303 47249
47787 48290
48812 48974
51939 52504
53904 54239
54959 55022
55779 56168
56734 57938
60786 62115
62409 63468
64155 64652
66409 67691
68247 68864
70284 73522
76370 76604
77284 84220
85837 85889
88096 88154
88724 92043
92712 92896
94176 97684
100100 100309
101452 103254
104902 104957
105568 105852
109161 109476
111178 111292
113385 113768
116325 116618
117183 117841
120045 121975
122594 123706
124558 124865
125502 126854
128071 128517
130096 130481
131082 131579
132341 133732
134576 135220
136997 137314
139311 139716
141407 144109
144627 149013
150719 152389
155933 156580
157028 157356
158058 158344
159559 159918
160461 162986
164005 166426
168637 169238
170481 170533
171983 174067
174627 178071
178822 179922
181089 182917
186009 186098
187683 189702
190519 193185
197061 197634
Burkholderia_pseudomallei_gi_512720980_ref_NZ_
1 1409
Burkholderia_pseudomallei_gi_512720880_ref_NZ_
1 108857
Burkholderia_pseudomallei_gi_512720982_ref_NZ_
1 1737
3754 4907
5474 5774
7539 8888
10576 11161
12951 13201
13879 14063
20036 20511
23432 23483
25604 26781
27754 28375
29917 30543
33956 36063
39305 41728
44803 46090
48367 50181
51220 52434
53115 55437
56397 58764
60432 60742
62320 62861
64488 64772
65796 67091
67645 67761
68984 70797
71415 71671
72267 73909
74572 76109
77939 78681
79943 80684
81436 82545
83152 83915
84602 85127
85984 86963
90710 92727
93606 103118
103711 105892
107243 107618
Burkholderia_pseudomallei_gi_512720926_ref_NZ_
1 2700
Burkholderia_pseudomallei_gi_512720888_ref_NZ_
1 241
Burkholderia_pseudomallei_gi_512720928_ref_NZ_
1 37189
38847 39214
40057 40223
42456 45460
46531 46917
48690 51474
52000 52787
53982 55062
Burkholderia_pseudomallei_gi_512720896_ref_NZ_
1 3351
Burkholderia_pseudomallei_gi_512720923_ref_NZ_
1 3105
5586 7095
8171 8227
8874 14273
15489 15891
19093 21107
22499 26312
29833 30387
33385 33521
35194 36849
37511 38935
40327 40481
41083 41622
42492 43821
46664 47490
50154 51077
53450 56254
57337 57850
58533 60501
62163 64500
65120 65178
66102 66804
68385 68805
69783 70627
71526 71685
74141 77011
78900 83267
84196 88230
90120 90423
Burkholderia_pseudomallei_gi_512720874_ref_NZ_
1 653
6014 6148
6868 7463
10501 11383
Burkholderia_pseudomallei_gi_512720959_ref_NZ_
1 8433
12080 12481
15334 16802
18770 19376
20375 21657
22213 23649
24761 25570
27668 28746
31948 32025
Burkholderia_pseudomallei_gi_512720921_ref_NZ_
1 932
Burkholderia_pseudomallei_gi_512720951_ref_NZ_
1 6853
8051 8619
10257 12543
13117 13282
13611 14801
17857 24894
26255 26325
27782 28316
30245 31215
32546 32934
35827 36701
38424 38893
39670 41672
42830 42952
44661 46104
Burkholderia_pseudomallei_gi_512720976_ref_NZ_
1 14818
15359 15855
17197 17313
18782 19547
24507 27854
28470 29691
30549 30603
31916 32568
33124 34898
35416 36012
36523 36694
38953 41083
41755 42218
42821 44076
45274 45388
47381 47745
49567 51561
53648 54031
55122 56544
57920 58553
59938 60265
Burkholderia_pseudomallei_gi_512720897_ref_NZ_
1 559
Burkholderia_pseudomallei_gi_512720962_ref_NZ_
1 577
1557 1722
2258 3195
5205 5565
5955 6710
7444 8192
8317 9012
10046 10423
14169 16101
17412 17631
20746 21165
23734 23819
24561 25290
26509 26655
29607 30075
33753 35154
36053 37749
39046 41354
41945 42509
43529 46517
48457 50308
50811 51094
51652 51946
52757 52827
53489 57869
58474 59061
60670 61700
63005 63143
Burkholderia_pseudomallei_gi_512720936_ref_NZ_
1 1405
2350 2537
4106 5796
8031 9061
9629 10606
13008 13326
13831 15949
16489 16951
18639 19546
20905 21060
22972 24462
26157 27390
28298 29879
30845 31809
34031 34671
35279 35994
36951 37009
38549 38651
39245 39479
41849 46399
46921 48772
49507 50674
52470 54016
54918 57055
58297 58634
59372 60011
62216 62906
63545 64583
65429 68082
68678 71014
72376 73470
75067 75306
76021 76224
77311 79526
82267 84127
85535 88661
89180 92221
92751 92819
93342 98869
102161 105260
106409 107355
Burkholderia_pseudomallei_gi_512720906_ref_NZ_
1 6891
Burkholderia_pseudomallei_gi_512720943_ref_NZ_
1 2338
Burkholderia_pseudomallei_gi_512720968_ref_NZ_
1 589
1319 1485
2042 5464
6680 10450
11201 16182
18499 18709
19253 21925
26765 27132
28184 28501
29002 29433
31035 31301
32426 33493
33842 34029
35115 35509
36603 37024
38035 38107
38671 38723
41949 43652
44318 45281
45798 45861
46538 46587
47882 48231
49821 50238
51405 51932
55107 56128
57243 57492
58494 58651
59594 61371
64159 65095
66367 67654
69162 70350
71146 71362
72070 72350
72915 74801
75886 114823
115685 116149
116837 117233
120918 122088
122750 124067
125102 128258
Burkholderia_pseudomallei_gi_512720893_ref_NZ_
1 7773
Burkholderia_pseudomallei_gi_512720905_ref_NZ_
1 787
Burkholderia_pseudomallei_gi_512720900_ref_NZ_
1 4427
Burkholderia_pseudomallei_gi_512720941_ref_NZ_
1 248
867 1264
2271 2523
5492 5978
7448 8409
9722 11262
13124 15207
16374 18228
18568 19461
21025 22354
23939 24067
25466 26834
28627 28862
30089 32856
33560 35143
41800 41913
42459 42554
43280 44589
45791 48727
49711 50445
52405 52501
53210 53689
55706 56846
57630 57925
58923 59722
60588 62332
63334 74217
75012 75532
76905 78457
81830 84704
85246 85608
86306 87890
88278 92482
92719 94153
96038 96603
97632 97682
98363 98646
99236 100798
101919 113373
115061 116262
117374 117915
120880 123471
125871 127078
129474 129834
131352 131579
132420 135706
136530 140883
143981 149777
Burkholderia_pseudomallei_gi_512720972_ref_NZ_
2619 6726
7790 8269
9152 9258
10108 11488
13005 17473
17990 19245
19862 20658
23867 26134
27768 28857
31136 33933
35195 35343
37100 38145
43879 44134
44807 46663
50306 50452
51077 55863
56483 56768
57455 59651
60498 62678
63486 65232
66625 68872
70898 74062
75147 75522
76349 77945
82715 82987
83510 84931
85152 87177
89376 91102
91672 93932
95686 98109
98896 99252
100046 110286
Burkholderia_pseudomallei_gi_512720916_ref_NZ_
624 716
Burkholderia_pseudomallei_gi_512720901_ref_NZ_
1 648
Burkholderia_pseudomallei_gi_512720914_ref_NZ_
1 2134
Burkholderia_pseudomallei_gi_512720911_ref_NZ_
1 13291
Burkholderia_pseudomallei_gi_512720881_ref_NZ_
1 722
1574 2694
5388 5448
5947 7237
8138 9065
10950 12640
14695 14850
17451 18160
21810 24174
24745 25011
26770 27281
27927 28086
28607 32472
33012 33206
33920 34056
35205 35571
36149 36975
38102 42498
Burkholderia_pseudomallei_gi_512720889_ref_NZ_
1 17937
Burkholderia_pseudomallei_gi_512720883_ref_NZ_
1 9198
10002 10269
10989 11467
13094 13177
16050 16219
20905 21586
22714 25762
27215 27504
29119 29315
30661 31090
32711 33013
35223 35297
36079 36473
38061 41328
42503 42841
43929 44228
44857 45739
48572 48671
50325 50931
53725 54209
54870 55470
59804 59872
60685 61518
62938 64629
68790 69311
72294 74859
75960 77893
78416 78532
79088 79194
81717 82291
85624 92406
93205 94441
95891 98789
101477 102631
103774 104569
105093 107082
109199 109370
111070 112893
114539 114948
115537 115872
Burkholderia_pseudomallei_gi_512720873_ref_NZ_
1 349
Burkholderia_pseudomallei_gi_512720955_ref_NZ_
1 621
Burkholderia_pseudomallei_gi_512720934_ref_NZ_
1 1581
3697 3931
4887 5984
7580 9103
12043 12160
12672 12800
14398 14584
15564 15675
16508 17229
18375 21434
22594 23432
24321 26488
29560 29926
31486 33076
36495 36672
37239 37678
40327 41373
42363 42950
46851 47389
48193 55519
55633 56121
58561 59891
60554 65253
65932 68528
69133 71606
Burkholderia_pseudomallei_gi_512720879_ref_NZ_
1 1436
Burkholderia_pseudomallei_gi_512720899_ref_NZ_
1 1684
Burkholderia_pseudomallei_gi_512720978_ref_NZ_
1 374
2584 3733
5980 7320
8224 8615
10682 11632
13254 13598
Burkholderia_pseudomallei_gi_512720953_ref_NZ_
1 19674
Burkholderia_pseudomallei_gi_512720974_ref_NZ_
1 5106
9253 9395
11801 12094
16918 126442
127404 127953
129954 130221
133536 133610
137856 139174
139694 140777
143835 148993
149910 150770
151752 151891
154613 155080
155633 157351
157982 158582
164785 164864
165740 166946
167872 171211
171826 174197
175045 176219
179360 179430
180469 181815
183162 184447
185016 187023
189050 189276
189958 197498
201770 201872
202410 202501
203008 204324
207187 208437
211015 213284
214223 214281
217198 217896
219136 219447
220588 221481
222125 227323
230061 230154
231367 233254
233887 315113
316505 320833
321380 326286
327020 329513
330459 333632
334295 334560
334773 336740
339295 340735
345093 345660
346305 346367
348713 354097
Burkholderia_pseudomallei_gi_512720958_ref_NZ_
1 1406
3103 5630
6585 7576
11321 13060
14774 18546
20159 20389
21344 21597
24565 25286
25550 25778
29112 29241
30233 31500
36249 39617
40905 41779
Burkholderia_pseudomallei_gi_512720948_ref_NZ_
1 5120
7299 10673
12866 15922
16731 17987
18539 19066
19708 20149
21223 22890
24661 25086
25655 28023
30647 32027
34529 35292
36698 37148
37860 39889
41725 49475
52727 53736
55214 64125
64874 68827
69710 69778
73177 76194
78239 78656
79273 79900
80483 81088
81507 84286
85641 85864
88656 88801
90086 100151
Burkholderia_pseudomallei_gi_512720910_ref_NZ_
1 1408
Burkholderia_pseudomallei_gi_512720960_ref_NZ_
1 1557
3445 7610
8927 9057
9639 9972
10827 20666
22442 23413
24120 26554
29167 29388
30358 33105
Burkholderia_pseudomallei_gi_512720890_ref_NZ_
1 858
Burkholderia_pseudomallei_gi_512720942_ref_NZ_
1 246
1518 3321
3623 5732
6943 7102
8728 10816
11960 12826
13398 17306
18335 19011
26229 26724
28040 28230
31094 31214
32523 32839
34275 53416
53942 55412
56198 56411
56784 57590
59087 59636
62679 62961
66964 68331
70062 72028
73110 73205
75533 76933
78634 79343
81413 81523
83296 85000
85854 86207
87012 91808
93674 94968
96513 96747
98674 99263
100046 100876
101819 102184
102808 103472
104903 105204
108001 108194
108963 111381
111863 111986
113138 116116
117920 120956
121746 121828
122329 124232
124951 125877
127519 130052
131097 131176
131820 133102
133893 133963
134669 134879
135456 136456
137448 139150
139932 140588
141148 147227
151406 152961
153937 155030
155825 157800
158865 158982
159799 162932
163448 163679
164477 175239
Burkholderia_pseudomallei_gi_512720898_ref_NZ_
1 560
Burkholderia_pseudomallei_gi_512720935_ref_NZ_
1 9905
13130 18882
20294 22983
24117 24694
25348 25902
27197 28391
29491 31034
31848 33624
35155 35394
37009 37262
37960 38910
40403 43571
45785 46985
48060 69474
71032 75200
75482 76125
76842 80779
81346 86887
87824 87876
88382 90149
91094 91367
92160 93463
95008 95354
97426 104102
107285 107813
108398 109260
109876 111240
113382 117267
118034 118792
120796 121611
123536 124160
126288 127882
128698 129341
130560 134396
139135 144007
144534 145941
147107 152999
155126 155389
156045 157476
158726 159667
162457 164309
165280 170422
172020 172961
177295 179777
180946 181293
182677 182964
188257 188604
189172 189230
191190 191864
193476 194780
195980 196613
198229 200040
203965 204999
205633 205952
206458 206944
208352 209559
211133 211321
212375 212516
216490 216816
219417 219468
222449 224312
225047 228403
229818 236594
237808 238324
239382 240641
242574 252781
253631 255078
256124 257212
258316 258431
258943 260021
260962 262820
263628 263694
264171 264516
266849 267785
269359 269409
270825 272429
276307 278266
283578 284440
286551 287950
288608 290423
291312 291392
292703 293032
293592 294470
295016 296709
297856 298430
299056 299335
303075 303467
304502 305303
307571 309255
310128 311304
312411 312503
313645 315566
316234 319802
320374 320622
321679 321895
322593 323337
325229 325329
326705 328820
329326 332509
333426 337635
338899 342652
342963 343119
344004 344226
345091 348466
352242 354472
Burkholderia_pseudomallei_gi_512720963_ref_NZ_
1 1854
3361 4023
8639 10511
Burkholderia_pseudomallei_gi_512720885_ref_NZ_
1 1310
2419 3951
Burkholderia_pseudomallei_gi_512720966_ref_NZ_
1 17425
Burkholderia_pseudomallei_gi_512720983_ref_NZ_
1 1147
1739 2119
2982 4059
4923 5078
6576 9387
10072 11408
12866 15729
17381 18103
19600 20702
21498 24718
26751 27952
28471 30198
30721 38199
40112 42788
44830 45609
46214 46277
51788 54824
56861 59164
61177 61544
63492 100395
102736 107591
108274 110244
111968 203337
Burkholderia_pseudomallei_gi_512720979_ref_NZ_
1 18760
20053 20543
21316 27680
28285 31499
32740 33910
34414 35825
36648 38248
39292 39805
40470 40640
41356 42038
42709 42783
46616 49920
51343 52486
54649 56041
57190 58090
61275 62062
65184 67953
69278 71492
72620 74689
75489 76094
Burkholderia_pseudomallei_gi_512720908_ref_NZ_
1 1303
Burkholderia_pseudomallei_gi_512720987_ref_NZ_
1 4799
6120 6527
8357 11325
11472 11905
13342 13878
14528 14584
15980 18260
19518 19840
21581 23453
24589 26153
27533 28379
31484 34921
37619 38047
40092 40768
40984 43477
44753 47155
48090 49278
49955 51657
52695 58287
60381 65398
66158 67078
68629 72627
76411 78203
Burkholderia_pseudomallei_gi_512720967_ref_NZ_
1 1544
2547 2911
4950 6351
7400 7589
8095 8416
8953 10583
11220 11758
14634 15032
16407 16700
20650 32589
34439 34695
35350 35861
37765 38730
41699 41869
45349 52491
52989 53044
55677 55965
57137 57201
57810 58820
60384 60442
63063 64084
66518 68994
72370 74967
76273 76462
77182 78942
79086 80995
81519 85274
86638 88225
90826 91967
96421 97196
100595 102775
103480 105493
107755 107918
108545 108594
112611 114421
115406 116976
117812 119127
119836 119914
120039 125410
130241 130665
132092 132965
133947 134706
135212 136675
138400 138799
139359 142650
143359 143671
145507 145903
146569 146642
147581 148664
150071 156779
159215 159946
164633 165610
167612 167866
168847 170404
172420 172845
173762 175574
176082 177240
178519 178676
180591 182073
185339 187250
187833 187948
189671 191412
192090 192351
193208 194059
195290 195368
196117 198126
200595 205461
206444 206881
208085 208527
209813 211994
213405 214747
215625 216169
216924 217416
219087 225749
Burkholderia_pseudomallei_gi_512720909_ref_NZ_
1 54679
Burkholderia_pseudomallei_gi_512720903_ref_NZ_
1 622
Burkholderia_pseudomallei_gi_512720884_ref_NZ_
1 981
Burkholderia_pseudomallei_gi_512720895_ref_NZ_
1 315
Burkholderia_pseudomallei_gi_512720954_ref_NZ_
1 59186
Burkholderia_pseudomallei_gi_512720912_ref_NZ_
1 1680
2966 4950
6241 6304
6805 7300
8443 8572
9968 10075
11655 14078
15931 17160
17843 18327
19487 19564
20309 69205
71958 73017
73634 73956
74274 75787
78301 84391
85500 85928
90274 91087
92320 95306
Burkholderia_pseudomallei_gi_512720931_ref_NZ_
1 123
942 3964
4882 5459
9065 10338
13405 13695
14253 15826
16442 21503
22038 22356
23345 23840
24825 24908
28495 32082
33436 33601
35802 37165
38157 42660
43164 43272
44429 44637
46103 50284
51903 53321
54365 54607
55433 55576
56165 57419
59470 61268
63285 63656
65014 65257
66985 69586
73464 75179
76617 79710
80781 81519
83061 83627
84583 86830
87870 89741
92478 93056
95349 95781
95926 99961
103256 103542
104949 105667
Burkholderia_pseudomallei_gi_512720933_ref_NZ_
1 2719
3432 4493
Burkholderia_pseudomallei_gi_512720956_ref_NZ_
1 3595
4284 5289
7997 10390
11143 13160
14259 18139
18707 19175
19836 20949
23693 27075
28346 29530
31306 32403
36847 38142
38966 40080
44788 45468
49773 50281
51530 52809
54646 54992
55908 57979
59211 60119
61431 62401
63090 63191
64312 64564
65940 69977
71252 181006
Burkholderia_pseudomallei_gi_512720907_ref_NZ_
1 1217
Burkholderia_pseudomallei_gi_512720894_ref_NZ_
1 857
Burkholderia_pseudomallei_gi_512720875_ref_NZ_
1 2028
Burkholderia_pseudomallei_gi_512720924_ref_NZ_
1 11452
11664 11915
12796 17176
17890 17954
20296 23058
23727 25231
29746 32274
32804 33475
34257 34320
34846 36060
36654 40416
40968 41037
44277 44620
45004 45306
46061 46281
47273 47758
49472 50431
50940 54147
54999 57901
60204 62511
Burkholderia_pseudomallei_gi_512720947_ref_NZ_
1 2024
Burkholderia_pseudomallei_gi_512720984_ref_NZ_
1 5860
