Fusobacterium_periodonticum_ATCC_33693_gi_237753536_ref_NZ_
1 9292
Fusobacterium_periodonticum_ATCC_33693_gi_237753508_ref_NZ_
1 890
Fusobacterium_periodonticum_ATCC_33693_gi_237753501_ref_NZ_
1 757
Fusobacterium_periodonticum_ATCC_33693_gi_237753518_ref_NZ_
1 1065
Fusobacterium_periodonticum_ATCC_33693_gi_237753507_ref_NZ_
1 690
Fusobacterium_periodonticum_ATCC_33693_gi_237753493_ref_NZ_
1 390
Fusobacterium_periodonticum_ATCC_33693_gi_237753522_ref_NZ_
1 8938
12846 16971
17829 18003
18515 18746
18874 33426
33547 38783
38979 45052
45144 45547
45754 53316
58226 59953
60054 61363
61633 69561
72029 72952
81330 81486
81886 82298
82417 85306
85375 86555
86766 86882
87078 88057
88395 89849
91339 91512
97539 99678
100405 119368
119830 120637
120786 122690
122863 123245
123399 123861
127126 128541
128970 136000
136238 140308
145562 145756
154492 154603
158370 163533
165994 170438
170920 171018
171130 172612
175529 181167
196521 207524
207689 207974
211244 230673
Fusobacterium_periodonticum_ATCC_33693_gi_237753519_ref_NZ_
1 586
821 1220
Fusobacterium_periodonticum_ATCC_33693_gi_237753537_ref_NZ_
1 1004
Fusobacterium_periodonticum_ATCC_33693_gi_237753498_ref_NZ_
1 570
Fusobacterium_periodonticum_ATCC_33693_gi_237753521_ref_NZ_
1 2997
8102 9077
9201 10660
10831 30095
31714 32741
33662 45154
45919 75527
75634 109225
109332 128409
128547 128930
129153 163121
168103 169397
190349 190513
190611 190848
193655 194158
194287 199201
204084 209326
223322 256699
256996 258803
264509 276160
281358 333560
334253 437887
438424 511777
511926 527470
531117 536048
536269 536435
536639 577823
581649 587160
588729 589116
595774 683746
687893 690268
690505 731978
732072 749811
749880 786344
786762 791059
791202 791517
791733 799707
799907 800086
800219 819858
833609 844783
Fusobacterium_periodonticum_ATCC_33693_gi_237753513_ref_NZ_
1 1038
Fusobacterium_periodonticum_ATCC_33693_gi_237753511_ref_NZ_
1 998
Fusobacterium_periodonticum_ATCC_33693_gi_237753491_ref_NZ_
1 617
Fusobacterium_periodonticum_ATCC_33693_gi_237753534_ref_NZ_
1 757
Fusobacterium_periodonticum_ATCC_33693_gi_237753516_ref_NZ_
1 1296
Fusobacterium_periodonticum_ATCC_33693_gi_237753509_ref_NZ_
1 912
Fusobacterium_periodonticum_ATCC_33693_gi_237753497_ref_NZ_
1 501
Fusobacterium_periodonticum_ATCC_33693_gi_237753517_ref_NZ_
1 1397
Fusobacterium_periodonticum_ATCC_33693_gi_237753512_ref_NZ_
471 650
Fusobacterium_periodonticum_ATCC_33693_gi_237753526_ref_NZ_
1 5437
24948 38121
39510 55806
56095 86260
86436 87743
87913 98434
98943 104425
105068 127756
127829 132016
132789 152680
152780 169974
180935 201208
201442 201713
201919 203623
203970 208267
220157 221453
221869 221999
222074 245189
265738 287022
287141 289192
290291 293840
294057 323317
327249 337433
337929 352774
352874 370163
379612 402235
403730 411908
412283 427211
429196 437202
441775 443283
448576 477908
477983 487091
487192 492354
496694 496957
497549 498651
499730 500831
501177 503766
503972 504112
504289 516163
530332 534800
535787 536412
538229 539733
541428 557690
557949 560042
571540 574320
575867 583016
583117 584450
584759 589671
589784 591210
592014 610426
613517 623786
625707 628229
640763 643601
643953 645396
646062 669848
670030 672720
676922 679905
680370 681753
686280 690598
694262 694495
696327 720696
722980 734359
734687 734796
738609 777993
783521 790956
801599 801742
Fusobacterium_periodonticum_ATCC_33693_gi_237753520_ref_NZ_
1 149
Fusobacterium_periodonticum_ATCC_33693_gi_237753496_ref_NZ_
1 548
Fusobacterium_periodonticum_ATCC_33693_gi_237753494_ref_NZ_
245 706
Fusobacterium_periodonticum_ATCC_33693_gi_237753540_ref_NZ_
1 530
Fusobacterium_periodonticum_ATCC_33693_gi_237753527_ref_NZ_
1 10363
12700 12894
22975 23089
24343 26539
27898 29468
34996 35151
35713 37403
38218 39444
40341 40526
40897 41056
42577 62575
65993 78545
78746 79614
79758 84750
85354 93900
94057 94155
94263 100382
101080 101496
103432 107860
108437 119227
119472 119779
120854 121283
121608 121976
122488 124520
129076 132492
134060 137837
137932 145681
148898 150495
152513 157701
162644 208171
210761 234339
235004 244367
250595 250700
Fusobacterium_periodonticum_ATCC_33693_gi_237753502_ref_NZ_
1 696
Fusobacterium_periodonticum_ATCC_33693_gi_237753503_ref_NZ_
1 724
Fusobacterium_periodonticum_ATCC_33693_gi_237753525_ref_NZ_
1 12374
12454 17610
17696 17860
17960 27193
31928 35181
37946 49136
49285 50609
50810 71231
71552 71650
71844 72599
73277 92415
Fusobacterium_periodonticum_ATCC_33693_gi_237753531_ref_NZ_
1 909
Fusobacterium_periodonticum_ATCC_33693_gi_237753505_ref_NZ_
1 567
Fusobacterium_periodonticum_ATCC_33693_gi_237753510_ref_NZ_
Fusobacterium_periodonticum_ATCC_33693_gi_237753492_ref_NZ_
1 630
Fusobacterium_periodonticum_ATCC_33693_gi_237753543_ref_NZ_
3143 5544
Fusobacterium_periodonticum_ATCC_33693_gi_237753542_ref_NZ_
530 680
Fusobacterium_periodonticum_ATCC_33693_gi_237753523_ref_NZ_
1 335
497 10481
11212 14921
16505 39576
42303 60995
63222 64129
64227 69255
70508 71211
74966 76253
78509 87115
87224 89074
89237 102230
102339 104093
104682 105086
105197 140475
149842 176841
178678 179866
189165 190538
190647 194028
197069 199962
200754 212377
213870 215445
216169 221036
221579 235278
238717 239374
240772 250066
250280 255203
259381 281068
Fusobacterium_periodonticum_ATCC_33693_gi_237753532_ref_NZ_
317 519
Fusobacterium_periodonticum_ATCC_33693_gi_237753504_ref_NZ_
1 125
Fusobacterium_periodonticum_ATCC_33693_gi_237753506_ref_NZ_
1 858
Fusobacterium_periodonticum_ATCC_33693_gi_237753514_ref_NZ_
1 1009
Fusobacterium_periodonticum_ATCC_33693_gi_237753541_ref_NZ_
1 16457
Fusobacterium_periodonticum_ATCC_33693_gi_237753524_ref_NZ_
1 3400
7414 36391
36488 38015
39894 40450
42376 43916
Fusobacterium_periodonticum_ATCC_33693_gi_237753530_ref_NZ_
1 609
Fusobacterium_periodonticum_ATCC_33693_gi_237753528_ref_NZ_
1 578
Fusobacterium_periodonticum_ATCC_33693_gi_237753500_ref_NZ_
1 655
Fusobacterium_periodonticum_ATCC_33693_gi_237753538_ref_NZ_
1 2737
Fusobacterium_periodonticum_ATCC_33693_gi_237753535_ref_NZ_
1 501
Fusobacterium_periodonticum_ATCC_33693_gi_237753529_ref_NZ_
1 685
Fusobacterium_periodonticum_ATCC_33693_gi_237753533_ref_NZ_
91 219
573 832
Fusobacterium_periodonticum_ATCC_33693_gi_237753499_ref_NZ_
1 512
Fusobacterium_periodonticum_ATCC_33693_gi_237753495_ref_NZ_
1 622
Fusobacterium_periodonticum_ATCC_33693_gi_237753515_ref_NZ_
1 1250
Fusobacterium_periodonticum_ATCC_33693_gi_237753539_ref_NZ_
1 542
