Fusobacterium_periodonticum_ATCC_33693_gi_237753536_ref_NZ_
1 9292
Fusobacterium_periodonticum_ATCC_33693_gi_237753508_ref_NZ_
1 890
Fusobacterium_periodonticum_ATCC_33693_gi_237753501_ref_NZ_
267 757
Fusobacterium_periodonticum_ATCC_33693_gi_237753518_ref_NZ_
1 1065
Fusobacterium_periodonticum_ATCC_33693_gi_237753507_ref_NZ_
1 690
Fusobacterium_periodonticum_ATCC_33693_gi_237753493_ref_NZ_
1 515
Fusobacterium_periodonticum_ATCC_33693_gi_237753522_ref_NZ_
1 8938
12846 16971
17829 18003
18874 33426
33547 38768
38979 40555
45144 45547
45795 53316
58226 58326
58591 59953
60280 61363
61633 69561
72121 72952
81330 81486
81954 82153
82417 85306
85375 86555
87078 88057
88883 89849
91339 91512
97539 99678
100405 119368
119830 120568
120786 123861
127126 136000
136239 140308
145562 145631
154492 154603
158370 163533
165994 170438
171130 172612
175529 181167
196521 206007
206560 207449
207689 207974
211244 230673
Fusobacterium_periodonticum_ATCC_33693_gi_237753519_ref_NZ_
1 249
815 1220
Fusobacterium_periodonticum_ATCC_33693_gi_237753537_ref_NZ_
1 1004
Fusobacterium_periodonticum_ATCC_33693_gi_237753498_ref_NZ_
1 570
Fusobacterium_periodonticum_ATCC_33693_gi_237753521_ref_NZ_
1 2997
8273 9077
9201 10660
11025 11913
12160 30095
31714 32741
33662 45154
45919 75408
75632 128408
128646 163121
168103 169397
190349 190951
193655 194043
194278 199201
204345 209326
223322 256580
256995 258803
264575 276160
281358 521660
522564 527470
531117 536034
536283 536443
536639 573199
584441 589116
595975 596968
597240 639394
641110 682459
682746 683928
687893 731978
732065 749811
749880 765441
767597 791517
791733 799698
799907 819858
833609 844783
Fusobacterium_periodonticum_ATCC_33693_gi_237753513_ref_NZ_
478 1038
Fusobacterium_periodonticum_ATCC_33693_gi_237753511_ref_NZ_
1 998
Fusobacterium_periodonticum_ATCC_33693_gi_237753491_ref_NZ_
1 617
Fusobacterium_periodonticum_ATCC_33693_gi_237753534_ref_NZ_
1 757
Fusobacterium_periodonticum_ATCC_33693_gi_237753516_ref_NZ_
1 1296
Fusobacterium_periodonticum_ATCC_33693_gi_237753509_ref_NZ_
1 912
Fusobacterium_periodonticum_ATCC_33693_gi_237753497_ref_NZ_
1 501
Fusobacterium_periodonticum_ATCC_33693_gi_237753517_ref_NZ_
1 1397
Fusobacterium_periodonticum_ATCC_33693_gi_237753512_ref_NZ_
1 1115
Fusobacterium_periodonticum_ATCC_33693_gi_237753526_ref_NZ_
1 4324
4541 5631
24948 38121
39510 66128
66217 86260
86543 87615
87921 97509
98916 104425
105068 127756
127829 131919
132810 169974
180935 201209
201444 201713
201919 203623
203970 207279
207451 208267
220157 221453
221869 221999
222074 243847
265738 289192
290291 293865
294039 323317
327249 370163
379612 402222
403730 421916
422004 422172
422337 427211
429196 437202
441681 443283
448576 477878
477983 487020
487217 492354
496694 496957
497555 498803
499730 500831
501177 503766
503972 516163
530332 534800
535796 536412
538349 539733
541428 557690
557949 560042
571540 574320
575867 584450
584759 588526
588871 591210
592014 610426
613793 623786
625707 626657
627008 628229
640763 643601
643953 645396
646062 669848
669953 672720
676922 679905
680499 681510
686280 690598
694262 694495
696327 720696
722980 734793
738609 777993
783521 790956
801667 801742
Fusobacterium_periodonticum_ATCC_33693_gi_237753520_ref_NZ_
1 149
Fusobacterium_periodonticum_ATCC_33693_gi_237753496_ref_NZ_
1 548
Fusobacterium_periodonticum_ATCC_33693_gi_237753494_ref_NZ_
255 706
Fusobacterium_periodonticum_ATCC_33693_gi_237753540_ref_NZ_
1 530
Fusobacterium_periodonticum_ATCC_33693_gi_237753527_ref_NZ_
1 10036
12700 12894
25465 26393
27898 29334
37205 39444
39832 40526
42992 62575
65993 78545
78746 79490
79758 89998
94057 100218
103712 107650
108437 119227
119342 119438
122076 124520
129076 131003
131307 132228
134060 142258
142642 145681
148898 150495
152810 157701
162644 165599
165784 179481
179550 183378
183589 208171
210761 244353
Fusobacterium_periodonticum_ATCC_33693_gi_237753502_ref_NZ_
1 696
Fusobacterium_periodonticum_ATCC_33693_gi_237753503_ref_NZ_
1 85
566 653
721 815
Fusobacterium_periodonticum_ATCC_33693_gi_237753525_ref_NZ_
1 12374
12454 17610
17696 17797
17960 18431
18596 27193
31928 35181
37946 49132
49397 50532
50800 53543
53874 54257
55767 71353
71626 76433
77931 92415
Fusobacterium_periodonticum_ATCC_33693_gi_237753531_ref_NZ_
1 909
Fusobacterium_periodonticum_ATCC_33693_gi_237753505_ref_NZ_
1 567
Fusobacterium_periodonticum_ATCC_33693_gi_237753510_ref_NZ_
Fusobacterium_periodonticum_ATCC_33693_gi_237753492_ref_NZ_
1 630
Fusobacterium_periodonticum_ATCC_33693_gi_237753543_ref_NZ_
3454 3847
5461 5544
Fusobacterium_periodonticum_ATCC_33693_gi_237753542_ref_NZ_
530 680
Fusobacterium_periodonticum_ATCC_33693_gi_237753523_ref_NZ_
1 335
540 14215
15122 15631
17079 39576
42303 64053
64378 69255
70508 71211
74966 76082
78509 87115
87609 88937
89238 102230
102339 104093
104682 140475
149842 150652
150928 176841
178866 179866
189165 194028
198132 199962
200754 208645
209645 213609
213870 216061
216331 235278
238717 239328
241044 250066
250280 255301
261009 281068
282420 282628
Fusobacterium_periodonticum_ATCC_33693_gi_237753532_ref_NZ_
Fusobacterium_periodonticum_ATCC_33693_gi_237753504_ref_NZ_
1 646
Fusobacterium_periodonticum_ATCC_33693_gi_237753506_ref_NZ_
1 858
Fusobacterium_periodonticum_ATCC_33693_gi_237753514_ref_NZ_
1 1009
Fusobacterium_periodonticum_ATCC_33693_gi_237753541_ref_NZ_
1 16457
Fusobacterium_periodonticum_ATCC_33693_gi_237753524_ref_NZ_
1 3400
7414 16036
18099 36391
36488 36557
42411 43916
Fusobacterium_periodonticum_ATCC_33693_gi_237753530_ref_NZ_
1 609
Fusobacterium_periodonticum_ATCC_33693_gi_237753528_ref_NZ_
429 578
Fusobacterium_periodonticum_ATCC_33693_gi_237753500_ref_NZ_
1 655
Fusobacterium_periodonticum_ATCC_33693_gi_237753538_ref_NZ_
1 2737
Fusobacterium_periodonticum_ATCC_33693_gi_237753535_ref_NZ_
1 501
Fusobacterium_periodonticum_ATCC_33693_gi_237753529_ref_NZ_
1 685
Fusobacterium_periodonticum_ATCC_33693_gi_237753533_ref_NZ_
1 155
568 832
Fusobacterium_periodonticum_ATCC_33693_gi_237753499_ref_NZ_
1 512
Fusobacterium_periodonticum_ATCC_33693_gi_237753495_ref_NZ_
1 622
Fusobacterium_periodonticum_ATCC_33693_gi_237753515_ref_NZ_
1 1250
Fusobacterium_periodonticum_ATCC_33693_gi_237753539_ref_NZ_
1 542
