Fusobacterium_periodonticum_ATCC_33693_gi_237753536_ref_NZ_
1 9292
Fusobacterium_periodonticum_ATCC_33693_gi_237753508_ref_NZ_
1 890
Fusobacterium_periodonticum_ATCC_33693_gi_237753501_ref_NZ_
1 757
Fusobacterium_periodonticum_ATCC_33693_gi_237753518_ref_NZ_
1 926
Fusobacterium_periodonticum_ATCC_33693_gi_237753507_ref_NZ_
1 690
Fusobacterium_periodonticum_ATCC_33693_gi_237753493_ref_NZ_
1 515
Fusobacterium_periodonticum_ATCC_33693_gi_237753522_ref_NZ_
1 8938
12846 18003
18515 33426
33547 40555
45144 50718
51708 53316
58226 73586
73666 74295
81179 81486
81691 91512
92013 99678
100405 123861
125377 125844
127126 143467
145562 147861
148136 148287
148907 154603
156760 172299
172507 172612
174878 181308
196521 207974
211244 230673
Fusobacterium_periodonticum_ATCC_33693_gi_237753519_ref_NZ_
1 557
757 814
1018 1220
Fusobacterium_periodonticum_ATCC_33693_gi_237753537_ref_NZ_
1 1004
Fusobacterium_periodonticum_ATCC_33693_gi_237753498_ref_NZ_
1 570
Fusobacterium_periodonticum_ATCC_33693_gi_237753521_ref_NZ_
1 4481
7903 10686
10831 12374
12896 13970
14158 30095
31714 32741
33662 45154
45919 57741
57996 163138
168103 169397
190349 190951
193655 194058
194131 199201
203668 204033
204355 209326
223322 258803
264392 276160
281358 527470
531117 574601
575393 577549
577977 579677
580226 580664
581895 584065
584321 592555
592965 593649
594050 595188
595726 603363
603592 605518
605775 683928
687893 690268
690369 819858
833609 844783
Fusobacterium_periodonticum_ATCC_33693_gi_237753513_ref_NZ_
1 1038
Fusobacterium_periodonticum_ATCC_33693_gi_237753511_ref_NZ_
1 998
Fusobacterium_periodonticum_ATCC_33693_gi_237753491_ref_NZ_
1 617
Fusobacterium_periodonticum_ATCC_33693_gi_237753534_ref_NZ_
1 757
Fusobacterium_periodonticum_ATCC_33693_gi_237753516_ref_NZ_
1 1296
Fusobacterium_periodonticum_ATCC_33693_gi_237753509_ref_NZ_
1 912
Fusobacterium_periodonticum_ATCC_33693_gi_237753497_ref_NZ_
1 501
Fusobacterium_periodonticum_ATCC_33693_gi_237753517_ref_NZ_
1 1397
Fusobacterium_periodonticum_ATCC_33693_gi_237753512_ref_NZ_
1 1115
Fusobacterium_periodonticum_ATCC_33693_gi_237753526_ref_NZ_
1 5631
24948 26099
27316 38121
39510 66128
66209 98533
98726 104425
105068 132110
132618 203623
203970 208267
220157 221453
221809 228273
228824 245189
262882 287022
287092 289192
290291 336064
336288 337433
337793 351165
352596 401168
402235 441805
441926 493188
496694 496957
497569 498803
499730 500835
501177 504112
504243 504326
505388 516163
530332 534800
535796 539733
541428 560042
571540 574320
575867 584450
584759 591210
592014 623786
625795 628229
640763 672720
672805 672943
673881 673996
674275 674414
675339 675403
676091 734407
734687 734796
738609 777993
783521 790956
797453 801742
Fusobacterium_periodonticum_ATCC_33693_gi_237753520_ref_NZ_
1 1542
Fusobacterium_periodonticum_ATCC_33693_gi_237753496_ref_NZ_
1 548
Fusobacterium_periodonticum_ATCC_33693_gi_237753494_ref_NZ_
1 706
Fusobacterium_periodonticum_ATCC_33693_gi_237753540_ref_NZ_
1 530
Fusobacterium_periodonticum_ATCC_33693_gi_237753527_ref_NZ_
1 13962
14299 19030
19583 20941
21291 21734
22498 24136
24343 26825
28605 30455
30631 30813
35053 37208
38218 40534
40667 41153
41491 41594
41881 62575
65993 66649
69465 78545
78746 81794
82122 84798
85349 87134
89795 89998
93381 101163
101469 101595
101858 107838
108437 119227
119342 122606
123151 124520
128413 138197
139910 145681
148898 150871
151129 151252
151487 152599
152678 194116
194715 250700
Fusobacterium_periodonticum_ATCC_33693_gi_237753502_ref_NZ_
1 696
Fusobacterium_periodonticum_ATCC_33693_gi_237753503_ref_NZ_
1 815
Fusobacterium_periodonticum_ATCC_33693_gi_237753525_ref_NZ_
1 12374
12454 17389
17477 17700
17847 19616
20537 34223
34357 35181
37946 54923
55106 71353
71591 71795
73520 73804
73958 74768
75962 76418
76489 76769
77052 78484
78611 92415
Fusobacterium_periodonticum_ATCC_33693_gi_237753531_ref_NZ_
1 909
Fusobacterium_periodonticum_ATCC_33693_gi_237753505_ref_NZ_
1 567
Fusobacterium_periodonticum_ATCC_33693_gi_237753510_ref_NZ_
1 1057
Fusobacterium_periodonticum_ATCC_33693_gi_237753492_ref_NZ_
1 630
Fusobacterium_periodonticum_ATCC_33693_gi_237753543_ref_NZ_
544 1647
3143 5544
Fusobacterium_periodonticum_ATCC_33693_gi_237753542_ref_NZ_
240 680
Fusobacterium_periodonticum_ATCC_33693_gi_237753523_ref_NZ_
1 10529
11164 14308
14428 14572
14750 15841
16482 39576
42303 69255
70508 71211
74966 87116
87193 104093
104682 176841
177600 177680
178669 179866
189165 195103
195681 195845
196361 199962
200754 209573
209645 215327
216379 216719
218471 219621
219797 220157
220276 253444
254735 254844
256012 257959
258644 258859
259191 260335
260482 263775
264475 282628
Fusobacterium_periodonticum_ATCC_33693_gi_237753532_ref_NZ_
1 519
Fusobacterium_periodonticum_ATCC_33693_gi_237753504_ref_NZ_
1 173
Fusobacterium_periodonticum_ATCC_33693_gi_237753506_ref_NZ_
1 78
270 858
Fusobacterium_periodonticum_ATCC_33693_gi_237753514_ref_NZ_
1 1009
Fusobacterium_periodonticum_ATCC_33693_gi_237753541_ref_NZ_
1 16273
16386 16457
Fusobacterium_periodonticum_ATCC_33693_gi_237753524_ref_NZ_
1 3403
5375 6970
7221 12244
12414 12620
12825 16912
17121 17499
17740 18545
18740 20571
21215 22553
22749 39510
39742 39893
40235 43916
Fusobacterium_periodonticum_ATCC_33693_gi_237753530_ref_NZ_
1 609
Fusobacterium_periodonticum_ATCC_33693_gi_237753528_ref_NZ_
1 578
Fusobacterium_periodonticum_ATCC_33693_gi_237753500_ref_NZ_
1 655
Fusobacterium_periodonticum_ATCC_33693_gi_237753538_ref_NZ_
1 2737
Fusobacterium_periodonticum_ATCC_33693_gi_237753535_ref_NZ_
1 501
Fusobacterium_periodonticum_ATCC_33693_gi_237753529_ref_NZ_
1 685
Fusobacterium_periodonticum_ATCC_33693_gi_237753533_ref_NZ_
1 319
664 832
Fusobacterium_periodonticum_ATCC_33693_gi_237753499_ref_NZ_
1 512
Fusobacterium_periodonticum_ATCC_33693_gi_237753495_ref_NZ_
1 622
Fusobacterium_periodonticum_ATCC_33693_gi_237753515_ref_NZ_
1 1250
Fusobacterium_periodonticum_ATCC_33693_gi_237753539_ref_NZ_
1 542
