Fusobacterium_periodonticum_ATCC_33693_gi_237753536_ref_NZ_
1 9292
Fusobacterium_periodonticum_ATCC_33693_gi_237753508_ref_NZ_
1 890
Fusobacterium_periodonticum_ATCC_33693_gi_237753501_ref_NZ_
1 106
226 337
639 757
Fusobacterium_periodonticum_ATCC_33693_gi_237753518_ref_NZ_
1 926
Fusobacterium_periodonticum_ATCC_33693_gi_237753507_ref_NZ_
1 690
Fusobacterium_periodonticum_ATCC_33693_gi_237753493_ref_NZ_
1 515
Fusobacterium_periodonticum_ATCC_33693_gi_237753522_ref_NZ_
1 8938
12846 16971
17829 18003
18857 33426
33547 38892
38979 45052
45144 45547
45728 53316
58226 58508
58598 61363
61633 72697
73217 73586
81330 81486
81954 82237
82417 85306
85375 87769
87995 88057
88883 89849
91339 91512
97539 99678
100405 111736
111924 119706
119830 120550
120786 122689
122824 123861
127126 128541
128747 136028
136239 140308
145562 145631
154492 154603
158370 163533
165994 170438
170876 172299
172507 172612
175529 181167
196734 206007
206560 207449
207689 207974
211244 230673
Fusobacterium_periodonticum_ATCC_33693_gi_237753519_ref_NZ_
1 641
821 1116
Fusobacterium_periodonticum_ATCC_33693_gi_237753537_ref_NZ_
1 1004
Fusobacterium_periodonticum_ATCC_33693_gi_237753498_ref_NZ_
1 570
Fusobacterium_periodonticum_ATCC_33693_gi_237753521_ref_NZ_
1 2997
7975 9077
9201 10660
11170 12157
13879 30095
31714 32741
33662 45154
45919 163121
168103 169397
190609 190773
193655 194043
194278 199201
204345 209326
223322 258803
264465 276160
281358 390456
390557 435630
435704 437892
438424 453176
453366 502813
502938 521662
521835 527470
531117 536034
536283 536443
536639 577864
579098 579356
580226 589116
593023 593422
595976 596976
597240 598005
599426 683928
687893 731988
732073 749811
749880 765441
767597 791519
791734 799698
799907 819858
833609 844783
Fusobacterium_periodonticum_ATCC_33693_gi_237753513_ref_NZ_
Fusobacterium_periodonticum_ATCC_33693_gi_237753511_ref_NZ_
1 998
Fusobacterium_periodonticum_ATCC_33693_gi_237753491_ref_NZ_
1 617
Fusobacterium_periodonticum_ATCC_33693_gi_237753534_ref_NZ_
1 757
Fusobacterium_periodonticum_ATCC_33693_gi_237753516_ref_NZ_
1 1296
Fusobacterium_periodonticum_ATCC_33693_gi_237753509_ref_NZ_
1 912
Fusobacterium_periodonticum_ATCC_33693_gi_237753497_ref_NZ_
1 501
Fusobacterium_periodonticum_ATCC_33693_gi_237753517_ref_NZ_
1 1397
Fusobacterium_periodonticum_ATCC_33693_gi_237753512_ref_NZ_
1 1115
Fusobacterium_periodonticum_ATCC_33693_gi_237753526_ref_NZ_
1 5631
24948 38121
39510 64369
65286 86260
86392 87657
87921 98319
98943 104425
105068 127756
127829 131925
132810 201209
201444 201713
201919 203623
203970 208267
220157 221453
222074 245189
265738 287022
287184 289192
290291 293865
294033 351061
352541 370163
378967 379159
379612 402222
403730 421916
422004 422172
422337 427211
429196 437202
441681 443283
448576 487020
487192 492354
496694 496957
497623 498803
499730 500831
501177 504112
504402 516163
530332 534800
535796 539733
541428 557690
557949 560042
571540 574320
575867 583016
583250 584450
584759 588526
588871 589715
589784 591210
592014 610426
613778 626851
627002 628229
640763 643601
643953 645396
646062 669851
669953 672720
676922 679905
680137 681753
686280 694495
696327 700579
700660 720696
722980 734475
734687 734796
738609 777993
783521 790956
801471 801742
Fusobacterium_periodonticum_ATCC_33693_gi_237753520_ref_NZ_
1 149
1241 1542
Fusobacterium_periodonticum_ATCC_33693_gi_237753496_ref_NZ_
1 548
Fusobacterium_periodonticum_ATCC_33693_gi_237753494_ref_NZ_
1 706
Fusobacterium_periodonticum_ATCC_33693_gi_237753540_ref_NZ_
1 530
Fusobacterium_periodonticum_ATCC_33693_gi_237753527_ref_NZ_
1 10183
12700 12894
24818 26825
27898 29741
35725 39413
39990 40611
42992 62575
65993 79490
79736 89996
94000 94496
95074 100218
103712 108317
108433 119227
119654 120143
121141 121284
122475 124520
129076 132492
134060 138193
138799 145681
148898 150495
152810 157701
162644 171828
171917 183378
183605 190180
190378 208171
210761 244353
249599 250700
Fusobacterium_periodonticum_ATCC_33693_gi_237753502_ref_NZ_
1 696
Fusobacterium_periodonticum_ATCC_33693_gi_237753503_ref_NZ_
1 566
721 815
Fusobacterium_periodonticum_ATCC_33693_gi_237753525_ref_NZ_
1 12374
12454 17610
17696 27193
31928 34278
34357 35181
37946 49178
49257 50696
50810 54257
55414 76433
76788 92415
Fusobacterium_periodonticum_ATCC_33693_gi_237753531_ref_NZ_
1 909
Fusobacterium_periodonticum_ATCC_33693_gi_237753505_ref_NZ_
1 567
Fusobacterium_periodonticum_ATCC_33693_gi_237753510_ref_NZ_
813 1057
Fusobacterium_periodonticum_ATCC_33693_gi_237753492_ref_NZ_
1 630
Fusobacterium_periodonticum_ATCC_33693_gi_237753543_ref_NZ_
3180 3688
4215 4456
5461 5544
Fusobacterium_periodonticum_ATCC_33693_gi_237753542_ref_NZ_
530 680
Fusobacterium_periodonticum_ATCC_33693_gi_237753523_ref_NZ_
1 14269
14872 15107
16505 39576
42560 69255
70508 71211
74966 76109
78509 87115
87224 88934
89237 91245
91435 102230
102339 104093
104682 140475
149842 176841
178902 179866
189165 194028
198132 199962
200754 212299
213172 213490
213870 215486
216125 220070
221526 235278
238717 250066
250280 282417
282526 282628
Fusobacterium_periodonticum_ATCC_33693_gi_237753532_ref_NZ_
1 519
Fusobacterium_periodonticum_ATCC_33693_gi_237753504_ref_NZ_
1 646
Fusobacterium_periodonticum_ATCC_33693_gi_237753506_ref_NZ_
1 858
Fusobacterium_periodonticum_ATCC_33693_gi_237753514_ref_NZ_
1 1009
Fusobacterium_periodonticum_ATCC_33693_gi_237753541_ref_NZ_
1 16457
Fusobacterium_periodonticum_ATCC_33693_gi_237753524_ref_NZ_
1 3400
7106 12620
12963 36391
36488 36557
40374 43916
Fusobacterium_periodonticum_ATCC_33693_gi_237753530_ref_NZ_
1 609
Fusobacterium_periodonticum_ATCC_33693_gi_237753528_ref_NZ_
1 347
Fusobacterium_periodonticum_ATCC_33693_gi_237753500_ref_NZ_
1 655
Fusobacterium_periodonticum_ATCC_33693_gi_237753538_ref_NZ_
1 2737
Fusobacterium_periodonticum_ATCC_33693_gi_237753535_ref_NZ_
1 501
Fusobacterium_periodonticum_ATCC_33693_gi_237753529_ref_NZ_
1 685
Fusobacterium_periodonticum_ATCC_33693_gi_237753533_ref_NZ_
1 832
Fusobacterium_periodonticum_ATCC_33693_gi_237753499_ref_NZ_
1 512
Fusobacterium_periodonticum_ATCC_33693_gi_237753495_ref_NZ_
1 622
Fusobacterium_periodonticum_ATCC_33693_gi_237753515_ref_NZ_
1 1250
Fusobacterium_periodonticum_ATCC_33693_gi_237753539_ref_NZ_
1 542
