Ruminococcus_lactaris_gi_225001172_ref_NZ_
1 3636
3843 34097
34258 37790
39122 39247
41935 48378
49038 50041
51352 53302
55558 56020
57025 57244
58136 58207
59398 63149
63668 77974
78076 88966
89177 112153
112670 144801
145514 149195
149374 149427
150133 193112
193728 241458
241559 241836
242596 258610
258819 436603
437150 496333
496448 568300
569275 570924
571508 574844
575469 618308
619071 643452
644876 645459
646215 651100
654938 773209
773859 803442
803649 826450
827023 878624
878714 928353
930388 933992
934623 1170609
1170700 1212495
1212621 1215013
1215089 1215458
1215662 1228169
1228310 1239275
1239958 1240981
1241285 1267473
1267555 1267869
1267948 1271715
1272195 1278374
1280206 1324334
1324478 1343548
1343763 1430056
1430778 1469501
1469928 1494519
1494648 1502541
1503458 1522123
1522626 1542156
1542893 1543541
1544481 1544722
1545881 1546589
1547239 1547376
1548427 1555834
1556016 1600549
1601032 1601136
1601212 1632710
1632932 1733543
1734885 1734982
1735716 1735816
1737134 1737903
1739709 1740397
1748819 1756933
1758439 1759035
1760032 1800146
1800224 1831467
1831690 1846091
1846166 1854099
1854828 1918526
1919536 1927721
1927795 1997552
1997814 2010376
2011835 2096586
2096669 2115745
2116796 2116959
2118231 2194918
2195508 2197641
2198201 2307879
2308089 2338087
2339848 2367522
2370348 2370600
2373314 2420803
2421317 2525933
2526034 2608043
2608211 2632186
2632267 2656911
2657408 2685789
2685910 2707157
2707266 2711279
2711363 2731235
