Ruminococcus_lactaris_gi_225001172_ref_NZ_
1 24418
24532 40287
40916 48362
48823 50678
50849 51042
51212 51373
51600 149457
150052 150201
150848 151116
151409 151532
155563 156420
156659 156810
157060 214689
214818 214997
215240 618561
618750 643642
644214 645556
646100 652947
654800 928366
928558 928970
929238 929780
930091 930278
930388 1225079
1225175 1387816
1387911 1388098
1388309 1531211
1531342 1543541
1544077 1643787
1643904 1709373
1709559 1709737
1711220 1728786
1729151 1732274
1732607 1732857
1732969 1738637
1739607 1743404
1743621 1745175
1745274 1747757
1747995 1748192
1748817 1916768
1917757 2010315
2010467 2010591
2011023 2011531
2011842 2116036
2116712 2117028
2117819 2118385
2118576 2194918
2195024 2195236
2195405 2330020
2330197 2330377
2330640 2338081
2339842 2348771
2349405 2617732
2617821 2618049
2618242 2618462
2618542 2618680
2618813 2685290
2685388 2731235
