Ruminococcus_lactaris_gi_225001172_ref_NZ_
1 3636
3843 23299
23371 39247
44033 49973
51359 54323
55298 58413
59265 63013
63959 68589
68808 68888
69414 70522
70893 85376
85605 85712
85975 86634
86780 88966
89177 91695
91765 98691
98845 101088
101420 112071
112674 147039
149067 162266
162623 192699
192907 193062
194299 215588
216461 231843
232617 241459
241629 241831
242681 243069
243279 258611
258821 357190
357278 358346
358557 358656
358880 380263
380478 418081
418334 436591
437101 490925
491217 491335
491577 496333
496448 504146
504377 504490
504617 519452
520153 538641
539028 574844
575469 576344
576561 590655
591155 636788
636935 643452
644876 645464
646215 684914
684999 734328
734957 745289
745832 748442
748741 769284
769858 773179
773955 781406
781579 838607
838859 838967
839191 857804
858773 866477
866686 894608
894811 913502
913618 928353
928651 928851
930388 933992
934724 1130732
1131131 1196559
1196879 1212495
1212621 1215459
1215662 1217495
1217635 1228169
1228391 1230810
1231040 1234249
1234339 1240294
1241045 1246827
1247087 1247166
1247379 1274226
1274369 1278374
1280213 1280429
1280586 1309869
1310084 1343548
1344216 1358587
1358794 1361872
1362308 1362435
1362590 1388198
1388531 1400148
1400252 1416684
1416867 1424955
1425183 1429776
1430009 1502062
1502184 1502792
1503515 1522123
1522626 1542229
1546467 1546587
1548338 1549246
1549518 1562739
1562903 1665984
1666455 1672567
1673153 1702297
1702465 1734982
1735215 1736156
1737137 1737905
1738674 1742305
1743401 1749595
1750299 1756933
1758402 1759136
1760016 1814423
1814527 1831467
1831690 1854181
1854828 1854930
1855024 1874212
1874427 1886308
1886477 1887267
1887431 1899635
1899859 1991204
1991652 2007578
2007704 2010313
2011835 2080693
2080876 2082671
2082853 2115745
2116614 2116959
2118231 2197987
2198118 2211650
2212036 2212107
2212387 2222951
2223175 2223261
2223513 2234876
2234968 2248362
2249434 2270468
2270610 2290225
2290340 2338087
2339848 2349523
2350027 2357736
2358135 2367139
2372097 2411568
2411777 2479661
2479841 2537001
2537552 2567997
2568306 2583078
2583296 2583384
2583598 2632186
2632267 2641851
2642059 2642148
2642367 2654168
2654411 2656773
2657408 2657552
2657727 2710581
2710667 2731235
