Veillonella_sp_oral_taxon_158_gi_313893368_ref_NZ_
1 66
244 653
7353 13090
13392 13503
13604 14868
18380 20388
28769 28876
29205 29348
30784 32065
34425 35840
37311 39308
42493 42564
45705 46417
46898 47414
48058 48320
53675 53957
54711 55620
56716 57270
58039 58370
58703 58866
59238 59338
62021 62142
62413 62638
64088 64928
65949 66049
67279 67408
68061 68475
72197 72711
76133 76244
76852 76915
Veillonella_sp_oral_taxon_158_gi_313893318_ref_NZ_
1 331
519 1185
1395 3145
9143 9292
17035 17358
28237 28286
29355 29527
31994 32494
33722 38473
38871 38971
43051 43167
44052 44139
50500 50908
Veillonella_sp_oral_taxon_158_gi_313892673_ref_NZ_
1136 2114
3109 4754
5906 7381
8959 9393
11726 12255
13315 14865
15169 15273
15373 15616
Veillonella_sp_oral_taxon_158_gi_313894569_ref_NZ_
1 823
1060 1126
1486 1936
4649 4725
9876 10182
11353 11698
12312 12633
16675 18125
20628 20867
21362 22562
29514 31597
32475 32572
34212 34900
35437 35562
36010 36099
36714 37054
37614 37673
40921 41383
42971 45157
52112 52305
56259 56352
71239 71351
75340 75526
76781 76878
87945 88479
89159 91296
92168 93966
94571 94868
95494 96491
97091 97638
98064 99178
101730 101908
102094 103437
105886 105984
114352 116761
129741 132021
132221 132335
132713 132894
134298 135237
Veillonella_sp_oral_taxon_158_gi_313892690_ref_NZ_
270 385
1448 4840
10008 10206
11835 12059
13321 13517
14077 16677
18899 20335
21561 21684
24128 24298
33664 33930
36265 36385
44473 45122
50050 50176
56626 56736
58802 58946
59722 62357
64344 65725
66750 67416
68221 72602
74642 75100
75879 90223
90451 90802
92121 92683
93319 95866
98887 100253
100943 102017
103791 103866
104824 106544
106814 108864
112428 113434
113895 114015
116196 116494
119145 119648
120168 122519
125026 129491
131268 132250
Veillonella_sp_oral_taxon_158_gi_313894141_ref_NZ_
653 834
4139 5851
7693 8888
9023 9630
10826 10915
13130 13760
14585 14912
15710 16247
17159 18166
19572 21168
27659 28925
29034 33331
34501 34602
38136 38580
45550 45640
45898 48935
49206 50105
53762 55153
57048 57283
59088 59201
59833 60073
60851 60922
61528 62672
62850 63065
63790 64061
64615 66819
67300 68738
69934 69993
70127 70816
72046 74993
79871 79975
85328 86130
87470 88390
89149 95529
98347 98450
100034 100352
104902 106593
109114 110572
111725 120710
121299 121449
122786 126791
127258 128845
130877 132649
132738 134175
134287 137210
137938 139368
141071 141136
142784 143118
143625 145695
146196 148421
149611 149717
154351 154453
155795 155865
156369 156649
158318 158915
160970 164047
164811 165430
172744 173853
174402 174466
175909 176434
178189 178809
178940 180167
181059 181174
182268 182692
190164 192022
192218 194721
195102 197054
202099 203207
204115 204907
205375 205906
207700 214933
215058 215331
217596 223722
224383 225140
226363 226521
228287 228713
229522 229841
230059 230933
231224 231312
231489 231769
231955 232619
232902 233443
233634 234304
234474 234663
234818 234941
236597 238491
239708 240045
240840 240990
241789 241980
242530 243026
243277 244727
244849 246636
246779 248001
248315 248661
248796 249531
249728 251584
251834 252013
252320 252397
252576 254235
254998 256296
257046 257166
260208 260848
261508 263460
265323 266309
267099 267872
269133 270453
270778 273868
275936 276731
277856 277993
278775 280122
281534 281627
281767 281828
283215 283969
284515 284884
285394 285632
287834 289871
291810 291908
293852 302806
302992 310238
310424 311254
311492 314562
316231 316569
316675 317230
317328 320794
321926 323533
324307 324450
324659 325194
326676 327584
328300 329361
330633 332615
334100 335159
337051 337749
340727 340980
344779 345231
346425 346710
347815 349447
350813 351363
351623 351703
352904 353052
353161 354442
355597 359224
361490 364225
365664 366615
Veillonella_sp_oral_taxon_158_gi_313893366_ref_NZ_
193 1228
Veillonella_sp_oral_taxon_158_gi_313893446_ref_NZ_
1 674
1005 1498
2718 4672
4786 10491
10868 11068
11260 14879
16568 19437
20178 20232
20577 21393
21489 22467
23050 23146
23796 24779
26611 26902
28921 29079
31900 31987
32085 35338
35487 36720
37042 37466
38627 38909
39186 40108
40527 42004
42567 42658
43271 43766
44554 45147
45734 47666
49852 50319
50993 51852
52691 53792
54543 54658
57707 60638
64818 64922
65870 68419
68564 69213
69703 72092
73484 73687
80553 96365
97479 97740
98559 98915
99678 100098
100979 102329
103032 104437
104983 125568
126162 127961
128484 128723
129122 131586
132268 139183
142635 142776
142913 147733
148245 149035
149673 149756
150564 152902
153960 154389
155079 155394
156020 157379
157833 159102
Veillonella_sp_oral_taxon_158_gi_313892689_ref_NZ_
1 885
Veillonella_sp_oral_taxon_158_gi_313893564_ref_NZ_
1 305
1586 1698
2268 3147
4279 7125
10132 10219
11535 11678
12465 16321
16822 17146
17648 17846
23960 24191
27906 27970
28227 28321
29019 29508
35366 37866
39854 39991
42270 42519
45045 47406
Veillonella_sp_oral_taxon_158_gi_313893239_ref_NZ_
1 1270
2599 3498
11452 12090
12656 12903
15892 16568
17143 23399
24390 30922
33880 34076
36258 50546
56526 56667
57060 57520
58098 58342
59451 59659
60275 60350
72525 72653
77081 77175
77945 78520
Veillonella_sp_oral_taxon_158_gi_313892861_ref_NZ_
1 3548
Veillonella_sp_oral_taxon_158_gi_313892865_ref_NZ_
1 2865
3687 4400
5846 6956
8342 8419
9685 10536
14443 14540
14989 15982
19787 19900
27673 28147
30115 31300
33360 33975
35689 36738
40122 40847
41478 43014
44936 45085
46083 46535
47935 48549
49398 58390
59202 60652
60779 61981
62710 64102
65602 65737
67090 67215
77622 80539
81095 81169
82029 84465
85026 88788
89345 90864
95069 95137
98843 101041
107763 108340
111076 111134
111436 111531
112123 112514
114681 116740
123728 124158
124945 125038
127461 128182
129796 130039
132159 132355
133547 133657
133876 133980
134600 134674
134864 135096
135716 135811
137187 137567
138091 138977
140107 140363
142086 147717
148500 148753
150926 150980
153791 153888
154091 154158
157146 158045
158478 165371
166813 174075
174888 175017
175219 175303
175401 179025
179153 183192
183970 184033
186193 186313
189019 189156
191474 192188
192832 194271
194950 195014
195434 199767
200294 216421
218540 219366
221572 221902
226009 228074
229541 230837
233662 233920
234872 234944
235158 235800
235937 238647
239002 239090
239414 243995
245603 246172
247088 247488
249536 253867
256336 257912
258659 259137
260022 266145
266690 267716
269231 274576
274862 275106
276077 276203
277598 279583
289260 289532
294993 296005
296785 298028
299298 303477
306769 308223
309031 314914
317025 317105
323126 323306
324015 324089
325865 327974
329355 331257
332587 333242
333824 334026
334349 335234
337624 338424
338796 338908
339449 339745
342225 342435
346315 346412
349938 350049
350733 357947
361787 361896
363234 363318
366416 368643
369920 370155
370517 370613
371277 371510
372301 372521
375392 375497
377862 378023
381888 381956
384135 389320
391437 392674
393245 395115
395237 395313
Veillonella_sp_oral_taxon_158_gi_313893748_ref_NZ_
1 7061
9241 11249
11383 11441
13439 13519
14078 15319
16170 18472
23267 23342
26084 27164
28153 28538
29079 29175
29830 30129
32237 35271
35536 35685
38496 38966
40509 42955
44373 45535
49347 50291
51030 53459
59238 59557
60072 61490
62727 63199
64740 66693
66838 69488
72416 72579
73536 73825
77603 77653
78217 78316
78923 79233
79970 80230
80445 81522
84200 84309
85485 85547
86821 87611
89830 91032
91721 95037
95137 96464
96625 96978
99182 99726
100622 100760
101100 101220
102321 103552
104660 105208
106358 107234
108422 108549
113298 113483
114756 115704
117359 117730
121932 122179
123192 123567
124459 125736
125923 125972
126280 126387
126907 127015
128064 128259
128810 129563
131372 131434
132051 132120
133744 134486
137272 138259
138906 141135
142083 142202
142892 143186
144147 146791
147510 148723
150389 150502
160670 161141
161736 161839
162702 163271
164302 164482
165004 165235
166311 166598
167019 167072
178291 178918
179030 179155
180251 180651
182881 183871
185095 185186
185873 186033
186538 186746
188072 188619
191274 191623
193718 194446
199763 199936
200778 201539
202797 202904
205776 206373
207089 208910
215983 216109
217136 217958
221575 221758
223021 224109
224659 224941
225348 225472
226357 227503
229514 230686
231189 231457
232418 243887
245187 246345
247020 247403
248781 258014
259322 265929
266021 266109
267175 268125
268975 269365
270171 270797
271313 271489
273226 273579
273891 277384
278813 278908
279064 279238
282293 285972
287499 292441
293869 294015
295357 295758
299394 299594
300436 301067
301654 301968
302298 302618
303523 304337
308398 308896
309687 310120
310319 310431
310608 311819
312135 312261
312614 313258
315045 318034
319760 322182
322324 323241
324760 324993
326275 326482
329062 329478
330124 331826
332352 332651
334204 334705
336169 338815
339822 340236
340867 341831
349281 349378
350279 350435
351661 352659
355206 355269
360003 361618
363750 364725
367138 367383
368035 370674
371761 372833
374418 374665
374924 380020
382290 386420
393743 395122
397828 398790
399062 399155
399733 400041
400662 400969
401180 403378
408658 408788
408953 409083
409532 409638
409882 409975
415704 416153
416670 417414
417521 417947
418162 418503
418616 419247
Veillonella_sp_oral_taxon_158_gi_313892832_ref_NZ_
Veillonella_sp_oral_taxon_158_gi_313893618_ref_NZ_
1824 1960
8928 9327
9964 10475
10775 10892
11403 12353
13682 14147
14482 15664
15835 16076
16236 16762
18758 19761
20510 20998
21244 21333
21618 22362
23941 24333
25833 26522
27098 28013
28239 28348
29884 29945
32183 32263
35695 35999
36618 37521
38866 40036
42242 42857
44807 45197
48701 50221
54247 54346
56819 62188
64484 64653
65961 66219
68313 69473
71956 75377
Veillonella_sp_oral_taxon_158_gi_313893691_ref_NZ_
6645 6780
9990 10690
11553 11688
12938 15334
16622 17206
24619 24717
26267 26457
37220 37393
40611 40698
41354 41471
54551 56952
57514 57770
Veillonella_sp_oral_taxon_158_gi_313893235_ref_NZ_
1040 1932
Veillonella_sp_oral_taxon_158_gi_313894488_ref_NZ_
7365 7460
14368 15595
18086 18436
18854 18963
24334 24444
26484 29395
32439 32553
33525 33711
35318 39167
39440 42118
42935 44629
45830 46120
48838 49830
52426 52495
53264 54268
55595 55717
57651 58879
59850 59961
65891 66293
67522 68870
69268 69567
70655 71076
72934 74370
Veillonella_sp_oral_taxon_158_gi_313893444_ref_NZ_
1 1171
1968 3265
Veillonella_sp_oral_taxon_158_gi_313892838_ref_NZ_
1 949
1722 6890
7447 8548
14367 17245
18259 18965
19468 20288
20724 36339
36891 45008
