Veillonella_sp_oral_taxon_158_gi_313893368_ref_NZ_
13494 14850
Veillonella_sp_oral_taxon_158_gi_313893318_ref_NZ_
1 175
932 1096
Veillonella_sp_oral_taxon_158_gi_313892673_ref_NZ_
13315 15616
Veillonella_sp_oral_taxon_158_gi_313894569_ref_NZ_
1 702
1389 1541
21379 22560
29514 31414
36713 36799
43289 43655
132121 132457
134804 135237
Veillonella_sp_oral_taxon_158_gi_313892690_ref_NZ_
1 7636
14333 14440
32230 32443
58802 62856
64470 65606
66906 67273
68304 89959
91147 91857
92121 92557
99668 99769
100943 103691
131414 131906
Veillonella_sp_oral_taxon_158_gi_313894141_ref_NZ_
4139 4357
49206 49690
50111 52471
57035 58763
60735 62672
63867 66861
72046 74993
86460 88160
111725 124372
132671 143720
144120 145697
160970 161038
178189 178703
193788 195833
197001 197054
197753 214600
215105 215907
218244 223505
224690 225140
226363 226672
228243 229841
230768 230942
231400 231769
232902 233443
236448 236661
236950 237021
237671 238491
242530 242776
244293 244727
244998 247085
248315 248374
248796 249202
249728 251584
252147 256564
260208 260319
270388 270453
276523 276731
287834 287933
294702 297640
298080 314614
315184 316569
316842 317097
317341 320794
327247 327396
330633 331955
351106 351227
354706 355038
355597 366201
366477 366615
Veillonella_sp_oral_taxon_158_gi_313893366_ref_NZ_
1 1228
Veillonella_sp_oral_taxon_158_gi_313893446_ref_NZ_
1 613
2718 4672
4943 5753
6015 10493
11260 14879
16568 19488
20577 21702
28921 29079
34517 36715
40540 41453
57928 60854
65353 65705
68557 69192
69703 72092
80553 139183
142635 147032
149915 150242
158512 159102
Veillonella_sp_oral_taxon_158_gi_313892689_ref_NZ_
1 478
657 885
Veillonella_sp_oral_taxon_158_gi_313893564_ref_NZ_
5056 6288
Veillonella_sp_oral_taxon_158_gi_313893239_ref_NZ_
1 1175
2599 3462
28609 30655
39084 50530
Veillonella_sp_oral_taxon_158_gi_313892861_ref_NZ_
1 3548
Veillonella_sp_oral_taxon_158_gi_313892865_ref_NZ_
1 2365
6822 6956
10700 10803
40614 40781
42467 45753
47605 57650
72827 73492
80074 80372
83293 84245
135716 135811
138726 138977
143810 148753
158042 174075
175403 178994
179153 182232
192832 193521
199543 199651
202905 209424
209992 216421
219191 219366
233790 233921
235006 235175
235937 238647
239618 240384
243328 243823
253325 255072
257825 257912
260767 262122
299450 301911
329355 331257
384572 385015
395237 395313
Veillonella_sp_oral_taxon_158_gi_313893748_ref_NZ_
229 7061
9241 11249
27296 27722
32527 35234
44513 47385
50022 50113
60072 61309
65773 66694
67051 68816
75885 77836
78868 82168
84800 85302
98347 99643
100988 101173
136317 136566
146403 147413
153775 153994
164302 164482
165128 165235
185095 185203
237038 265926
267970 269296
281171 292296
310024 310100
319760 322182
339110 340692
352045 352228
360003 361618
363849 363907
371913 372933
375176 384916
386183 386316
418162 418482
419073 419247
Veillonella_sp_oral_taxon_158_gi_313892832_ref_NZ_
Veillonella_sp_oral_taxon_158_gi_313893618_ref_NZ_
15835 16076
16236 16762
18831 19482
35695 35999
47756 50221
54247 54346
68358 68526
71956 75377
Veillonella_sp_oral_taxon_158_gi_313893691_ref_NZ_
5514 5640
Veillonella_sp_oral_taxon_158_gi_313893235_ref_NZ_
1015 1932
Veillonella_sp_oral_taxon_158_gi_313894488_ref_NZ_
35539 39167
67514 68870
Veillonella_sp_oral_taxon_158_gi_313893444_ref_NZ_
1 702
2406 3116
Veillonella_sp_oral_taxon_158_gi_313892838_ref_NZ_
1 820
9409 17237
18391 18965
19853 45008
