Veillonella_sp_oral_taxon_158_gi_313893368_ref_NZ_
1 251
681 2257
2853 4464
4984 5295
5506 5594
5761 6648
6856 7130
7743 8389
9177 9669
10019 10134
10399 11829
12392 13354
13494 14850
15063 15250
15473 15912
16094 16236
16427 17257
17773 18653
19419 23671
24424 26187
26736 29533
30736 33416
34172 35897
36188 36292
36600 37336
38572 39024
39185 39974
40112 45118
45507 45697
45948 46924
47006 50711
51075 51848
51933 54057
54262 55719
56199 58074
58317 58416
59096 60074
60392 60541
60861 66187
66348 67044
67649 68828
70622 74669
74940 76081
Veillonella_sp_oral_taxon_158_gi_313893318_ref_NZ_
1 1172
1347 2985
5917 6144
8002 9340
12112 13001
14709 14913
15246 15450
16631 17407
17510 18326
22755 22844
28016 28185
28952 34542
37308 39179
41007 41317
42213 42482
43863 44414
46150 46213
46780 47355
47896 48776
49564 50200
50331 51290
51447 51624
52886 53523
Veillonella_sp_oral_taxon_158_gi_313892673_ref_NZ_
1 5596
5694 5746
6113 6452
7172 8211
8320 8868
10286 10455
10789 15616
Veillonella_sp_oral_taxon_158_gi_313894569_ref_NZ_
1 2805
4601 4808
6295 6352
6951 9037
9989 13801
14567 15188
15816 16216
16773 19058
19694 25264
26209 26986
27519 27604
28258 28530
29134 31597
32182 34716
35315 36147
36714 38663
39292 41431
42929 45815
46020 46120
47582 48309
48813 49110
49336 50578
52112 53156
54001 54052
55586 56390
57175 58575
59280 59683
60218 63163
63410 66993
70102 71864
72520 73216
73371 73485
73716 73834
74430 74545
74670 74777
75087 76849
76984 79739
81714 81816
84658 86575
87257 88296
89111 89393
89751 90614
92120 93406
93859 93984
94471 94848
95405 99375
100334 106967
107643 109771
113766 113900
114174 117812
129693 130566
130691 132646
133201 133871
134298 135237
Veillonella_sp_oral_taxon_158_gi_313892690_ref_NZ_
1 739
1262 3145
4274 4328
4927 5251
10008 10224
11172 14946
15097 16724
18383 18799
19521 20507
20775 20905
21313 21732
22868 23200
24128 24601
27049 28212
28986 29564
32905 33404
33616 33978
34370 34551
34961 36072
36606 36836
38279 39826
40882 42822
43744 44019
44638 45038
47108 47919
48948 49454
50736 51195
54664 55954
56550 56785
57414 58101
58640 58994
59674 62997
63460 66004
66183 73730
74436 75752
75867 94576
95527 96724
98430 100417
100943 102095
103743 103914
104629 104724
105918 108750
109156 110004
110139 110395
110685 111085
111276 111520
111732 112384
112746 113032
113549 113986
114732 114883
115405 116332
117105 122621
122755 124773
124978 126404
127089 132343
Veillonella_sp_oral_taxon_158_gi_313894141_ref_NZ_
1 1997
2579 3090
3648 5899
7264 11106
11632 11791
12332 12853
13356 16037
16190 16272
16808 17205
17959 18844
19524 19716
19979 21052
21224 21820
22171 22275
22417 22509
22672 22802
22949 24894
25849 25900
26560 26876
27090 28924
29025 34263
35177 35720
36232 36959
37631 38628
40305 40552
43939 45288
45837 48457
48684 49690
51173 53179
53461 53742
53853 54046
54178 55267
55955 62580
63013 63113
63562 63763
64000 64130
64516 64652
64873 65555
66913 69120
69826 70864
72046 74993
78836 80023
82941 83743
84317 84469
85253 88489
89102 91929
92093 92778
92939 93037
93256 95692
96604 97040
97701 97769
98347 98715
99494 100655
101538 101668
102207 103264
103977 106284
106469 107146
108016 110313
110457 110572
111725 120953
121096 121243
121999 123863
124054 125431
125986 126041
126589 129067
129803 129876
130670 132340
132611 133635
134239 134288
135293 137155
137495 138642
139192 139479
140176 141184
142205 142907
143079 143212
143577 146321
147025 151956
152902 153332
153962 154651
154826 155291
155695 155892
156122 156377
156586 157183
157590 160411
160839 162370
162597 162820
162993 164095
164776 165529
165798 167293
167909 168250
170405 171460
172254 175530
175791 176533
177519 177949
178077 178494
178661 179041
179596 179917
180627 182742
184372 186158
190116 190284
191103 194717
195110 197054
197753 198214
199362 200181
200410 200710
201110 201208
201900 203254
203388 205906
206453 210446
210739 212703
213163 214549
214661 217547
217855 223726
223915 224855
225041 226569
228287 229841
230011 233923
234125 235173
235305 235373
235886 236112
236282 236641
236793 239103
239348 241037
241789 242026
242530 242776
242857 248012
248315 251635
251907 253008
253554 256508
257108 260976
261480 262889
263510 266357
266911 268656
268894 269067
269384 273790
274913 276731
277808 283397
283686 285495
285691 286344
286488 286767
286921 288644
289237 289653
289923 290059
290777 292776
293332 302806
302892 311312
311492 314006
314118 314658
315347 316074
316225 318649
318738 320291
320787 321071
321414 321938
322275 322496
324464 327239
327766 329478
330633 333255
333791 334356
334622 334773
335081 336078
337051 338010
339683 340074
340679 342259
342536 342784
344456 350322
350861 359345
359873 364224
364456 366615
Veillonella_sp_oral_taxon_158_gi_313893366_ref_NZ_
137 1228
Veillonella_sp_oral_taxon_158_gi_313893446_ref_NZ_
1 4802
5432 15315
16568 22467
23050 23266
23534 24779
25723 25931
26502 26716
26946 27013
27755 27892
28252 29691
30203 32048
32375 34276
34813 38763
38910 41958
42519 48186
49412 51620
52775 53669
53824 53933
54791 54840
57436 60551
60669 60774
61046 61975
62153 62691
63381 67499
67657 72141
72938 73702
74455 74715
75919 76334
79133 82394
83139 131634
131818 134026
135912 139183
142635 147781
148383 150937
151101 151253
151381 159102
Veillonella_sp_oral_taxon_158_gi_313892689_ref_NZ_
1 885
Veillonella_sp_oral_taxon_158_gi_313893564_ref_NZ_
1 4389
4588 7173
8297 8410
10084 10295
11889 12004
12393 12808
13059 16321
17600 19675
19802 21005
22344 24415
24585 25501
25793 26828
27344 27405
27861 29487
30277 31031
32604 33564
34160 35640
35798 36020
36348 36922
37525 37914
38783 39560
40077 40226
41094 43199
45146 45196
47051 47524
49932 50404
Veillonella_sp_oral_taxon_158_gi_313893239_ref_NZ_
1 1934
2599 3597
6320 7264
8659 10415
11407 13053
13856 14435
15775 15969
16038 16424
17028 17859
18934 19143
21475 22747
23277 25577
26855 30970
31667 31794
33352 34869
36258 37011
37206 38224
38424 39682
40341 40577
43506 43862
45102 51894
52039 52510
52683 53045
53779 53848
54914 58134
58394 60696
63189 63840
64388 65363
65556 66876
71186 71328
72134 72186
74864 80128
80672 80733
Veillonella_sp_oral_taxon_158_gi_313892861_ref_NZ_
1 3548
Veillonella_sp_oral_taxon_158_gi_313892865_ref_NZ_
1 3739
4329 5231
5315 5817
6392 6956
7759 10709
10851 11000
11114 11605
12421 12581
12724 12885
13342 13548
13844 15484
16071 16833
18960 19029
19753 19862
24241 25348
25877 26460
27659 28292
30067 30450
31174 31446
32016 35094
35684 36489
36669 36786
37344 37956
38067 38260
39043 40777
40899 42112
42228 42415
42536 46064
46573 46877
47383 47495
48079 54580
55136 59703
59957 61490
62058 64197
64831 65728
65840 65937
67332 68111
68773 69341
70319 71106
71984 72869
74107 75994
76571 80638
81217 81283
81405 89346
90197 93351
94342 94612
96077 96188
97007 99395
102935 104690
105282 106091
106985 107134
107694 111246
111533 113541
114681 117950
118516 119680
120277 121687
123856 124163
126106 126452
127411 128136
128682 130039
130708 131528
132159 132661
133355 134020
134576 135210
135716 135811
136488 138337
138729 138980
139356 140973
141254 141421
142038 144542
144735 148781
150878 151028
151558 152517
152836 153075
153379 153542
153825 154800
156110 156457
157162 157494
157654 159793
160145 166561
166744 166797
167104 167522
167744 183156
183808 184827
185356 190760
191356 191807
192139 192188
192525 194419
194541 194633
194889 196304
196836 200758
201484 205339
205521 209641
209983 215317
215442 216176
216449 217539
217711 219877
220074 220178
220334 220659
221220 223124
223396 223460
225961 226047
226157 226745
227917 229442
230696 233023
233206 233298
233419 246175
246748 247380
247858 248689
249488 252194
252537 254617
254998 255792
255917 259410
260578 264148
264780 266488
266638 268376
269353 269822
273774 275346
276059 278707
279420 279826
283610 284176
286967 288424
288630 290588
293730 294445
294945 303676
303842 305034
305495 307379
307588 310746
311582 311809
314164 314914
315574 316447
316977 317153
318260 318810
321503 324674
325039 325132
325306 328299
328374 330137
331067 331499
332338 332874
333210 333341
333732 337838
338476 341038
342177 343017
343194 343760
344326 346854
348219 349827
349987 350636
351073 351883
352002 352138
353826 355823
356789 356927
357564 358469
358620 360078
360735 361951
362502 370499
371229 373893
374418 375545
376529 376621
376841 376896
377206 378228
379648 381313
381888 382451
382970 386074
387642 387846
388180 389713
389916 390024
390706 392722
393369 395163
395237 395313
Veillonella_sp_oral_taxon_158_gi_313893748_ref_NZ_
1 1471
1678 7061
8103 11249
11335 12094
12815 13387
13896 18616
19170 19956
20988 21171
21827 21901
23219 23390
24703 25089
25310 26185
26811 27164
28153 29823
31197 32475
32614 37113
38448 39014
39524 40517
40830 40956
41265 42389
42733 43560
44225 45960
46534 46651
48710 48817
49833 51198
51721 52968
53557 53841
54011 55950
56585 56831
58228 59965
60072 61490
62462 62595
63138 63983
64558 68869
69099 69436
70194 71635
72442 73129
73427 73762
73917 74012
74361 75097
75710 76786
77447 78272
78874 80329
80431 80594
80734 81023
81181 88923
89586 90308
90825 92437
92621 97484
98003 98295
98809 101925
102049 102645
102757 104881
105204 105256
105850 105965
106320 109264
110211 110820
111381 111456
111981 114710
114879 115752
116126 116316
116498 117736
118293 120107
120309 120377
121884 123069
123232 123615
124004 130549
130688 131711
132213 132938
133245 136478
136663 139793
140935 145704
146053 146276
146413 148771
149019 149174
149434 149815
150241 150679
151098 153544
154106 154894
158411 158890
159767 159952
160670 162039
162654 163319
163864 164073
164302 164482
164956 165375
165881 167482
175279 175513
176147 179439
180031 180651
181462 185261
185344 189704
190206 193156
193768 194494
197628 197803
198720 199149
199728 202632
203429 204601
205913 206328
208668 208999
210486 211216
213072 213232
214241 216193
217088 222106
222241 222461
222750 224141
224659 228736
229454 230626
231141 235807
235946 244010
245139 245239
245332 255632
255949 259147
259294 259602
263615 266813
267394 267606
267915 268125
268438 269944
270309 272189
273178 277525
277848 280467
281171 286020
286530 292085
292348 292547
293821 296044
297360 299816
300132 304385
304540 306051
306767 307016
307831 308398
308799 313594
314340 319111
319550 319638
319760 323332
324726 326482
327390 331222
331446 333005
333124 334742
335889 337159
337833 337984
338150 340485
341055 342238
349616 350492
350985 352706
353382 355409
360003 361618
363848 363924
364075 365397
366081 366552
366880 368404
369391 370722
371660 372965
374009 374665
374876 384631
384768 384916
385359 386489
391912 392231
393087 393298
393438 393559
395599 395814
396098 396406
396704 399603
399809 400969
401310 402913
403058 403359
404522 405673
407067 410206
415516 416570
417092 417169
417399 417995
418162 419247
Veillonella_sp_oral_taxon_158_gi_313892832_ref_NZ_
1 1052
1505 3445
Veillonella_sp_oral_taxon_158_gi_313893618_ref_NZ_
4874 6072
6229 6494
8064 12521
13018 13253
13682 14666
15004 18022
18194 18246
18831 19974
20245 22912
23106 23195
23369 23486
24385 27283
27856 29319
29711 29952
30209 31224
31333 31780
31929 32705
33105 33283
34488 35175
35695 37756
38621 39129
40784 41686
41972 44082
44236 44617
44731 45974
46519 47847
48380 51860
54247 54346
55807 56479
56678 56820
57517 58403
58894 59819
60340 63374
64216 66571
67836 75377
Veillonella_sp_oral_taxon_158_gi_313893691_ref_NZ_
5218 8843
9513 9947
10147 10263
10406 10800
11126 11283
11429 13172
13414 16058
16622 19033
19843 20362
21169 21226
22161 22465
24032 24155
24769 24977
25152 25533
25765 28960
29949 30043
30732 30822
31427 33603
34119 34361
35771 35929
36646 38335
40049 43188
43393 44097
44605 45872
45985 46187
47458 49105
49616 54512
55139 55369
55889 57029
57552 57770
Veillonella_sp_oral_taxon_158_gi_313893235_ref_NZ_
1015 1932
Veillonella_sp_oral_taxon_158_gi_313894488_ref_NZ_
1 129
311 886
1303 2067
2793 3078
3661 4101
4662 7938
8486 8582
9273 9615
10441 11639
11990 12625
14221 14762
15278 15808
17198 18436
19576 22207
22789 23608
24165 25449
25661 25732
25940 29994
30201 31137
31504 34168
34348 34607
35141 37298
37666 39167
39326 39789
40449 45778
45918 46173
47060 49877
49956 51292
51684 51775
52123 52488
53264 57735
57892 58011
58576 59728
60509 62592
63689 69227
69547 72180
73223 73636
73836 74671
Veillonella_sp_oral_taxon_158_gi_313893444_ref_NZ_
1 843
1351 2182
3264 3361
Veillonella_sp_oral_taxon_158_gi_313892838_ref_NZ_
1 3589
4103 5742
6990 8200
8403 15041
15381 15581
15714 20253
20983 45008
