Veillonella_sp_oral_taxon_158_gi_313893368_ref_NZ_
1 70
7337 12568
13424 13503
14535 14868
17601 17907
22450 23076
29503 29721
40344 40549
46009 46564
48365 49099
56508 57567
58465 59537
63508 63857
66541 66870
68263 68622
72156 72360
Veillonella_sp_oral_taxon_158_gi_313893318_ref_NZ_
1 394
5921 6144
8406 9387
14614 14858
15368 15547
46722 47021
Veillonella_sp_oral_taxon_158_gi_313892673_ref_NZ_
2270 2327
3213 3793
7481 8155
10206 12132
13297 14865
15169 15616
Veillonella_sp_oral_taxon_158_gi_313894569_ref_NZ_
1 1059
1389 2058
4428 4804
6203 7142
9895 10271
11644 13019
21379 22677
23568 24603
29514 31597
36714 37102
43289 43820
44344 44721
45936 46480
63996 64331
70106 70441
76829 77007
80376 80608
83291 83656
88071 88144
90952 91171
93866 94969
96208 97043
98213 99124
114020 114390
120983 121302
130110 132788
134844 135237
Veillonella_sp_oral_taxon_158_gi_313892690_ref_NZ_
1 107
1218 7622
14333 14440
15097 16539
18396 18799
44070 45107
55090 55438
56099 56781
58802 58937
59678 60244
63672 64058
64638 64902
66667 67517
68180 72087
75710 90075
90451 90794
90923 92027
92121 96720
98843 100362
100914 102089
103290 103663
106605 108115
117257 117530
119441 120068
122000 122236
127042 128818
130421 130667
131152 132343
Veillonella_sp_oral_taxon_158_gi_313894141_ref_NZ_
1 789
4139 6098
10096 10178
10739 11102
12096 12293
12999 13714
14684 14912
19597 19943
28536 28924
29025 29963
30581 33440
34272 35653
38015 38450
40174 40467
46022 47605
49206 49690
53949 56948
58784 62672
62915 63109
64182 65593
68612 69058
72046 74993
84067 84623
85912 86457
87587 88160
89040 89306
90255 91705
93390 96319
98360 98585
99990 100651
104538 106111
109788 110572
111284 120933
122283 124583
127678 128002
129334 130288
131489 133606
134606 135280
135945 139475
140338 142472
143885 145808
146373 146622
147300 149965
150806 151035
152657 152920
154228 154419
157312 158888
160970 163736
164917 165279
166534 172672
174611 174921
178189 181326
182527 182738
183530 183781
184681 184989
185531 185829
186018 186143
189979 193114
193725 195797
196993 197054
197753 202087
202597 203241
203459 204495
205259 205452
206732 206966
208008 211871
212604 212807
213591 216068
217914 219877
220697 221096
221867 223505
223979 225055
226022 226624
228453 228691
229636 231404
231489 232268
232902 234304
234818 234951
235962 236449
236763 238491
238815 239048
239676 239958
240907 241650
242530 243120
244283 244752
244828 247138
247474 247902
248315 249196
249781 251584
251761 252027
252320 252380
252576 256201
258973 259794
260030 260499
262049 263504
265523 265656
266265 266547
267608 267841
269133 273339
276016 276731
277792 281659
285737 287933
294447 306237
306388 313370
314057 314284
315826 317223
317403 321657
323664 324670
325463 326117
327770 328242
330633 332745
333918 334142
337051 337192
345020 345149
345874 345976
347938 349395
350756 351223
353161 353637
355113 358811
359333 360206
362080 364505
365662 366025
Veillonella_sp_oral_taxon_158_gi_313893366_ref_NZ_
1 1228
Veillonella_sp_oral_taxon_158_gi_313893446_ref_NZ_
1 597
1309 1608
2122 4699
6015 11146
11255 14879
16568 19437
20313 21702
21998 22231
24565 24779
24866 25213
25727 25978
28921 29554
33871 35159
35649 36720
38347 38583
39186 40000
40527 41811
42439 42936
45576 45791
49852 50206
51908 52419
53523 54055
57350 57535
57928 60243
60809 61112
62244 62687
65468 65857
66070 66305
67707 72092
73378 73698
80553 82394
83096 96312
97488 97675
98566 98915
99595 100098
101005 101454
101915 102329
103052 104491
104983 125568
126090 127761
129269 139183
142635 142776
143102 143935
144198 146654
146913 150345
153058 153252
154485 156595
157680 158051
158153 159102
Veillonella_sp_oral_taxon_158_gi_313892689_ref_NZ_
713 885
Veillonella_sp_oral_taxon_158_gi_313893564_ref_NZ_
3109 7460
10088 10291
13146 15374
17741 18118
19144 19471
21415 21723
24759 24834
40009 40244
42906 43195
Veillonella_sp_oral_taxon_158_gi_313893239_ref_NZ_
1 1826
2511 3861
4499 4717
5456 5705
11134 11920
12153 13175
15764 16083
17413 17774
22541 24914
26855 30657
31437 31739
45106 47216
55530 55819
58496 58857
59689 59780
63277 63581
68062 68432
74725 75692
77325 78351
Veillonella_sp_oral_taxon_158_gi_313892861_ref_NZ_
1 3548
Veillonella_sp_oral_taxon_158_gi_313892865_ref_NZ_
1 2392
3272 6956
8468 8757
10650 11998
19578 19858
20654 20962
27804 28013
34757 35090
37653 38368
40567 40847
47852 57409
67186 67441
81765 84281
86222 88657
98023 98301
122155 122490
124479 124846
135716 135861
137667 138442
138726 138977
141731 144304
144526 148753
151592 152097
157124 158045
158239 162645
163690 164274
164917 165426
167182 174650
175352 182343
186231 188517
192139 192258
192832 193522
194769 195258
199543 200510
202131 209297
209992 215768
219158 219812
220334 220400
222606 222858
223413 223994
225965 227587
233790 235400
235934 238693
239618 240388
243522 243600
243698 246261
247878 248685
250734 255110
255844 256044
257353 257912
260644 262531
263858 264464
265139 266225
274577 279432
289216 289557
295144 295320
296394 297046
297743 298251
299153 304807
305538 306169
307431 307596
315578 316193
324725 325297
327979 328322
329355 331257
334342 334391
334572 335654
338166 338728
340592 341277
369429 370495
371233 372310
372860 373671
384091 385525
391455 393541
395237 395313
Veillonella_sp_oral_taxon_158_gi_313893748_ref_NZ_
229 7061
9241 11249
11339 12230
13266 18074
21579 21788
29018 29194
32193 33695
33856 35732
36607 36810
40794 42650
43995 45535
46534 47373
50022 50113
58232 58911
60072 61432
62727 62979
64035 64263
65463 66693
66988 69488
74033 78041
78879 79815
80319 80670
81760 82115
82885 83127
84383 85065
88427 88692
89586 92461
93351 95206
97078 97218
99117 99874
100578 100760
102088 102700
104248 104447
112530 113938
115879 116125
120194 120257
122455 123536
125300 125919
126437 127059
129663 129907
134214 135000
135719 135818
136667 138648
141987 144080
147466 148651
150074 150189
164302 165235
178531 181750
182609 182778
184493 184542
184718 185203
186811 187804
188497 188811
191720 191975
200343 200533
210536 211942
221575 221758
223161 223832
226516 227547
229990 231469
232425 232796
233595 233825
235609 243957
244821 245184
247207 255909
256581 256702
257251 257745
259528 259602
265785 265926
271809 272040
272598 272937
273679 276498
277577 278960
282962 285691
286501 290156
291389 292541
302420 302494
309460 309753
310018 310076
312361 313315
315055 315215
316409 316704
318694 319051
319777 324660
330309 330828
336569 336750
337580 337976
338426 338507
349707 350101
352750 353679
354431 355405
360003 361618
363843 363954
365034 370718
372040 372959
375176 384916
385985 386245
393691 393948
394457 398962
399733 400038
400723 400969
401472 402746
418616 419247
Veillonella_sp_oral_taxon_158_gi_313892832_ref_NZ_
1019 1382
1505 3445
Veillonella_sp_oral_taxon_158_gi_313893618_ref_NZ_
8957 9320
11178 11448
12609 12849
13682 14147
15183 15406
15835 16121
16236 16797
17040 17315
17967 21072
26302 26663
28186 28436
31836 32649
35695 35999
36539 37433
38621 40080
40686 40898
42616 43537
47718 51576
54247 54346
57046 59213
62722 62835
66025 66471
68473 68931
71956 75377
Veillonella_sp_oral_taxon_158_gi_313893691_ref_NZ_
3467 3780
7517 7568
10630 11043
11893 12217
15332 15531
17901 18977
24117 24352
41298 41548
52439 54618
55898 56123
57609 57770
Veillonella_sp_oral_taxon_158_gi_313893235_ref_NZ_
1015 1932
Veillonella_sp_oral_taxon_158_gi_313894488_ref_NZ_
1877 2063
6015 6247
25156 25435
28068 28741
31570 31862
32975 33306
35481 37319
37696 39167
39330 40819
45038 46120
46593 47222
49061 49951
53297 54444
55519 56356
58735 58974
60326 60570
63881 64961
67296 68870
72567 72752
Veillonella_sp_oral_taxon_158_gi_313893444_ref_NZ_
1 843
1206 3286
Veillonella_sp_oral_taxon_158_gi_313892838_ref_NZ_
1 949
2241 14231
15265 17245
18170 19453
20388 36339
36891 45008
