Enterobacteriaceae_bacterium_LSJC7_gi_483282930_ref_NZ_
1 6948
7647 8339
8849 9738
10824 10908
12521 15155
16804 17624
19320 19502
21876 25596
26360 26524
27480 28329
29044 29451
30773 31496
34147 34967
35882 36116
38926 42487
43524 44310
45777 46018
46699 47726
49518 50187
52409 52747
53544 54151
54988 56562
57410 58887
59733 60494
61016 62170
62727 62967
65612 66036
67191 69523
70503 70732
72090 73602
74112 76136
Enterobacteriaceae_bacterium_LSJC7_gi_483283524_ref_NZ_
1 996
Enterobacteriaceae_bacterium_LSJC7_gi_483282521_ref_NZ_
1 54
1302 1799
2877 3194
3904 4452
7361 7604
8116 8468
9250 9826
10457 11298
11801 12049
13347 14344
15643 16728
17412 18343
18998 19329
20508 21321
23500 25572
26104 26240
27597 27710
28406 31220
32142 33311
34757 35977
36905 37026
37693 38809
39318 40305
40871 42476
43250 43360
44148 44701
46133 47554
48310 48768
49439 49678
50495 50779
51559 51820
53434 53501
54827 55064
56544 56846
58046 58144
59226 59449
61060 61501
62171 62371
62890 63013
63998 64150
66079 66404
67653 67725
68237 70992
71543 72059
72783 75552
76786 77984
78765 79028
79618 79732
80309 81196
81942 82381
83778 84062
84712 84985
86892 87353
88870 89539
90302 91024
91700 93385
95318 95763
97572 98682
101845 102918
103634 104061
106412 107361
107971 108109
108752 108840
109384 110066
112173 116191
116827 117808
118467 120992
122041 122833
124289 127368
128382 129988
130582 131124
131941 134336
135050 135667
136306 136428
138034 138311
138937 139159
140955 141055
142991 143455
144036 144127
144801 145610
147458 147978
149320 150904
153869 153989
154565 154926
155452 156380
157127 157230
157985 159592
162377 164048
164908 165888
169290 170460
171656 171827
172638 172719
173726 174112
174975 175164
177553 178869
179599 179695
180925 182022
182934 183060
184742 186289
186855 187289
191014 191692
193208 193445
194529 195919
196732 198250
199191 200049
200984 201451
203504 203821
204905 206092
207804 208164
209997 211586
212301 212835
215113 217384
218578 218729
220551 220629
224313 225904
226637 226821
230950 231349
232727 232976
234382 234977
235866 236871
239283 240825
243881 244071
245234 246092
247570 247860
249250 250138
251924 252170
252837 254042
254869 255586
256276 257060
257728 258239
259027 259486
260029 260214
261144 261416
262106 262665
265224 265346
265969 267306
268689 269630
271764 271968
272795 273088
275190 275721
276229 276363
277992 278377
280288 281549
282365 282460
282980 283142
285599 285723
286677 287429
288226 288620
289715 289796
290470 290902
291945 292307
292995 293644
297390 298783
303457 303901
305012 305978
306968 307546
309548 310857
311720 311870
315034 315360
317631 318334
318844 319517
320785 321476
322049 322397
322974 323482
324563 325127
327635 328733
329263 330464
331095 332365
333249 335199
335818 336159
337195 337476
338512 339098
340894 342054
344761 345061
346284 347565
348799 349209
350859 351416
353209 353488
354047 356523
358392 358606
359125 359747
361248 361332
362451 362517
363472 364036
364752 364846
368002 369071
371182 371361
371935 371991
372535 373036
373573 373729
375545 375645
376616 376703
378775 379344
382184 382909
383525 383970
384727 384964
385659 385979
389261 389734
390368 391456
391997 392792
393325 393412
394442 395475
396011 396628
398327 398772
400852 401295
402362 404393
406607 407142
407707 408851
411126 411180
412087 412661
413244 413836
414714 414958
415794 415930
416448 416807
417622 417758
419241 419340
421463 421910
424134 424655
425642 427408
430985 431598
432897 434239
435061 435219
436629 436791
438675 439819
440321 440539
443846 444694
445398 445741
446737 447525
449014 449143
450840 450964
452179 452366
453063 454093
456823 457391
458336 458400
460519 461491
463266 463520
466831 468024
469530 472245
472854 473859
475315 475614
476154 476766
479442 479561
480451 482855
483480 483774
484336 484588
485902 486989
487601 487903
488478 489730
492479 493362
494439 495341
496932 498077
498987 499224
499728 502973
503893 504425
504935 505069
506193 506510
507545 508455
508956 510913
512569 513024
513966 514467
515132 516349
519300 523021
524989 525584
526898 528892
529485 530096
530884 531233
533897 534197
535222 536265
537925 538755
540331 540715
543332 543767
544712 545331
549166 549714
550940 551283
552281 552458
553327 553394
554106 554355
555336 555855
558030 558561
560784 561160
562011 562670
563622 565429
568481 568557
569387 569633
570153 570213
571940 572113
572964 573711
574421 574519
576388 576661
577434 578023
578693 578936
579908 580558
584253 584408
585257 585997
586516 586946
587562 587647
591056 591845
592880 592995
594948 595184
595808 596692
598139 598469
600063 600343
601038 601340
602307 603219
604522 604690
606071 606315
610835 610898
Enterobacteriaceae_bacterium_LSJC7_gi_483283287_ref_NZ_
1 730
2302 2831
3448 4266
4791 4867
5387 6133
Enterobacteriaceae_bacterium_LSJC7_gi_483283352_ref_NZ_
1 1434
1972 3563
4274 4524
5165 6832
7759 9195
10018 12027
13983 15230
15912 16399
17199 17256
18586 19233
20284 21188
22063 25630
26379 29200
30152 30594
Enterobacteriaceae_bacterium_LSJC7_gi_483282499_ref_NZ_
1 55
773 1289
1937 2359
4557 5195
5799 6026
8290 10167
10898 11410
12050 12187
13997 14250
14761 14860
15879 16254
17507 18499
19830 20877
21786 21996
23128 23749
24257 24529
25367 25500
28472 28630
29146 29290
31962 35503
37776 38578
39209 39375
42323 43348
44396 44878
46066 46362
47167 47676
49480 49766
50714 51210
52970 53504
55189 55625
56941 57162
58235 58625
61720 62668
63835 64032
69478 69651
72145 72263
73883 74094
74771 75187
77079 80393
89473 90518
91120 91773
92549 92846
93388 95000
95613 96342
102110 102263
104100 104307
105792 106028
108050 108126
109646 110167
110979 111450
112409 113552
114401 114840
115442 116067
116677 117225
117917 118292
120821 121754
122762 123168
124214 126402
126985 127242
127776 128544
129244 129510
130129 130656
131494 132019
132677 133391
134023 134120
135219 137186
138365 138522
139191 139889
140645 141071
143026 143296
145074 146540
147193 147426
148094 148948
154322 155924
157271 157810
158690 159031
159961 160443
160953 161868
162910 166610
167930 168042
170012 170484
171050 172269
177732 178285
179025 179903
180422 181227
186895 187289
187863 188123
188829 188883
189410 190617
191575 191654
192902 193381
194102 194526
195648 195876
197802 197930
198442 198551
203225 203647
206086 207840
208726 209562
210716 210946
211725 212171
216485 216821
218991 219235
220475 221266
222198 224032
225180 225339
226896 228553
231166 231316
237432 239312
240097 240192
241822 242530
243124 243196
244087 246086
247153 247244
248209 248379
248970 249035
249923 253211
254529 254591
256086 256584
257345 257697
259120 259453
263824 264015
266618 266671
267292 268277
269280 270110
270929 271436
273235 273500
274238 274597
276231 278178
279518 280691
282894 283368
284741 285142
285858 287688
288742 290325
292182 292412
293913 294881
296491 296607
297354 297443
298100 298554
299341 300870
302281 305057
307918 308641
310496 310578
311465 311572
312124 312908
313505 314188
314942 315680
321414 321812
322948 323199
324886 325157
325663 327394
328348 329334
330008 330784
331516 331616
333222 335337
336184 336435
338117 338511
339146 339278
340529 341077
342854 343190
344254 344313
344945 345962
346582 348390
349534 349586
351184 352673
353728 354427
355035 356299
357068 357534
358156 358314
359775 361619
362845 364043
364617 366036
367233 368000
369266 371113
372278 372825
373721 375640
376830 378071
381023 381491
386830 387467
390089 390855
392861 394210
395021 395526
398543 398854
399457 400402
403509 403802
405932 406118
407193 407246
408928 409406
410889 410942
411906 412234
413929 414413
416143 417555
418335 418405
420697 421126
422478 422533
423660 424361
425655 425861
426984 427670
429261 430790
431926 432035
433551 434615
435628 436105
437856 438229
439113 439233
441804 442290
444095 444144
444737 445596
446647 447303
448308 448557
449828 452105
454849 456781
457321 458490
459057 459366
460615 460681
461586 461856
462468 463052
463644 465069
467630 469309
470619 471512
473905 474776
476954 477922
478673 479324
480013 480281
481266 481367
482030 482271
482937 483141
484523 484651
485194 485569
486468 486851
488843 488909
489520 490001
491725 493795
494518 494590
495250 495452
496914 497571
498245 499310
503921 503984
504931 506133
506858 507137
508802 509390
511013 511318
513820 514963
517184 517724
519212 520101
520773 521185
521936 522380
523313 524353
526832 528152
528702 528872
529436 530896
531659 532462
534045 535881
536529 536870
537528 537942
538485 539446
541796 542186
545669 545741
546503 547246
548459 549711
550320 550394
551029 552366
553775 555345
555918 556518
559112 559711
560421 561112
561713 561895
562396 562569
563917 564394
565059 566700
567422 567685
568220 568383
569207 569275
571099 571499
572320 572884
574822 576061
578017 578249
581670 582230
582803 584286
586537 586845
588165 592635
593314 593363
594151 595353
598048 598753
599369 599495
600029 600531
602415 603365
604146 605323
609538 609708
610959 611014
612178 612452
613068 614187
615404 616332
617689 618443
619800 620246
620881 622097
622935 623315
626342 627956
628755 628880
630021 630579
631955 632600
633737 633930
634637 635634
638956 639309
641292 641877
643160 643845
644782 645001
645904 646000
648227 649285
651268 652897
653500 654442
655096 657073
658754 659270
662228 662557
663334 663582
666973 667814
668431 669544
670072 670531
671770 672213
674165 675101
676310 677209
680103 680602
681187 681241
681893 682093
686217 687540
689632 689737
690750 690901
691648 692675
693666 693817
694380 695166
696119 697461
698594 700986
703165 705246
707733 707791
708870 710008
710697 710801
712304 712447
714506 716399
717391 717448
718673 719851
721722 722475
724157 724392
725033 725308
725959 726674
729018 729629
730394 731170
732570 732747
734164 735333
737216 737976
739165 739218
740739 741210
742912 744017
745186 746559
748034 749313
749895 749962
752087 752234
752975 753169
754248 754345
755097 755478
756023 756569
757195 757607
758353 758474
759995 760143
761029 761280
763101 763315
763932 764443
765408 765469
766669 767115
771494 772949
774275 775226
779448 780431
783392 784476
787189 787583
788385 789002
789642 789906
790680 791159
792830 793060
793579 793861
794666 795275
796261 798741
801050 801134
801809 802291
803022 803705
804992 807112
809929 810196
810705 811194
813492 814015
814655 814727
816333 816405
820103 820846
821893 821979
822736 824113
827545 828011
828657 828966
829532 830057
831486 832119
835633 836285
836894 837798
838369 838430
839220 840065
840698 842634
843289 843788
844383 845226
846210 846587
847430 847879
848643 848981
849522 851703
852254 854224
856097 856333
857560 857985
858602 860147
860935 861000
862390 862817
866376 866454
867565 867618
868950 869109
870831 871274
872559 872964
873619 873832
875903 876623
877231 877320
878341 879489
881236 883251
884390 885175
886295 887760
889786 889885
892524 892947
895691 896397
897074 897652
898165 899156
899852 900056
903788 904151
905773 906707
908838 908888
909428 909698
912142 913186
914549 915918
918787 919027
920841 922768
923613 924865
925414 925480
926021 928622
929701 929950
931249 931571
932127 932302
932814 933846
937370 937927
941295 942815
943410 944295
944841 944976
946380 946759
947845 948014
948706 949391
951749 952343
952929 953346
953961 954036
955113 955176
956426 956772
958560 958795
960185 960327
962478 963724
965208 965719
966367 967377
967940 968114
970343 970623
971485 971760
972461 972524
973555 973665
974771 975541
976827 977264
977959 979601
980404 980656
981803 982724
983921 984214
985524 985876
986525 988334
988920 990182
990913 991380
992741 994226
994967 995592
997962 998420
999508 1000317
1001922 1002327
1006487 1007583
1008108 1008173
1009020 1009381
1010242 1010516
1011437 1012631
1013374 1013960
1014859 1014959
1017701 1017766
1018638 1019069
1019678 1020482
1021134 1021425
1022171 1023960
1024578 1025271
1026243 1027971
1029713 1029868
1031367 1031971
1032865 1033197
1034220 1034432
1034942 1038064
1040464 1040819
1042750 1043472
1044298 1044989
1045907 1046234
1046969 1047385
1048543 1049127
1051286 1051685
1052346 1053380
1053997 1054496
1055863 1056349
1058588 1061083
1061902 1063227
1063927 1064723
1065732 1065809
1066686 1066782
1067296 1067535
1069057 1070164
1071302 1071572
1075853 1078827
1079440 1079509
Enterobacteriaceae_bacterium_LSJC7_gi_483283107_ref_NZ_
1 443
2867 3247
6115 6321
6974 7568
8790 9397
9975 10899
11806 13509
14121 14823
15839 16303
17430 18016
18901 19079
20203 20371
22654 23271
24088 24598
25619 26800
27743 28828
29695 30245
30956 31384
31917 31973
34134 34559
35186 35877
37403 37959
38893 39010
39732 40363
41382 41466
42378 42601
43604 43688
44914 46017
46684 47358
48348 48603
51878 52256
52879 53330
55369 56351
57061 58621
59898 60182
61743 62308
62845 62953
64015 64654
67743 67794
68434 71066
71873 72064
75413 76876
77844 77976
78826 79318
80343 80466
81039 81207
82291 82559
83159 83309
84137 84629
85400 85573
86487 86855
88124 88176
89228 89664
92278 92715
96349 98802
99454 100030
100864 100965
102189 102246
105091 105250
105784 105925
107634 107787
109611 111076
112514 112665
113762 114178
115517 116116
117954 119953
Enterobacteriaceae_bacterium_LSJC7_gi_483283570_ref_NZ_
1 799
Enterobacteriaceae_bacterium_LSJC7_gi_483282957_ref_NZ_
1 503
Enterobacteriaceae_bacterium_LSJC7_gi_483282975_ref_NZ_
1 366
Enterobacteriaceae_bacterium_LSJC7_gi_483282667_ref_NZ_
1 418
Enterobacteriaceae_bacterium_LSJC7_gi_483283473_ref_NZ_
1 1139
Enterobacteriaceae_bacterium_LSJC7_gi_483282644_ref_NZ_
1 230
Enterobacteriaceae_bacterium_LSJC7_gi_483283425_ref_NZ_
1 2412
3334 3441
Enterobacteriaceae_bacterium_LSJC7_gi_483282814_ref_NZ_
1 136
Enterobacteriaceae_bacterium_LSJC7_gi_483282441_ref_NZ_
1 469
1893 2047
2797 3468
4219 7760
8513 8758
9368 9574
11988 12128
12885 13391
14152 14307
14822 15356
15913 16345
17446 17529
18050 18599
19165 20931
21572 23707
24484 24743
25737 26612
29125 29527
30060 30509
31316 32632
37045 37175
39645 39869
41886 42547
45472 45543
49690 50336
51497 51758
52986 53255
54041 54588
55839 57316
58074 58487
59313 59784
60512 60898
62340 63154
63734 65053
65759 66174
66943 67012
68579 69459
70081 70199
70827 70893
71420 71495
72143 72950
73561 74200
76824 77049
79016 79466
81192 81606
82495 83874
85971 86084
88545 89137
91152 91827
92497 93079
94302 94427
96787 96938
101794 102257
102924 103036
104474 105179
107263 107469
109159 109271
110267 110442
111122 111175
112368 113016
114052 114120
114708 114957
116144 116754
118152 119376
120886 122452
123619 124464
125123 125246
127535 128750
129304 129403
130909 131799
133132 133693
134523 136534
138809 139490
140823 141680
143736 144990
150571 150665
151454 151605
152702 153171
154515 155204
159607 159658
160247 160436
161211 161332
163112 163270
166151 166510
167215 167928
169085 169542
171409 173688
175501 175872
178499 179229
180479 180929
181488 182008
182569 183835
184525 184668
186210 186329
187342 187484
189744 191589
196068 196335
197005 200280
202329 202792
204131 205595
206344 206498
Enterobacteriaceae_bacterium_LSJC7_gi_483282552_ref_NZ_
1 643
1358 2312
2830 2916
3694 4192
5100 5265
6890 8326
9048 10970
11951 12455
13244 14396
15959 16080
18587 19991
21123 23396
24333 24646
25865 25985
27269 27567
28872 28956
29771 32121
33315 33684
36419 37094
39007 40606
42307 42768
46322 47919
48922 49550
52530 53042
53704 55394
56649 57936
58798 59188
60207 60470
61290 61963
62703 63191
63765 64188
64761 66486
67312 67365
68634 69348
70799 71100
72070 73879
76607 77826
78828 79024
79720 79792
81260 82264
83148 83257
83780 84334
84869 85691
86683 89169
89916 90905
91558 92323
93465 93534
95413 97047
97554 98190
98761 99757
102458 104183
106181 107148
108070 108261
109631 109812
112310 112438
114063 115520
117351 118139
120176 120557
121545 122251
123069 123604
124183 124884
125557 125617
128469 129722
130923 131692
132295 132520
133501 134365
134871 135184
137166 137370
138002 138103
139501 139758
140304 140659
141946 142255
143071 143430
144181 145723
147289 147818
149195 149589
150394 150794
151386 153466
154011 155004
155899 156031
156692 157424
158635 159352
159978 160435
161261 161380
162496 162756
163409 164066
164819 164914
165689 166317
166856 167537
169288 169782
171151 171287
176237 176862
177644 177761
178290 178388
179451 180233
181042 184412
185574 185796
187155 187943
189743 191754
193118 193205
194374 195622
196165 197306
197849 198391
200876 201107
203135 203506
204226 204323
204970 205422
206321 209142
210818 211190
212876 213157
214275 214349
216465 216915
217483 217658
220117 221256
222222 222438
224386 224471
225178 227809
229273 230082
231523 233110
233898 233982
234653 234722
235261 235515
236869 237497
239518 240216
240784 242343
245223 245324
245918 246185
247636 247738
248770 249147
251011 251089
252772 254389
255226 257135
260268 260383
262986 264219
265185 266924
267616 267893
269656 271058
272616 273655
274925 275018
276703 283026
Enterobacteriaceae_bacterium_LSJC7_gi_483283077_ref_NZ_
1 994
2068 3208
4843 5650
7903 8414
9177 10922
12035 12102
12609 12676
13476 13681
14457 15969
16984 18345
19145 19786
20856 21201
22255 22791
23364 24009
25347 26842
27491 27912
29277 29573
31222 32043
33920 34550
35080 37761
38644 38780
41450 41644
43328 43661
44765 46803
47576 49060
50420 50559
51298 51403
52035 52148
53025 53094
53708 54618
55251 55829
56753 57058
60167 60568
61265 61749
63112 63437
67090 68411
69105 69462
71280 71441
73005 73280
74071 74247
76023 76766
77564 77807
79436 81887
82864 83376
85223 86382
87609 87979
88833 89099
90496 90550
91207 92493
93956 94288
94980 95655
96165 100895
102227 104158
104851 105056
105740 106453
107011 107637
108671 109137
110414 110871
111895 112130
112827 113281
113931 113996
115252 115547
117511 120229
124016 124272
124902 125206
125891 125968
127122 128094
130260 130767
131391 131540
134474 136581
137173 137317
138815 139692
142218 143461
144213 145782
146320 147073
148049 149189
151244 151467
153484 153985
157287 157385
157896 158342
160835 160979
162284 163433
164157 164580
165908 168688
173323 173395
174741 175122
178686 179803
180361 180842
185830 186744
189183 189507
190569 191200
193899 194882
195409 196851
Enterobacteriaceae_bacterium_LSJC7_gi_483283597_ref_NZ_
1 657
Enterobacteriaceae_bacterium_LSJC7_gi_483282617_ref_NZ_
94 343
Enterobacteriaceae_bacterium_LSJC7_gi_483282575_ref_NZ_
484 1098
Enterobacteriaceae_bacterium_LSJC7_gi_483283219_ref_NZ_
1 89
3782 6266
6931 7778
8645 8864
9408 10490
11133 11574
14200 15187
17639 18681
19528 20737
21797 22293
24358 24621
25495 25598
26155 26639
27341 27525
28041 28273
28848 29215
31436 32502
34616 35650
37825 38838
41484 41928
43348 43452
44653 46246
47802 47902
Enterobacteriaceae_bacterium_LSJC7_gi_483282898_ref_NZ_
1 372
1119 1382
2404 2789
4085 4699
5482 5677
6317 6381
7350 9947
13221 13383
14201 14992
15659 16540
17127 17262
18288 18918
19657 20040
22779 24905
25676 26362
27851 29391
30395 30582
31193 31929
34086 34502
35352 38183
39137 39913
40642 42081
43515 44451
45818 46314
47418 47502
48139 48416
50441 52157
55458 55877
56417 57182
57755 57952
58855 59052
59778 60294
62236 62857
64361 64535
66088 66314
67026 67155
68021 68265
69847 71532
72814 73648
75326 75439
75973 77965
78703 80228
80992 81533
82896 84462
86755 87925
90290 90438
91699 92590
93372 94012
94606 96513
99195 100561
101079 102347
102935 103125
103838 104172
104809 105103
107131 107587
108288 108650
110083 110779
111612 111713
112261 113108
113851 114998
116336 116652
117667 118788
119637 119968
120554 121848
123431 125181
126921 127222
128523 130341
131514 132390
133746 133964
135834 136955
140329 140723
141479 142183
143160 143603
144877 145603
146279 146382
147519 147984
149362 150138
150829 151064
152232 152576
153930 154184
156274 156795
158021 159334
159944 162045
162962 164286
169118 170591
171434 171744
172515 175023
175584 175887
176880 179111
180202 181056
185124 185562
187001 187121
187965 188027
188603 189410
193224 194575
195656 195839
196866 197027
197545 198531
199085 200677
202604 202781
204385 204684
206089 206505
208386 208672
209962 210569
211935 213138
213649 215976
217274 218022
218944 219048
219912 220231
222649 222983
224264 226089
227230 227382
228212 229403
230100 230471
232168 232909
234957 235166
235999 236076
237511 238331
Enterobacteriaceae_bacterium_LSJC7_gi_483283180_ref_NZ_
1 88
1328 1716
2957 3057
3744 4543
5866 5976
9437 10221
10953 11455
13826 14233
16972 17530
21652 22214
22798 23305
24170 24576
25707 25983
26568 27348
28607 28683
29247 30014
30544 30781
32405 32724
33389 33602
34261 34585
36184 36408
39514 39731
40254 40531
42732 43289
44162 44810
45634 45942
46788 47024
48367 48599
49289 49495
50806 51862
53042 53638
54294 54895
56056 56227
57902 58172
60355 60783
62111 63601
64634 65738
66914 67405
69069 70500
71467 71560
72387 72867
75190 77185
77765 78206
79223 80020
81154 81376
81895 82564
Enterobacteriaceae_bacterium_LSJC7_gi_483282699_ref_NZ_
1 171
1485 2768
4984 5291
6064 6322
7570 8458
10386 10550
11715 12782
13601 13917
15640 16247
18669 18822
19681 21035
23397 23850
25762 27359
29347 29399
30361 30849
32051 32541
33238 33525
35350 35521
36618 37265
39045 40775
42017 42384
43151 43351
45066 45319
46822 46877
47625 47742
49245 49690
51799 52658
55040 55959
60282 60780
61292 62495
64225 64522
65551 66521
68111 68544
69292 69721
70646 71349
72093 73386
74351 74441
75010 75297
75819 76368
76924 77590
78436 78515
80296 81715
82855 83516
Enterobacteriaceae_bacterium_LSJC7_gi_483282996_ref_NZ_
1 852
Enterobacteriaceae_bacterium_LSJC7_gi_483282470_ref_NZ_
1 3336
4910 5522
6969 7103
7721 8064
12792 13283
15111 17115
17961 18328
18847 19874
20452 21787
22387 23457
24884 25477
26338 28316
28832 30856
31388 32091
32732 32948
34030 35320
35881 36672
38122 39833
40637 40719
41510 42108
42614 43072
43671 43779
44423 44816
46151 47054
47981 50914
52954 53449
54260 55091
55658 58655
59276 60578
63123 63370
65360 65801
66775 67262
69364 70134
70781 71437
72196 72536
73548 74035
74699 74939
75853 76023
77318 77400
78266 78560
80060 80421
81130 81315
82505 82765
84632 88273
90199 90334
91212 91454
92078 92454
93645 93890
94625 98088
98965 99028
102486 102605
103535 103870
105830 106461
107499 108263
108839 109210
109765 113066
116080 116197
118869 119169
119803 119955
120707 121093
122648 122760
124181 124895
126609 126755
127336 127745
128664 129108
129695 129968
130677 130888
131980 133598
134327 136547
137124 138086
139233 139601
140196 140705
141388 141437
142019 142112
142716 142981
144118 144396
145056 145260
147835 148012
148605 149920
150642 150830
151332 151504
152024 152284
154914 155484
156083 156773
159057 159915
160575 160680
162076 162921
166598 166953
168546 170680
172342 174615
175515 176037
176964 177044
177822 178285
180827 181060
183739 183873
186547 186782
188311 189435
191034 191691
192402 192757
193611 193732
198111 198752
199357 199407
205067 206044
207237 207633
208206 208983
211211 211294
211992 212116
214102 215371
215944 216935
219797 222054
223152 223379
227805 228658
230093 230286
231070 231490
234147 234522
235288 235429
236102 236342
236923 237600
239378 240870
241424 241523
243716 244051
244692 244803
246823 247725
248918 248975
250574 250848
251411 251852
253671 254077
256870 257026
259359 260908
263059 263548
266347 267336
269098 269495
270025 270923
274361 275133
277753 278088
281107 281635
282381 282462
283377 283602
284466 284567
286098 286441
287270 287393
287946 288997
290039 290185
291012 291201
292178 293090
294129 295428
296298 296685
296779 298531
299324 300909
301865 302385
303286 303389
304191 304537
305451 305949
307204 307605
308486 308986
309795 309984
310487 310715
311985 312441
316064 316524
317037 317247
317820 318039
318594 319311
319920 321276
323345 323878
326376 326899
327405 327507
328018 328172
329597 330812
331726 332357
334882 337228
338165 338357
339030 340640
341376 341794
344647 345229
345755 346222
347654 347970
348746 349166
349693 353168
353777 354069
354790 355175
355682 357432
358069 359414
361016 364286
364801 365090
366224 367266
368867 369177
370001 371087
372527 372669
373553 373616
375146 377353
379239 379704
382156 382401
383264 384837
385338 386771
388660 388793
389695 390142
391196 392405
394397 394615
395529 395619
396205 396269
397138 398625
399160 401188
401826 404099
404632 404990
406177 406378
406957 407802
411376 411668
412300 413174
416489 416569
417654 419244
420042 420541
421647 421977
422631 423098
423930 425021
426254 427767
428388 428521
429022 429081
429678 429771
430308 431019
433901 435486
437656 437729
439243 439301
440116 441484
442325 442788
443988 444285
446921 447079
447593 447912
449463 450513
453836 454538
455290 456128
457090 457386
458579 458697
459305 459435
462272 462841
463888 465245
467075 467367
468436 468640
471201 471801
473193 473545
474448 474609
475118 475189
477986 478292
478993 479838
483492 484229
485722 485964
486527 486766
488507 488789
489653 490027
491072 491630
493294 493460
494083 494509
495244 495633
498562 501022
502611 502882
503596 503828
504851 505222
506055 506583
507548 508051
511386 511555
513084 513695
514743 515050
516552 518474
519102 520588
523862 524835
528259 528399
529551 533732
535127 535349
535955 536029
536661 536781
537756 538630
541153 543188
543704 546365
546992 548261
549053 551134
551896 552352
552977 554202
554870 555484
557279 557612
558577 558832
560390 560952
561504 562152
563949 564049
565236 567122
567626 568491
569471 569705
571010 572014
572580 575545
576834 577615
580433 582268
583844 583896
584648 584993
585530 585580
586782 587256
588446 588663
590174 591407
595129 596860
599613 600253
601156 604948
605821 605888
607041 608200
609709 609807
610808 611181
613074 613445
614494 615365
616776 616860
617401 618042
619130 619407
621651 622606
624684 628303
630571 630940
631664 632075
632623 633073
633663 634783
635475 637556
639694 640160
641720 641822
642362 642472
643283 643857
644694 645178
648445 648550
651810 652083
653365 654512
655062 655515
657964 658452
660132 660335
661913 662520
663855 664071
665058 666364
667826 668096
670367 671928
673146 673219
674645 674734
675409 676395
677959 678160
679249 680017
680792 683311
684784 686785
688710 689618
691750 692990
696098 696591
697372 697450
698280 700076
700677 700791
701975 702375
703240 704199
706415 707493
708602 711222
711769 711973
714850 715013
716678 716971
718278 718844
719621 719724
720351 720658
722149 723099
723681 724397
726324 726516
728457 730618
731572 731857
733942 734200
734871 735139
736499 737386
738155 738346
740676 741031
744729 745239
747831 748210
748743 749416
750656 750739
755307 756013
756907 757070
757739 757817
758329 758826
763452 763548
765913 766009
768484 769622
770887 771542
773455 773930
774829 775472
776242 776665
777687 778777
779405 780003
781728 781798
784281 784439
785819 787283
787921 788744
789320 789985
790800 791436
792134 792416
793286 793569
794734 795784
796493 798616
799473 799888
802311 802404
803355 804942
805733 806093
809061 809312
809901 810144
812867 813797
814740 815612
816551 817280
819151 820000
821114 821493
822040 822303
822870 824025
824822 825286
826124 826461
826997 827417
828189 829544
830095 830320
831563 832774
834493 834794
835581 835767
837019 837158
838654 839193
839825 841383
842193 842373
843005 843578
849043 851205
852456 853057
853772 854013
855852 855934
858511 860237
861088 861957
863009 863408
865068 865720
866446 866539
870067 870167
871270 872328
874681 876108
880600 882492
883172 883235
886141 887131
887950 888200
888802 889215
890468 891632
893904 894335
895430 896521
898224 899266
899791 900563
901355 902378
903332 903399
904723 905871
907362 907885
908409 908627
909948 910085
910718 910933
913113 913562
916303 917217
919460 919819
920855 921092
922715 924653
925368 925725
926331 926484
928952 929179
930622 930688
931340 931446
933894 934431
935559 935734
936505 936929
937799 939058
939703 940868
944332 944428
945625 945900
946574 946769
948496 948582
949724 949824
950544 951194
951844 952004
952717 953188
955653 955975
957351 957577
960501 961133
963091 963312
966321 966411
967033 967584
968739 968883
970040 970720
971773 973352
974571 975541
976809 977414
979073 979508
981547 981918
984663 984748
987135 987223
988323 989047
990400 991839
993887 994185
994982 995035
995688 997112
999780 999986
1004809 1005044
1005974 1006252
1006797 1007399
1007959 1008408
1008943 1009644
1012281 1013717
1014324 1014757
1015314 1015903
1017196 1017375
1018168 1018386
1020458 1021319
1023405 1023835
1025629 1025786
1027340 1027640
1030715 1030843
1031417 1031599
1033236 1033685
1034224 1034626
1035316 1036236
1036860 1037371
1037956 1038221
1038761 1039105
1043752 1043962
1044555 1046971
1051324 1051953
1054798 1055072
1055602 1055883
1056763 1059033
1059546 1060189
1060753 1061276
1063549 1063929
1065224 1065420
1066062 1067940
1071134 1071373
1072100 1072172
1074567 1075634
1076319 1077199
1078337 1079567
1081401 1081989
1082583 1082837
1084592 1084656
1085289 1085948
1087279 1087830
1088497 1088744
1089428 1092576
1093655 1094305
1097510 1098157
1099150 1100519
1101140 1102028
1102601 1102687
1103192 1104063
1104738 1105864
1106505 1107204
1108870 1108988
1110263 1110395
1111967 1112092
1113229 1113315
1113895 1115650
1117646 1117778
1119192 1119612
1121587 1122256
1122891 1123308
1123795 1124376
1125529 1125832
1127083 1127279
1127964 1128724
1129820 1130370
1130882 1131211
1131940 1132499
1133740 1134379
1135334 1135818
1137110 1138300
1140214 1143615
1144331 1145086
1148540 1148649
1149647 1150158
1152912 1153141
1153678 1153794
1154796 1155452
1156325 1157168
1158098 1158676
Enterobacteriaceae_bacterium_LSJC7_gi_483283710_ref_NZ_
1 514
Enterobacteriaceae_bacterium_LSJC7_gi_483283045_ref_NZ_
1 787
Enterobacteriaceae_bacterium_LSJC7_gi_483282759_ref_NZ_
1 213
2124 3584
4450 6493
7318 7858
8472 9869
10574 11227
12135 12237
13827 13937
15377 15456
16039 16163
16921 17088
18381 18578
19244 19582
22005 22065
24409 24617
26009 27024
27579 28794
29340 30041
Enterobacteriaceae_bacterium_LSJC7_gi_483282654_ref_NZ_
1 237
Enterobacteriaceae_bacterium_LSJC7_gi_483283648_ref_NZ_
1 566
Enterobacteriaceae_bacterium_LSJC7_gi_483283371_ref_NZ_
1 917
3106 4546
Enterobacteriaceae_bacterium_LSJC7_gi_483282863_ref_NZ_
1 446
2277 2353
3101 3153
4755 5296
9596 11385
13755 14420
15075 15140
16540 17316
18604 18682
19609 21987
23682 24098
24691 24899
26527 27065
28460 28629
29880 30071
32009 33246
36916 38376
39371 39421
40235 40900
41579 42225
44097 44296
44703 45288
46182 46493
47074 47291
47828 47954
49327 49697
50310 50720
51277 51515
52048 52551
53131 53755
56544 56674
57302 57463
58596 60650
62582 63050
64702 64892
66358 66898
68054 68119
69978 70089
71404 71767
72412 73183
74345 74588
76098 76519
80389 80567
81383 81667
82412 83981
85318 85767
88046 88452
89670 90121
91264 92158
92821 94108
95093 95531
96756 96956
97540 98941
100712 101297
101981 102059
102700 103272
104343 104597
105934 106141
106986 107058
107586 108895
109503 110321
112523 113250
114228 114631
118123 118292
119148 119263
121726 122200
122907 123281
125507 125668
126758 126953
127577 130595
131759 132159
134321 134470
135132 135462
136371 136971
137750 138168
138878 139429
140869 141092
142515 142617
144245 144758
145559 145914
146654 146863
148016 153094
154474 154543
155097 155575
156180 156771
157349 159298
159811 161210
163509 163567
164710 165491
166717 167690
168678 168745
175027 176180
177922 178017
178615 179363
183020 183300
183907 185492
186154 186413
186939 187720
189111 189207
191483 192077
193453 193909
194899 196757
197633 197718
198392 198533
199636 200556
201458 201612
202176 202369
207231 208582
209174 210008
210534 211173
212497 212582
213235 213551
214669 214873
215841 216865
217846 217985
223283 224490
225237 226927
227963 228013
229137 230692
231361 231549
232413 232672
233396 235429
236537 238687
240574 241239
244470 245020
248256 248821
249476 250334
252118 252535
253432 253700
254712 255587
257210 257443
258158 258371
261231 262117
262885 263231
263880 264151
265997 266143
266748 266836
267702 268052
271366 271556
272958 273304
274242 274459
277991 278948
279855 283858
285465 286904
287511 287848
288640 289232
292511 293134
293735 294327
296512 297692
299228 299547
302004 302165
302972 304588
305227 307128
307682 307825
308403 309128
310814 311456
312082 312153
313443 313537
314293 316925
317477 318096
318820 318925
319449 319955
321263 321886
322606 322978
323650 323770
324403 324674
328303 330680
331324 331520
332229 332473
333270 333752
335246 335507
336608 336734
337635 338145
341716 342256
342858 343224
344246 344300
346070 346429
347047 347125
