Enterobacteriaceae_bacterium_LSJC7_gi_483282930_ref_NZ_
1 836
1539 6374
6982 7546
13487 15187
18444 18750
19319 19444
28114 28245
29087 29362
34700 34927
38922 39154
41246 41310
42051 42437
53962 54382
55151 55901
57524 57612
59511 60339
61015 61407
74157 74406
75004 75077
75988 76136
Enterobacteriaceae_bacterium_LSJC7_gi_483283524_ref_NZ_
1 996
Enterobacteriaceae_bacterium_LSJC7_gi_483282521_ref_NZ_
1 53
2870 2931
11155 12048
13350 13443
15621 15705
24826 25059
32170 32636
41638 42907
50610 50778
58037 58135
61268 61356
70959 71032
72664 72855
77722 77784
83303 83741
90033 90329
107238 107362
112569 112655
113847 114828
115771 116143
117668 117807
118684 118812
124829 125335
127925 130635
131600 133676
185181 185328
188427 188594
195123 195257
197011 197162
201058 201127
204854 205200
212890 213159
218579 218642
225725 225840
226755 226830
230715 230967
232761 232994
234643 235489
240414 240824
242667 242770
245930 246215
251503 251918
259325 259482
266271 266381
274557 274713
287040 287349
288211 288344
289706 289795
310169 310226
317930 318013
322782 323200
333880 334245
341451 341505
354273 354599
358484 358552
362453 362516
384703 384791
391093 391181
404124 404243
406756 406935
415882 415949
425761 426031
439311 439818
450367 450975
461163 461394
464258 464313
465060 465115
486506 486989
503876 503938
506457 506509
509525 510127
512724 512810
513641 513959
516200 516348
519472 519546
525022 525143
528033 528126
529471 529712
557957 559039
Enterobacteriaceae_bacterium_LSJC7_gi_483283287_ref_NZ_
1 270
2492 2801
5415 6133
Enterobacteriaceae_bacterium_LSJC7_gi_483283352_ref_NZ_
2014 2098
14385 14447
20979 21051
22727 23225
30149 30594
Enterobacteriaceae_bacterium_LSJC7_gi_483282499_ref_NZ_
2141 2226
4624 4682
9698 10357
12011 12123
60896 60948
69479 69651
79455 79783
85495 85917
93591 93791
109743 110290
114401 114876
125691 126000
128524 128871
131524 132018
135212 135550
139192 139486
143285 143783
156946 157351
163122 163515
164624 165199
171085 171146
171877 172250
189592 189704
206840 207229
225181 225263
250485 250558
251160 251872
252552 252615
256534 256583
269403 269825
274547 274596
284742 284890
290429 290825
293912 294125
303375 303808
307902 308065
312499 312886
315138 315215
330672 330807
344695 344748
351691 352077
355384 355926
357351 357452
367937 368019
374058 374390
386830 386972
394643 395062
407194 407245
410559 410941
433552 434142
438018 438574
446697 446772
448046 448312
449899 450209
455009 455071
455688 455749
460556 460618
462183 462857
481904 482270
490694 490759
497450 497591
523109 523583
524174 524250
531890 532807
542903 543115
551578 552022
565593 566101
576315 576520
579587 579654
582242 582624
588367 589378
590618 590672
627566 627931
628861 628917
634622 635561
637155 637683
643328 643875
651690 651901
668368 668455
669482 669859
676308 676824
679165 679215
682043 682094
689633 689744
699770 700559
704520 704787
707732 707848
718989 719162
740740 740822
743148 743543
764345 764442
771509 771771
782807 782926
783876 784238
814827 815139
837099 837514
847430 847496
848134 848594
853075 853447
854112 854177
856008 856406
864554 864603
872602 872667
878845 878947
880338 880810
881434 881522
882827 882880
885446 885874
897075 897138
905768 905820
912275 912416
918605 918776
921574 922397
923974 924049
925415 925490
927918 928423
933674 933845
951760 952035
978331 979084
988862 988914
991598 991965
1007187 1008112
1019812 1020498
1021163 1022160
1033130 1033196
1037008 1037223
1064510 1064722
1065707 1065825
1067345 1067425
1077322 1077591
1079457 1079509
Enterobacteriaceae_bacterium_LSJC7_gi_483283107_ref_NZ_
12746 13306
14122 14239
16238 16398
17472 17693
35301 35846
38894 39002
51202 51349
51945 52249
52919 53250
55366 55573
56927 57027
57779 58237
99671 99828
105050 105546
115510 115842
Enterobacteriaceae_bacterium_LSJC7_gi_483283570_ref_NZ_
1 799
Enterobacteriaceae_bacterium_LSJC7_gi_483282957_ref_NZ_
1 503
Enterobacteriaceae_bacterium_LSJC7_gi_483282975_ref_NZ_
1 366
Enterobacteriaceae_bacterium_LSJC7_gi_483282667_ref_NZ_
1 418
Enterobacteriaceae_bacterium_LSJC7_gi_483283473_ref_NZ_
1 1139
Enterobacteriaceae_bacterium_LSJC7_gi_483282644_ref_NZ_
1 230
Enterobacteriaceae_bacterium_LSJC7_gi_483283425_ref_NZ_
1 1829
2513 2784
Enterobacteriaceae_bacterium_LSJC7_gi_483282814_ref_NZ_
1 136
291 359
Enterobacteriaceae_bacterium_LSJC7_gi_483282441_ref_NZ_
1 260
3394 3535
6844 7790
20156 20727
22123 22207
46798 47032
55789 56328
65839 66130
89475 89697
105459 105915
111121 111272
112811 112866
118762 119115
121113 121933
125118 125175
139206 139297
141984 142350
167646 167922
177756 177974
183222 183310
189726 189827
195784 195888
206438 206498
Enterobacteriaceae_bacterium_LSJC7_gi_483282552_ref_NZ_
1 646
1176 1561
4047 4180
13389 14114
22975 23093
25554 25874
28468 28688
30145 30247
36488 36617
54068 54328
57543 58040
61754 61919
73811 73889
77387 77489
83149 83256
86761 87242
90006 90346
97050 98174
106732 107147
107891 108206
115375 115432
116383 116737
117758 117907
121777 122250
123070 123513
149243 149580
152429 152507
155930 156062
165953 166242
181255 181491
184112 184195
190496 190569
225407 227166
231981 233010
236000 236055
242082 242390
254324 254398
263782 264218
265395 265715
276992 277511
280499 283026
Enterobacteriaceae_bacterium_LSJC7_gi_483283077_ref_NZ_
1 519
2068 2492
17091 17277
21433 21555
25558 25614
48410 48757
53024 53077
56370 56427
68403 68462
75502 75684
77564 77736
81458 81887
83455 83942
97653 97716
100295 100848
111838 112099
115253 115546
121678 121732
127123 127479
143269 143525
146462 146654
158004 158167
162290 162349
168499 168672
170993 171089
176793 176856
195929 196138
196802 196851
Enterobacteriaceae_bacterium_LSJC7_gi_483283597_ref_NZ_
1 657
Enterobacteriaceae_bacterium_LSJC7_gi_483282617_ref_NZ_
1 343
Enterobacteriaceae_bacterium_LSJC7_gi_483282575_ref_NZ_
1 339
977 1098
Enterobacteriaceae_bacterium_LSJC7_gi_483283219_ref_NZ_
1 89
5128 5798
6834 7009
20778 21067
35372 35463
38460 38859
Enterobacteriaceae_bacterium_LSJC7_gi_483282898_ref_NZ_
1 237
4205 4515
5146 5505
7351 7421
9785 9926
14473 14548
19658 20039
36473 36605
39379 39637
55879 55938
73589 73647
75974 76698
101465 101527
102279 102346
107052 107132
127639 128257
131702 131832
141713 141765
152489 152633
158106 159357
159945 160009
170452 170759
172825 173297
174151 174513
210513 210568
213047 213178
217267 217552
218432 218602
219182 219231
224305 224523
225531 226082
228212 228675
236945 237061
237597 238331
Enterobacteriaceae_bacterium_LSJC7_gi_483283180_ref_NZ_
1 90
608 684
22136 22213
35773 36629
39499 39628
41103 41274
71544 71668
72542 72988
Enterobacteriaceae_bacterium_LSJC7_gi_483282699_ref_NZ_
1 229
1485 2685
14885 14995
18130 18400
27060 27336
30743 30987
36619 37184
45742 46076
51800 51880
52426 52563
61737 61804
68307 68372
75972 76037
83461 83516
Enterobacteriaceae_bacterium_LSJC7_gi_483282996_ref_NZ_
1 852
Enterobacteriaceae_bacterium_LSJC7_gi_483282470_ref_NZ_
1 73
23391 23456
26726 26969
27579 27653
54765 55630
57294 57362
73593 74033
84577 84677
91280 91454
96314 96365
96981 97058
97780 98055
102846 102898
110887 111379
112577 112899
118989 119392
124163 124240
124912 125618
126594 126759
130652 130877
135973 136477
138035 138084
141527 141583
143540 144065
154739 154964
156063 156719
170573 170630
177823 177935
186618 186698
188872 189047
197149 198236
201204 201274
207238 207534
211116 211221
220076 220530
221387 221550
232752 232854
235989 236384
236895 236944
239450 239504
247301 247632
254746 254991
263316 263375
266729 267033
275032 275093
296718 297464
297999 298651
300168 300303
303287 303388
304397 304495
305531 305588
309934 310063
329149 329573
331500 332099
345756 346200
357611 358054
360929 361214
375163 375261
375797 376049
384478 385547
389776 390050
398332 398624
407318 407411
417751 418708
429679 429770
435433 435485
450273 450509
462275 462330
466739 467071
481178 481528
493354 493463
498954 499636
502073 502436
506056 506451
530351 530413
531200 531254
531854 532261
542359 543056
547617 547766
550646 551141
563292 563342
567997 568531
571974 572038
574599 574769
575355 575504
583872 584783
585493 585568
586968 587138
599314 600069
603743 604540
613302 613447
623390 623615
626460 626776
634294 634783
637150 637437
639528 639579
642363 642499
647175 647393
661934 662088
665170 665589
675479 676379
684785 685138
690199 690646
691915 692453
719680 719767
720600 720657
736613 736677
738131 738265
744739 744890
758768 758822
788615 788896
790816 791443
793874 794148
795427 795794
802312 802422
803739 804185
812788 812887
813807 813862
821971 822318
822853 822962
827280 827398
828266 828327
829602 830265
840021 840411
843006 843414
846296 846691
851209 851265
871452 871521
894045 894334
899286 899764
903332 903804
913625 914100
922861 924016
926431 926483
927287 928233
937977 938054
938589 939045
941753 941813
945592 945809
946575 947032
957272 957328
960449 960523
963107 963243
970223 970604
972813 973461
977003 977413
990201 990501
994981 995034
996436 996889
1002232 1002568
1005675 1005950
1011977 1012032
1012811 1013695
1021486 1021979
1027655 1028249
1035346 1035836
1038137 1038246
1046084 1046396
1058687 1058962
1063609 1063825
1067852 1068019
1077181 1077232
1089327 1089823
1099297 1099354
1114211 1114608
1117649 1117816
1123248 1123550
1128935 1129103
1131884 1132498
1133831 1134003
1145233 1145614
1158566 1158676
Enterobacteriaceae_bacterium_LSJC7_gi_483283710_ref_NZ_
1 514
Enterobacteriaceae_bacterium_LSJC7_gi_483283045_ref_NZ_
1 787
Enterobacteriaceae_bacterium_LSJC7_gi_483282759_ref_NZ_
1 137
1635 2245
13937 14027
27587 28213
30009 30061
Enterobacteriaceae_bacterium_LSJC7_gi_483282654_ref_NZ_
1 237
Enterobacteriaceae_bacterium_LSJC7_gi_483283648_ref_NZ_
1 566
Enterobacteriaceae_bacterium_LSJC7_gi_483283371_ref_NZ_
1 524
3423 3859
Enterobacteriaceae_bacterium_LSJC7_gi_483282863_ref_NZ_
1 467
4763 5002
10006 10098
16818 17330
58818 58913
71683 71766
88354 88451
91374 91817
97541 97664
108378 108494
111960 112101
120958 121007
121724 122199
129541 130110
150257 150586
156179 156470
160068 160347
163510 163572
175078 175601
178795 179262
187023 187176
198147 198516
207221 208260
209487 209927
210535 211139
214720 214886
215815 215996
222716 223347
238416 238696
239967 240349
249728 250145
258324 258561
275424 275683
278335 278387
279894 280146
281570 282155
308493 308617
314401 314529
315085 315534
317606 317686
319413 319492
331247 331472
335665 335716
343938 344316
345047 345181
347070 347125
