Eubacterium_biforme_gi_224515307_ref_NZ_
1 541164
541788 740341
742193 742419
742944 743513
744058 744623
745202 747983
755478 756129
756741 758546
760161 768133
770148 770200
772342 773360
773920 774101
774602 775143
777214 783794
784069 788913
789533 791472
791587 791772
791945 800180
800313 801505
801863 802028
802181 802322
802632 802707
804351 804614
805022 805555
806102 806441
807151 807253
809918 810280
811924 812152
814104 814225
816894 817691
818494 828810
829528 1691111
1691780 2517763
