Parabacteroides_merdae_gi_423721761_ref_NZ_
1 645980
681782 928763
Parabacteroides_merdae_gi_423724986_ref_NZ_
1 430807
Parabacteroides_merdae_gi_423725517_ref_NZ_
1 132113
Parabacteroides_merdae_gi_423723394_ref_NZ_
1 54150
54231 203015
206947 209804
211512 215923
218085 218459
219316 220264
228065 228835
230408 389156
409854 409937
411390 411750
413676 413867
414989 415151
416438 416570
417723 418201
420170 462563
465303 734811
Parabacteroides_merdae_gi_423725688_ref_NZ_
1 20053
Parabacteroides_merdae_gi_423724611_ref_NZ_
1 216986
217584 233389
233551 454576
Parabacteroides_merdae_gi_423725824_ref_NZ_
1 3212
Parabacteroides_merdae_gi_423722616_ref_NZ_
1 901995
Parabacteroides_merdae_gi_423725627_ref_NZ_
1 53605
Parabacteroides_merdae_gi_423725329_ref_NZ_
1 175002
Parabacteroides_merdae_gi_423724126_ref_NZ_
1 623804
