Parabacteroides_merdae_gi_423721761_ref_NZ_
1 645980
674939 675004
681782 928763
Parabacteroides_merdae_gi_423724986_ref_NZ_
1 430807
Parabacteroides_merdae_gi_423725517_ref_NZ_
1 132113
Parabacteroides_merdae_gi_423723394_ref_NZ_
1 54150
54231 201012
202504 222875
223402 372802
373889 374147
375055 377550
378331 379551
380585 381043
381569 382159
383281 383508
384389 386120
386734 389474
391759 392247
397695 398145
399244 462563
465303 734811
Parabacteroides_merdae_gi_423725688_ref_NZ_
1 20053
Parabacteroides_merdae_gi_423724611_ref_NZ_
1 233389
233551 454576
Parabacteroides_merdae_gi_423725824_ref_NZ_
1 3212
Parabacteroides_merdae_gi_423722616_ref_NZ_
1 901995
Parabacteroides_merdae_gi_423725627_ref_NZ_
1 53605
Parabacteroides_merdae_gi_423725329_ref_NZ_
1 175002
Parabacteroides_merdae_gi_423724126_ref_NZ_
1 623804
