Parabacteroides_merdae_gi_423721761_ref_NZ_
1 646054
663931 664367
670965 671916
673013 673364
674357 678458
681558 681671
681782 928763
Parabacteroides_merdae_gi_423724986_ref_NZ_
1 430807
Parabacteroides_merdae_gi_423725517_ref_NZ_
1 132113
Parabacteroides_merdae_gi_423723394_ref_NZ_
1 199727
200731 201012
202484 203083
204629 207168
207707 216973
217675 223794
224479 224782
225541 372756
373319 376480
377766 382569
383150 389474
390621 392682
393227 393900
394488 394612
399108 400406
401218 402344
402970 462563
465303 734811
Parabacteroides_merdae_gi_423725688_ref_NZ_
1 20053
Parabacteroides_merdae_gi_423724611_ref_NZ_
1 233409
233551 454576
Parabacteroides_merdae_gi_423725824_ref_NZ_
1 3212
Parabacteroides_merdae_gi_423722616_ref_NZ_
1 901995
Parabacteroides_merdae_gi_423725627_ref_NZ_
1 53605
Parabacteroides_merdae_gi_423725329_ref_NZ_
1 175002
Parabacteroides_merdae_gi_423724126_ref_NZ_
1 623804
