Ruminococcus_sp_SR1_5_gi_479152295_ref_NC_
1 36166
36307 76865
77702 79791
81396 138457
139061 187826
187913 201285
201955 211201
212433 212712
213327 214719
216593 219721
220584 244898
245442 260559
261214 262302
262394 269674
278141 278721
279284 285951
286779 300695
304709 306594
308197 312752
313463 313991
314589 316291
316874 321875
322454 330790
331296 345968
347383 347770
348284 355545
356240 358221
359402 363037
363965 365559
366545 367744
368171 556702
556791 632480
632579 641487
641556 717542
718538 719972
720802 721713
722572 733258
734262 740925
742407 753750
754781 761330
762090 763886
764917 822814
823330 826803
827829 845646
846349 1028274
1028434 1093713
1093796 1093937
1094627 1132542
1132783 1155401
1156043 1169108
1169347 1250082
1250748 1251093
1251305 1251392
1251708 1303663
1303823 1310753
1311304 1334279
1334856 1343284
1343778 1373717
1374251 1374700
1380911 1381167
1383540 1389998
1393501 1400036
1400641 1410194
1410340 1441268
1441350 1455500
1456181 1559713
1559819 1716526
1716769 1789825
1790428 1863719
1863921 1893809
1894434 1908199
1909012 1965401
1965572 2050623
2051246 2052255
2052983 2055698
2056367 2058311
2059456 2061172
2062302 2065202
2065820 2067247
2067998 2184471
2184918 2227042
2227766 2234990
2235639 2236110
2237732 2238313
2239090 2291735
2292745 2372766
2373872 2374781
2375085 2375642
2375871 2376913
2378448 2380739
2381311 2382044
2382562 2383491
2383700 2383762
2384379 2389226
2391626 2393621
2395167 2400117
2400715 2412468
2413648 2417699
2419082 2426399
2427413 2427635
2428252 2428371
2428827 2451364
2451945 2515671
2515772 2517354
2517477 2580107
2580223 2588749
2589241 2591004
2591835 2603829
2604486 2642209
2642362 2663058
2663682 2682435
2683067 2703658
2703859 2705828
2706053 2901860
2902401 3020733
3022448 3026613
3026866 3035423
3036553 3129035
3132744 3133791
3134004 3170042
3170132 3176050
3176823 3182192
3182729 3195561
3196167 3203853
3204417 3258263
3263352 3271116
3271213 3382145
3382656 3382816
3383434 3385205
3385288 3400019
3400115 3505367
3505852 3514708
3514883 3545606
