Ruminococcus_sp_SR1_5_gi_479152295_ref_NC_
1 79553
81026 202490
202667 209148
209822 211305
212253 212431
212647 212794
213015 214935
216138 266133
266362 266955
267103 267224
267414 288251
288399 301493
303003 729635
729701 730144
730486 733246
733451 733703
734171 735644
736299 739330
739888 741292
742303 753601
754781 1250370
1250595 1250841
1250999 1251124
1251333 1251444
1251511 1374739
1375371 1377384
1380247 1380385
1380585 1380760
1380878 1381050
1381171 1384042
1385127 1393542
1394448 1907117
1908106 2227034
2227170 2247229
2249631 2251600
2252236 2262655
2262722 2377305
2377410 2377648
2377726 2377991
2378218 2384989
2385272 2385433
2385675 2391655
2391735 2392010
2392164 2395253
2395320 2395467
2395619 2427346
2427413 2427635
2428252 2428411
2428827 2619423
2619661 2633032
2633586 2667633
2667747 3025608
3026388 3026613
3026866 3032854
3032959 3036178
3036522 3036743
3036873 3039764
3040185 3040438
3040673 3129532
3129805 3131829
3132359 3132487
3132612 3133815
3134004 3258263
3262966 3382145
3382656 3545606
