Ruminococcus_sp_SR1_5_gi_479152295_ref_NC_
1 36166
36329 40775
41006 50541
50647 76865
77711 175499
175583 213563
214597 214719
216593 219714
220597 244621
245940 260559
262394 262863
265615 285904
286744 313991
314529 314772
315521 316291
316874 325888
326811 333190
333970 343283
344256 345968
346557 352644
352904 353003
353220 353420
355871 358385
359768 362934
363616 363679
363943 401083
401173 571684
571938 586804
586908 683960
684480 688832
688980 716102
716676 717542
718478 723187
723696 733267
734226 740925
742353 753601
753685 753750
754781 757978
758065 759679
760386 762190
762831 763811
765016 822722
823347 827101
827877 837212
837545 837683
837990 840589
840840 845600
846364 930061
930395 1018007
1018137 1023617
1023750 1028330
1028423 1093713
1093796 1093937
1094615 1096353
1096461 1110175
1110406 1116685
1116782 1132542
1132665 1135950
1136022 1138509
1138723 1155383
1156043 1159589
1160110 1168730
1168957 1169072
1169360 1250138
1251741 1256079
1257157 1257781
1258296 1259511
1260058 1265974
1266947 1285686
1286200 1307374
1307462 1310310
1311221 1332859
1333166 1333259
1333669 1334436
1334894 1348998
1349093 1369755
1370699 1371324
1371484 1373679
1374191 1374685
1380630 1381734
1383567 1387486
1387556 1410194
1410363 1423137
1423240 1455155
1456225 1469478
1469693 1469782
1469993 1543552
1543955 1605108
1605681 1713001
1713079 1752757
1753320 1774871
1774982 1789797
1790604 1797632
1798227 1834561
1834796 1842862
1843009 1848805
1848899 1855869
1856071 1856388
1856625 1872014
1872250 1872396
1872640 1886837
1887201 1893809
1894440 1937445
1937911 1954879
1954990 1964833
1964970 2012513
2012841 2030094
2030334 2030421
2030652 2050182
2051523 2055249
2056367 2058376
2059455 2061711
2062628 2107213
2107786 2140370
2140950 2146847
2147111 2205617
2206262 2209444
2209984 2212527
2213158 2227001
2227746 2229710
2229939 2234580
2235584 2236110
2238240 2238313
2239158 2245287
2245893 2268876
2268981 2288609
2288705 2291784
2292367 2293219
2293377 2311767
2312062 2312172
2312504 2346399
2346946 2358273
2358807 2365094
2365994 2371646
2371944 2373334
2373599 2373879
2374885 2375699
2375871 2376913
2378364 2380024
2381311 2381966
2382520 2386473
2388502 2389226
2390570 2391478
2392512 2393093
2393335 2393438
2394898 2395071
2395879 2402472
2402773 2404035
2405657 2405756
2405965 2413801
2414777 2417311
2420987 2427322
2427413 2427635
2428252 2428371
2428827 2432207
2432431 2432566
2433362 2434185
2434714 2435210
2435421 2435575
2435868 2447231
2447820 2457167
2457441 2459467
2459959 2464038
2464649 2479712
2479929 2482220
2482806 2483486
2483704 2483871
2484090 2484750
2484950 2496431
2496512 2517354
2517559 2525403
2525616 2530950
2531352 2532477
2533293 2536533
2536761 2550158
2550317 2550814
2551490 2560317
2560529 2560649
2561232 2581965
2582360 2588623
2589252 2591141
2591786 2602435
2602634 2603829
2604534 2616396
2617492 2676117
2676690 2682435
2683067 2683805
2683990 2722812
2723360 2859500
2860088 2864401
2864675 2864752
2865031 2896926
2897080 2911071
2911269 2947211
2947391 2967260
2967388 2968016
2968558 2972146
2972345 2977582
2977791 2983097
2983298 2988464
2988536 2991766
2992341 3008435
3008583 3010553
3010703 3021088
3022164 3026613
3026866 3027289
3027492 3034912
3036987 3055744
3055879 3117705
3117875 3118013
3118310 3129008
3129988 3130074
3132249 3133791
3134057 3142212
3142291 3176024
3176996 3203774
3204419 3223181
3223938 3256150
3256303 3258263
3263352 3263658
3263847 3283903
3284560 3317938
3318191 3318291
3318511 3370542
3370781 3378749
3379227 3379344
3379436 3379552
3380356 3382145
3382656 3387837
3387909 3404166
3404291 3410670
3411218 3420025
3420196 3470003
3470181 3474720
3474934 3498660
3498944 3514696
3514883 3531458
3531701 3545606
