Streptococcus_australis_gi_417919191_ref_NZ_
1 5338
Streptococcus_australis_gi_417920964_ref_NZ_
1 1337
Streptococcus_australis_gi_417919239_ref_NZ_
1 1720
2568 6662
7179 7276
8489 15806
16592 20035
20918 21416
21527 21813
21888 23316
24221 24523
25058 26832
27855 30283
30859 53204
53613 59621
60305 60922
61157 61281
64063 65543
67690 72835
Streptococcus_australis_gi_417919757_ref_NZ_
1 794
2029 3080
5284 7308
8072 8273
9043 9157
12030 29606
31798 36594
36793 37625
38142 38731
40671 41272
41406 48969
49064 52657
54400 60392
Streptococcus_australis_gi_417920034_ref_NZ_
346 10132
11555 15220
15779 28178
28374 30322
32482 35061
35975 36389
Streptococcus_australis_gi_417918893_ref_NZ_
1 310
1251 3385
4285 7568
Streptococcus_australis_gi_417920468_ref_NZ_
1 28737
29456 42560
43496 51521
Streptococcus_australis_gi_417919724_ref_NZ_
110 8682
9226 11845
13746 19421
19998 26511
28496 30595
Streptococcus_australis_gi_417919033_ref_NZ_
1 74
1261 13076
14048 39242
39818 40989
41539 48561
49568 50004
50707 59106
60479 62365
63050 63158
63977 74930
75508 83920
84830 88987
90903 91991
92656 95103
95786 96765
96866 97286
97384 97669
98183 102740
Streptococcus_australis_gi_417920108_ref_NZ_
1 11415
Streptococcus_australis_gi_417919822_ref_NZ_
1 4264
5038 10356
11268 14353
19200 20426
20985 36484
Streptococcus_australis_gi_417920356_ref_NZ_
1 3476
4006 5073
6733 6813
7318 9670
10247 15309
17876 18431
18570 19012
20624 21239
22429 23712
Streptococcus_australis_gi_417919610_ref_NZ_
1 10994
12628 12974
13494 17375
17909 24516
25683 32244
33431 35075
35621 38577
39122 39381
39908 42632
42822 52967
55329 68374
70572 110677
111285 120695
Streptococcus_australis_gi_417919131_ref_NZ_
1 595
1357 5686
5795 8711
9260 11318
12097 22133
23611 25648
26421 28888
29637 36605
37107 37188
38252 38419
39309 39744
40059 41660
42507 49895
50447 52262
57051 58826
59338 59948
60559 60936
61571 61708
Streptococcus_australis_gi_417920354_ref_NZ_
1 788
Streptococcus_australis_gi_417920122_ref_NZ_
1 893
10141 15825
17500 43919
44478 49366
49438 55436
55937 61270
61849 62279
Streptococcus_australis_gi_417920119_ref_NZ_
1 1290
Streptococcus_australis_gi_417919551_ref_NZ_
1 14700
15433 19668
Streptococcus_australis_gi_417919360_ref_NZ_
1 758
1731 3044
3581 5850
6417 8813
9913 10505
13655 16409
17540 24027
24925 25838
Streptococcus_australis_gi_417920028_ref_NZ_
1 8042
8702 9138
Streptococcus_australis_gi_417919185_ref_NZ_
1 4655
Streptococcus_australis_gi_417919708_ref_NZ_
1 6518
6869 8245
8980 12718
Streptococcus_australis_gi_417920070_ref_NZ_
1 53
754 926
1328 8142
Streptococcus_australis_gi_417919297_ref_NZ_
1357 1891
2778 19934
Streptococcus_australis_gi_417919314_ref_NZ_
1 346
3351 6082
7605 8024
11136 14671
18009 23634
24449 30248
30879 30980
31496 35771
36519 38215
38719 40407
41282 42205
42441 45913
Streptococcus_australis_gi_417919573_ref_NZ_
1 2763
5402 9157
11045 15678
17034 18177
18683 29885
30817 37404
39826 43763
Streptococcus_australis_gi_417920749_ref_NZ_
1 15916
16425 62091
63205 64019
65620 67660
68202 75000
81328 84328
85074 103448
106354 107182
109260 109720
111733 113208
115481 122521
123367 127151
128417 137506
140783 147409
148005 148447
149325 153042
154026 155547
157088 157314
161319 165852
166373 173422
174158 190750
Streptococcus_australis_gi_417919019_ref_NZ_
1 8145
Streptococcus_australis_gi_417920546_ref_NZ_
1 879
Streptococcus_australis_gi_417920417_ref_NZ_
1 27572
34903 49834
Streptococcus_australis_gi_417920351_ref_NZ_
1 351
Streptococcus_australis_gi_417920551_ref_NZ_
1 13695
14252 15580
16392 17449
18055 21586
21823 25809
27374 37684
38273 52324
54401 63138
Streptococcus_australis_gi_417920006_ref_NZ_
1 9459
10241 15114
16044 16261
16888 17607
18481 25726
Streptococcus_australis_gi_417918903_ref_NZ_
1 16173
16716 22670
24458 26549
27205 27914
28570 47571
48278 67445
68171 69405
69937 71476
72638 73727
74355 80433
81050 85873
91906 98339
99996 102201
102697 102777
103440 112876
113625 114297
114804 115580
116705 117092
Streptococcus_australis_gi_417920192_ref_NZ_
1 11651
12389 18686
19839 20183
20721 21863
22682 27437
29013 37875
39108 68041
68687 69926
70432 70825
72196 72306
73349 74349
76673 83562
85681 86878
88316 98067
99695 102570
103337 118542
118731 136696
137317 141287
141800 142857
143786 145246
146105 151913
Streptococcus_australis_gi_417920388_ref_NZ_
1 2669
4910 6481
6640 14733
16541 17281
18737 22687
23402 23874
24405 24552
24657 24936
25096 28613
29227 30423
Streptococcus_australis_gi_417920549_ref_NZ_
1 1507
Streptococcus_australis_gi_417920614_ref_NZ_
1 10559
11207 14230
15207 21114
Streptococcus_australis_gi_417919856_ref_NZ_
1 1666
1832 3129
Streptococcus_australis_gi_417920924_ref_NZ_
1 5035
5111 6483
7866 9573
11714 12443
13069 13151
13681 14265
15197 21099
22015 22600
23426 24721
30015 40207
Streptococcus_australis_gi_417919392_ref_NZ_
1 1695
2612 2850
3536 6360
7070 8602
9183 23395
23900 32981
34261 40696
41279 45758
52168 65658
65739 70477
71031 74477
74612 91232
94061 94187
94920 100206
100966 124351
125089 125335
126423 126650
128677 129691
130382 132911
134079 136717
137262 143147
Streptococcus_australis_gi_417919198_ref_NZ_
1 869
1470 4121
4977 6070
6231 6299
8790 8948
9024 9658
11951 14163
14723 15111
16628 25650
26191 33196
Streptococcus_australis_gi_417920081_ref_NZ_
1 3124
3332 4486
5051 5399
6357 12140
13014 15174
16582 17710
18265 19825
20801 25833
26972 31786
Streptococcus_australis_gi_417920500_ref_NZ_
1 11255
11862 12377
12928 32323
34732 38150
39338 41778
Streptococcus_australis_gi_417919862_ref_NZ_
1 12657
13546 15467
16008 25754
26592 34409
35501 35637
36939 44792
46159 69399
70169 71876
72448 73061
74089 76985
78500 92053
92893 111684
112258 113477
114370 114667
115955 116859
119168 125712
126230 135763
136703 152209
154062 154445
155933 158620
159159 162640
Streptococcus_australis_gi_417919753_ref_NZ_
1 2251
Streptococcus_australis_gi_417919030_ref_NZ_
1 1011
Streptococcus_australis_gi_417920634_ref_NZ_
354 3226
3827 9433
17774 25609
26113 36295
36860 39357
40145 43031
43637 44322
44898 45692
46273 58057
59206 69648
69767 70416
70545 72247
75591 96554
100239 102214
103986 108937
110716 111829
112729 117272
117368 118811
Streptococcus_australis_gi_417919224_ref_NZ_
1 11514
