Streptococcus_australis_gi_417919191_ref_NZ_
Streptococcus_australis_gi_417920964_ref_NZ_
1 1337
Streptococcus_australis_gi_417919239_ref_NZ_
1 21813
21886 24523
25132 25301
25483 33678
33872 56343
56545 57512
57699 59314
59510 61470
67550 72835
Streptococcus_australis_gi_417919757_ref_NZ_
1 1278
2751 9051
10842 14403
14991 15672
16220 22995
28794 29561
30312 30872
31737 36588
36791 36885
37647 53638
54477 60392
Streptococcus_australis_gi_417920034_ref_NZ_
3753 10065
11354 28179
28370 31701
32331 35069
35805 36389
Streptococcus_australis_gi_417918893_ref_NZ_
5999 7568
Streptococcus_australis_gi_417920468_ref_NZ_
1 51422
Streptococcus_australis_gi_417919724_ref_NZ_
1 2405
25677 26194
30354 30595
Streptococcus_australis_gi_417919033_ref_NZ_
491 24219
26420 32875
34792 41844
42035 46061
46254 48043
50191 53122
53678 68562
71034 80439
81042 83148
84376 89050
90418 92298
92961 93914
96866 98489
100676 101020
101240 102027
102406 102496
Streptococcus_australis_gi_417920108_ref_NZ_
1 11415
Streptococcus_australis_gi_417919822_ref_NZ_
999 3352
5881 14300
24579 25607
26583 33009
33177 33252
35178 36484
Streptococcus_australis_gi_417920356_ref_NZ_
1 15020
18570 21742
22963 23712
Streptococcus_australis_gi_417919610_ref_NZ_
1 7274
7933 15922
25183 25379
25851 29477
33115 33839
34436 34493
42826 47950
48725 55616
64116 74778
75296 89534
90078 90990
91843 91899
92527 92601
93342 97457
98388 102861
103628 106455
107073 113459
113585 113855
114645 120695
Streptococcus_australis_gi_417919131_ref_NZ_
1 129
8940 11688
12462 25280
25784 31326
35633 35906
Streptococcus_australis_gi_417920354_ref_NZ_
1 788
Streptococcus_australis_gi_417920122_ref_NZ_
1 2334
4218 5535
6332 8411
10213 43439
47699 47966
49438 62279
Streptococcus_australis_gi_417920119_ref_NZ_
1 1290
Streptococcus_australis_gi_417919551_ref_NZ_
1 10442
11000 19668
Streptococcus_australis_gi_417919360_ref_NZ_
9959 16849
17437 20961
21156 26071
Streptococcus_australis_gi_417920028_ref_NZ_
1 6450
7236 8511
8977 9138
Streptococcus_australis_gi_417919185_ref_NZ_
1 3903
4592 4655
Streptococcus_australis_gi_417919708_ref_NZ_
1 6059
6485 7117
11192 12718
Streptococcus_australis_gi_417920070_ref_NZ_
754 926
1328 8142
Streptococcus_australis_gi_417919297_ref_NZ_
1 807
1461 3926
Streptococcus_australis_gi_417919314_ref_NZ_
3351 6461
7166 8795
10649 15852
17375 35840
36675 40759
41635 45913
Streptococcus_australis_gi_417919573_ref_NZ_
1366 3697
5216 7634
25397 25593
Streptococcus_australis_gi_417920749_ref_NZ_
8462 11112
18394 20575
26438 35299
37137 54892
55839 56749
57850 59244
59974 64672
65417 73182
90732 102909
103550 105657
106544 110626
112235 122835
123537 127172
128674 130716
157277 164228
164306 168544
169050 172008
172197 175851
176735 190750
Streptococcus_australis_gi_417919019_ref_NZ_
1 8145
Streptococcus_australis_gi_417920546_ref_NZ_
1 879
Streptococcus_australis_gi_417920417_ref_NZ_
1 15200
15833 18409
21576 23013
Streptococcus_australis_gi_417920351_ref_NZ_
Streptococcus_australis_gi_417920551_ref_NZ_
1 14573
14768 24628
25336 25957
27427 63138
Streptococcus_australis_gi_417920006_ref_NZ_
1 8150
8306 17370
17582 25726
Streptococcus_australis_gi_417918903_ref_NZ_
1 6189
7070 12425
17272 20729
22178 55329
82345 83101
92397 98154
99110 99344
100784 108998
110363 114059
114878 115974
116775 117083
Streptococcus_australis_gi_417920192_ref_NZ_
293 15147
15334 19272
21467 29675
30861 38132
39178 55220
55573 60279
60733 62591
69929 70097
93539 96775
103545 104060
108494 139619
140143 141213
142039 148139
Streptococcus_australis_gi_417920388_ref_NZ_
1 2261
4910 8357
8972 17399
18977 21643
21748 24529
24657 30423
Streptococcus_australis_gi_417920549_ref_NZ_
1 1507
Streptococcus_australis_gi_417920614_ref_NZ_
1 10450
11272 21114
Streptococcus_australis_gi_417919856_ref_NZ_
1344 1666
Streptococcus_australis_gi_417920924_ref_NZ_
1 4885
5593 6447
7135 8258
9056 9296
12007 12499
13923 14073
15439 22504
23320 23416
24493 40207
Streptococcus_australis_gi_417919392_ref_NZ_
1 787
3777 6471
7177 13268
14081 26104
26289 26410
27521 37032
38182 63983
65739 71280
71894 74477
74612 100206
100966 124600
127150 138140
138495 143147
Streptococcus_australis_gi_417919198_ref_NZ_
1 734
1527 6063
6231 6299
6456 8624
28192 32462
32914 33196
Streptococcus_australis_gi_417920081_ref_NZ_
1 1668
4825 5493
6051 11504
13217 20775
21327 31786
Streptococcus_australis_gi_417920500_ref_NZ_
1 14269
16944 32160
34782 41778
Streptococcus_australis_gi_417919862_ref_NZ_
3126 17551
17743 19201
19387 28613
30717 34345
37018 45333
46450 69646
70350 75040
75641 77694
78736 84018
85469 91857
92151 97014
97639 105425
105623 116782
118777 120704
121789 133128
135150 150913
151544 154286
156325 162640
Streptococcus_australis_gi_417919753_ref_NZ_
1 2251
Streptococcus_australis_gi_417919030_ref_NZ_
1 1011
Streptococcus_australis_gi_417920634_ref_NZ_
1083 8854
9604 20184
20998 55321
55621 58072
59244 86359
87901 91449
91962 96508
100209 117173
117368 118811
Streptococcus_australis_gi_417919224_ref_NZ_
1 11514
