Streptococcus_australis_gi_417919191_ref_NZ_
1 4233
4869 5338
Streptococcus_australis_gi_417920964_ref_NZ_
1 1337
Streptococcus_australis_gi_417919239_ref_NZ_
1 4167
4743 18267
19087 26750
27328 31019
32191 61483
62523 70671
72177 72835
Streptococcus_australis_gi_417919757_ref_NZ_
1 17258
17945 18254
18794 24074
24578 26314
28370 28943
29463 54810
55434 60392
Streptococcus_australis_gi_417920034_ref_NZ_
1 657
1820 23976
24548 31862
32414 36389
Streptococcus_australis_gi_417918893_ref_NZ_
1 2650
3199 7568
Streptococcus_australis_gi_417920468_ref_NZ_
1 46307
48738 51521
Streptococcus_australis_gi_417919724_ref_NZ_
1 5670
6511 14105
19045 21125
21646 28447
29686 30595
Streptococcus_australis_gi_417919033_ref_NZ_
1 1588
2125 14115
14225 16894
17686 23863
24422 25052
25247 27349
28514 28917
29489 30586
31090 32192
32927 33039
33989 34417
35009 43012
44273 58409
60059 63906
64453 68785
69059 75497
76494 77609
78613 79348
80130 80857
81486 82339
82887 87395
88113 102740
Streptococcus_australis_gi_417920108_ref_NZ_
1 11415
Streptococcus_australis_gi_417919822_ref_NZ_
1 14401
16269 16580
19152 20426
20969 21843
23592 24596
25509 36484
Streptococcus_australis_gi_417920356_ref_NZ_
1 21898
22287 23712
Streptococcus_australis_gi_417919610_ref_NZ_
1 5131
5784 14320
14821 18802
22701 24627
25749 38566
39320 40527
41068 41860
42485 43416
44325 44694
45394 62585
64027 70007
70572 91820
92577 102697
103629 111681
112511 114613
115549 120695
Streptococcus_australis_gi_417919131_ref_NZ_
1 3221
3724 5780
7038 12832
14315 17387
17944 19682
20214 21992
22728 34715
35244 43474
44035 44475
45087 50871
51745 52766
53275 53847
55709 58243
58970 61708
Streptococcus_australis_gi_417920354_ref_NZ_
1 788
Streptococcus_australis_gi_417920122_ref_NZ_
1 14289
15091 46850
46959 47966
48162 55837
56417 62279
Streptococcus_australis_gi_417920119_ref_NZ_
1 1290
Streptococcus_australis_gi_417919551_ref_NZ_
1 1447
2575 17895
18510 19668
Streptococcus_australis_gi_417919360_ref_NZ_
1 4748
7133 7605
8214 8279
8833 10907
12902 19731
19841 20062
20249 26531
27128 27611
Streptococcus_australis_gi_417920028_ref_NZ_
1 9138
Streptococcus_australis_gi_417919185_ref_NZ_
1 2020
2637 4655
Streptococcus_australis_gi_417919708_ref_NZ_
1 11525
11690 12718
Streptococcus_australis_gi_417920070_ref_NZ_
1 8142
Streptococcus_australis_gi_417919297_ref_NZ_
1 138
1015 7620
8262 8319
8936 9059
9830 10573
10651 11032
11938 13980
14592 15460
16043 19934
Streptococcus_australis_gi_417919314_ref_NZ_
1 479
3140 5675
6260 18159
18814 19393
19917 20972
22082 22288
22795 24431
24974 35936
36471 36725
38409 45913
Streptococcus_australis_gi_417919573_ref_NZ_
1 5751
6652 6994
7578 11295
12369 12503
13119 20224
20830 21539
22180 22779
23296 23707
24781 26973
28896 29873
30406 33247
34678 35402
36065 37420
38436 38984
39692 40584
41185 41598
42177 43763
Streptococcus_australis_gi_417920749_ref_NZ_
1 3515
4144 5887
8330 8607
9167 12527
13054 13184
15186 17202
17720 21870
22876 23321
23847 28939
29468 58590
59599 61584
62113 62233
63094 66087
67094 67975
69812 79522
81328 82112
82965 84607
85116 85385
85912 112476
113130 114448
115212 121020
121582 130670
132708 137554
141929 142640
143835 143943
145549 145736
146747 150471
151082 151974
152871 153026
153669 154513
155048 158138
159008 167964
168481 174077
174704 174845
175602 176403
177682 189000
189532 190750
Streptococcus_australis_gi_417919019_ref_NZ_
1 2784
3427 3512
4341 7443
8038 8145
Streptococcus_australis_gi_417920546_ref_NZ_
1 879
Streptococcus_australis_gi_417920417_ref_NZ_
1 18472
19022 20047
20769 23579
25439 26451
27665 28559
34301 35090
35918 37294
38407 41717
42350 42648
43155 43213
43840 44926
46926 49834
Streptococcus_australis_gi_417920351_ref_NZ_
1 1281
2196 2556
Streptococcus_australis_gi_417920551_ref_NZ_
1 9164
9837 10932
11445 19324
20034 22754
23650 26212
26869 27012
27514 28057
28605 37626
37741 41826
46587 58346
59011 63138
Streptococcus_australis_gi_417920006_ref_NZ_
1 23107
23686 25726
Streptococcus_australis_gi_417918903_ref_NZ_
1 12641
14232 29726
30308 30656
31656 37503
39546 39640
40202 43224
43811 56170
56822 58706
59466 75238
76148 77188
78713 79134
79643 79815
81415 86427
88096 88743
89405 94634
95172 101102
101994 114987
115518 115910
116506 117275
Streptococcus_australis_gi_417920192_ref_NZ_
1 183
1819 16299
16892 16998
17155 17951
18045 38919
39992 64653
65184 67106
67719 70986
71847 72321
72834 75121
75627 80200
80846 81713
82439 83477
85515 88446
90221 90873
91382 92397
93358 98487
99044 99943
101512 102171
102679 104727
105609 119045
119571 124217
124356 126568
128009 129369
130307 151913
Streptococcus_australis_gi_417920388_ref_NZ_
1 14761
15551 20036
20600 30423
Streptococcus_australis_gi_417920549_ref_NZ_
1 1507
Streptococcus_australis_gi_417920614_ref_NZ_
1 2017
2600 5655
6768 21114
Streptococcus_australis_gi_417919856_ref_NZ_
1 1732
2249 3129
Streptococcus_australis_gi_417920924_ref_NZ_
1 7459
8906 9115
9670 15169
16667 24766
26094 28677
29208 29368
29966 33858
34747 35096
35858 40207
Streptococcus_australis_gi_417919392_ref_NZ_
1 13633
13863 27247
28808 42107
42638 45568
52037 54073
54750 74477
74612 93873
94039 100206
100966 135737
136252 143147
Streptococcus_australis_gi_417919198_ref_NZ_
1 7394
7902 10030
10541 12324
12975 13035
13690 13795
14311 20838
21921 23344
24606 24741
25306 33196
Streptococcus_australis_gi_417920081_ref_NZ_
1 23371
25255 31786
Streptococcus_australis_gi_417920500_ref_NZ_
1 32371
34684 41778
Streptococcus_australis_gi_417919862_ref_NZ_
1 640
1202 1283
2162 14120
14764 28634
29330 35685
36891 37198
37744 69985
70864 74144
74694 75028
75161 75351
75570 77572
78162 84018
85047 116413
116810 117123
117265 120301
121079 121465
122125 150306
150851 162640
Streptococcus_australis_gi_417919753_ref_NZ_
1 2251
Streptococcus_australis_gi_417919030_ref_NZ_
1 1011
Streptococcus_australis_gi_417920634_ref_NZ_
1 11066
17011 20744
21303 34632
35296 37220
37933 71677
72273 80381
81172 100139
100668 102259
103367 118811
Streptococcus_australis_gi_417919224_ref_NZ_
1 4688
5195 11514
