Streptococcus_australis_gi_417919191_ref_NZ_
1 4233
4869 5338
Streptococcus_australis_gi_417920964_ref_NZ_
1 1337
Streptococcus_australis_gi_417919239_ref_NZ_
1 2056
3090 15975
19091 19279
21097 26836
27731 31728
32393 57514
57700 61473
64682 64943
65613 68887
69417 72177
72734 72835
Streptococcus_australis_gi_417919757_ref_NZ_
1 4086
4837 5033
6094 9022
9743 10046
10899 25088
25611 25890
27022 29650
30256 30882
31483 35936
36319 36601
36803 37036
37640 38507
40044 53139
53769 60392
Streptococcus_australis_gi_417920034_ref_NZ_
1 9484
10875 31410
32100 35105
35663 36389
Streptococcus_australis_gi_417918893_ref_NZ_
1 379
1153 7568
Streptococcus_australis_gi_417920468_ref_NZ_
1 6235
7493 28706
29556 45360
46049 46321
50314 51521
Streptococcus_australis_gi_417919724_ref_NZ_
1 6371
8080 8395
10540 11534
12046 12300
13240 27335
28120 30595
Streptococcus_australis_gi_417919033_ref_NZ_
905 19669
20759 21393
22331 22500
32931 33197
35841 41832
42020 43012
45165 50005
53950 56955
58461 58842
59525 60290
61653 62354
63050 63158
63908 72187
72690 74886
79304 87025
88117 91215
91985 92035
92259 94011
96298 100905
101076 101250
102059 102621
Streptococcus_australis_gi_417920108_ref_NZ_
1 7057
7853 10624
11139 11415
Streptococcus_australis_gi_417919822_ref_NZ_
1 4508
5034 5775
6291 14304
19028 19286
20969 25538
26583 36484
Streptococcus_australis_gi_417920356_ref_NZ_
1 2513
3159 5777
7717 12216
12397 13978
14944 19176
20414 22240
22792 23712
Streptococcus_australis_gi_417919610_ref_NZ_
1 16431
25683 29477
29992 32855
33691 34556
35090 35377
36409 45346
45429 52443
53564 53831
55356 55925
56586 90186
93813 112459
113554 120695
Streptococcus_australis_gi_417919131_ref_NZ_
1 4120
4966 7420
14997 25208
26141 36344
37084 37296
37807 38604
39214 40065
48676 48906
Streptococcus_australis_gi_417920354_ref_NZ_
1 788
Streptococcus_australis_gi_417920122_ref_NZ_
1 1304
2214 3115
9980 15116
16958 48084
48855 61270
62047 62279
Streptococcus_australis_gi_417920119_ref_NZ_
1 1290
Streptococcus_australis_gi_417919551_ref_NZ_
1 532
1299 12245
12929 15203
15830 19668
Streptococcus_australis_gi_417919360_ref_NZ_
1 4744
13563 16072
16825 19607
20179 21842
22978 25130
25647 25838
26039 27611
Streptococcus_australis_gi_417920028_ref_NZ_
1 9138
Streptococcus_australis_gi_417919185_ref_NZ_
1 3317
4070 4655
Streptococcus_australis_gi_417919708_ref_NZ_
1 1673
2365 7137
8105 8735
11737 12718
Streptococcus_australis_gi_417920070_ref_NZ_
1 499
754 926
1328 8142
Streptococcus_australis_gi_417919297_ref_NZ_
1 134
3108 3926
10372 10674
11311 19934
Streptococcus_australis_gi_417919314_ref_NZ_
3332 8676
9857 10066
11384 15204
18728 18969
19477 20708
21285 21952
22795 23740
24272 30248
30828 41292
41922 42205
42494 43478
44052 44798
45378 45913
Streptococcus_australis_gi_417919573_ref_NZ_
1366 2807
3855 4247
4892 7873
9096 15777
16368 43763
Streptococcus_australis_gi_417920749_ref_NZ_
1 18193
18379 20577
21518 21843
24323 61947
62626 74965
87319 87813
89710 105298
106310 107213
109693 110801
111524 112472
113248 114453
115341 121479
123962 127227
128637 130868
132712 137605
140110 147464
153347 154022
156412 156508
157392 172186
185317 190750
Streptococcus_australis_gi_417919019_ref_NZ_
1 8145
Streptococcus_australis_gi_417920546_ref_NZ_
1 879
Streptococcus_australis_gi_417920417_ref_NZ_
1 17057
21444 35164
38515 39708
47236 49834
Streptococcus_australis_gi_417920351_ref_NZ_
1 2556
Streptococcus_australis_gi_417920551_ref_NZ_
1 15220
16348 20230
20885 22750
23657 26397
27330 46206
47127 57945
60022 63138
Streptococcus_australis_gi_417920006_ref_NZ_
1 25726
Streptococcus_australis_gi_417918903_ref_NZ_
1 15202
15965 22596
24458 26549
27205 41936
43763 45013
45698 48260
48878 57458
58241 58706
59412 69838
70585 72509
73050 73593
75835 76057
77449 78661
79186 84546
91679 97531
99896 111606
112478 113459
114397 114626
116510 117275
Streptococcus_australis_gi_417920192_ref_NZ_
1 11695
12258 19022
20183 24656
25369 26802
29013 34939
36051 37935
40617 49169
49824 53890
54413 55212
55774 62592
69728 69943
70546 79079
80664 83528
93369 99206
100122 100398
101882 103466
103545 104413
108494 118543
118725 139573
141984 143908
144744 145512
146441 148139
148304 151913
Streptococcus_australis_gi_417920388_ref_NZ_
1 3031
4910 7012
10448 14844
16260 20036
20609 22706
24635 28592
29356 30423
Streptococcus_australis_gi_417920549_ref_NZ_
1 1507
Streptococcus_australis_gi_417920614_ref_NZ_
1 21114
Streptococcus_australis_gi_417919856_ref_NZ_
162 343
1208 3129
Streptococcus_australis_gi_417920924_ref_NZ_
1 4341
6483 8416
11366 13582
14365 20023
20553 23794
24430 24766
26094 35092
35862 40207
Streptococcus_australis_gi_417919392_ref_NZ_
1 197
844 972
3177 14856
15064 17200
17682 23510
24759 26299
28812 30673
31986 39398
40213 40621
41308 60805
61596 65542
65739 67448
68152 68230
68889 69278
71897 74477
74612 90938
93762 94359
95086 100206
100966 106087
106855 119010
120551 121331
122119 123346
124124 124405
125300 125526
128097 130291
131243 131858
134197 134976
136793 143147
Streptococcus_australis_gi_417919198_ref_NZ_
1 3118
3734 6063
6231 6380
6456 8085
8764 14922
16584 29082
29600 33196
Streptococcus_australis_gi_417920081_ref_NZ_
1 1429
2237 3272
4261 4505
7151 15313
16176 21130
21968 23250
26972 31786
Streptococcus_australis_gi_417920500_ref_NZ_
1 32371
34354 41778
Streptococcus_australis_gi_417919862_ref_NZ_
1 3127
3314 12471
13713 15339
16263 23218
24100 25800
26630 28613
30717 35233
36839 44961
45726 46118
46725 73680
74196 111810
112410 115574
118562 125908
126441 133961
134862 151004
151911 152392
153078 154286
155109 155554
156325 156534
157356 157477
158378 158462
158994 162640
Streptococcus_australis_gi_417919753_ref_NZ_
1 2251
Streptococcus_australis_gi_417919030_ref_NZ_
1 1011
Streptococcus_australis_gi_417920634_ref_NZ_
1 9089
9957 10160
18018 25659
26619 30760
31457 39410
40145 54621
55556 72472
73982 77044
77636 85264
85944 96594
99409 99673
101276 104277
104584 117244
117356 118811
Streptococcus_australis_gi_417919224_ref_NZ_
1 7745
11046 11514
