Coprococcus_eutactus_gi_224514852_ref_NZ_
1 326794
327663 329736
330072 330637
331434 333812
334074 371583
Coprococcus_eutactus_gi_224514866_ref_NZ_
1 50263
52639 53802
54625 56481
57021 71033
71921 80357
81355 92796
Coprococcus_eutactus_gi_224514845_ref_NZ_
1 278619
Coprococcus_eutactus_gi_224514847_ref_NZ_
1 3252
Coprococcus_eutactus_gi_224514863_ref_NZ_
1 2324
Coprococcus_eutactus_gi_224514861_ref_NZ_
1 98946
99048 118189
Coprococcus_eutactus_gi_224514864_ref_NZ_
1 105596
Coprococcus_eutactus_gi_224514875_ref_NZ_
1 137524
137729 150444
151374 195117
Coprococcus_eutactus_gi_224514860_ref_NZ_
1 123275
123427 124431
126274 129118
130859 131208
131537 170701
171312 350588
351597 624153
Coprococcus_eutactus_gi_224514858_ref_NZ_
1 6057
Coprococcus_eutactus_gi_224514868_ref_NZ_
1 24965
26786 30755
31321 39956
43716 43782
45009 57816
58275 77672
Coprococcus_eutactus_gi_224514850_ref_NZ_
1 1619
Coprococcus_eutactus_gi_224514851_ref_NZ_
1 116752
117387 176203
176310 180987
Coprococcus_eutactus_gi_224514865_ref_NZ_
1 97775
97875 97983
99205 110911
Coprococcus_eutactus_gi_224514853_ref_NZ_
1 9065
9358 9872
10494 11740
12375 16059
17667 18427
19882 21539
23403 128678
Coprococcus_eutactus_gi_224514871_ref_NZ_
1 71904
75914 92864
Coprococcus_eutactus_gi_224514856_ref_NZ_
1 215819
Coprococcus_eutactus_gi_224514854_ref_NZ_
1 60644
Coprococcus_eutactus_gi_224514849_ref_NZ_
1 165152
165237 249424
249503 254038
Coprococcus_eutactus_gi_224514857_ref_NZ_
1 3723
Coprococcus_eutactus_gi_224514873_ref_NZ_
1 2590
Coprococcus_eutactus_gi_224514846_ref_NZ_
1 2000
Coprococcus_eutactus_gi_224514862_ref_NZ_
1 143822
145886 172583
