Parabacteroides_distasonis_ATCC_8503_gi_150006674_ref_NC_
1 540
1619 3609
4220 12470
13193 13835
14489 15544
17235 18342
19526 24209
24823 26116
26760 31056
31731 47402
48821 49675
50493 79698
80314 92901
93599 100973
101574 103575
104267 108034
108754 122056
122991 141985
143791 148469
149045 155412
156210 164926
165803 175688
176405 180129
180638 184932
185589 189095
189620 205417
206408 207251
208042 225886
226487 258196
258906 260004
260616 262253
262997 267400
268277 289155
289970 318395
319068 339876
342437 350963
351682 388113
388726 389277
390123 426655
427331 432519
433067 434592
435238 443236
444058 445560
446334 457914
458484 466787
467425 488818
489419 497679
498404 508627
510117 521716
522332 537687
538254 579486
580250 582441
582966 587816
588719 594464
595013 602024
603070 603499
604335 622835
623366 628786
629308 646683
647926 694305
694944 697807
698589 701086
701765 731127
731766 733309
734030 738496
739867 752341
753093 773630
773865 786342
786475 805555
805627 807991
808564 815378
816011 825018
825618 830821
831619 833007
833517 851827
851926 852645
853375 889184
889858 896416
897064 909252
909799 943956
944676 953266
953777 957225
957816 963560
964306 966163
966826 978658
979192 1021242
1021407 1031986
1032585 1038275
1039097 1043910
1044445 1046975
1047714 1056005
1056600 1057538
1058679 1059273
1060330 1066962
1067634 1071895
1072604 1093463
1094106 1101486
1102107 1103965
1104733 1116019
1116669 1117591
1118110 1126603
1127105 1153664
1154509 1163302
1163600 1170557
1171316 1186287
1186796 1198226
1199047 1204724
1205299 1207224
1207895 1208202
1208792 1209440
1210406 1233576
1234361 1238567
1239255 1256165
1256887 1268667
1269446 1270360
1271946 1305326
1305863 1334520
1335393 1337561
1338608 1338665
1339307 1341270
1342562 1354213
1354973 1355867
1356501 1377604
1378490 1420543
1421155 1435378
1435963 1528091
1528762 1540780
1541514 1558132
1558637 1559287
1560178 1563718
1564253 1600685
1601343 1650064
1650747 1658767
1659389 1674879
1675867 1687956
1688609 1695118
1695783 1714280
1714902 1720236
1720428 1722250
1723104 1730669
1731181 1735890
1736677 1814605
1815216 1823108
1823794 1827000
1827639 1843538
1844231 1872844
1873351 1877204
1878726 1887892
1888664 1932677
1933335 1935539
1936142 1937326
1938032 1984989
1985881 2004642
2005338 2010226
2010727 2013332
2014235 2016540
2017211 2019126
2019632 2078927
2079626 2103280
2103815 2113623
2114435 2116245
2117039 2119033
2119549 2122942
2123491 2145791
2146648 2174618
2175125 2184432
2185547 2186831
2187665 2188536
2189969 2190586
2191282 2191729
2192536 2193721
2194629 2201131
2201989 2207060
2207581 2221972
2222618 2223884
2224618 2235822
2236697 2249937
2250581 2268637
2269239 2275202
2275757 2280075
2280753 2287918
2289016 2292786
2294113 2299043
2299653 2302260
2302993 2303646
2304159 2311934
2313918 2335527
2336615 2354592
2355207 2356640
2357450 2357961
2358586 2371828
2372358 2376414
2377113 2393365
2393896 2409383
2410012 2453166
2453980 2461914
2462065 2464305
2465141 2471353
2471642 2478031
2478639 2479001
2479627 2480892
2481653 2488095
2488741 2490193
2490849 2492032
2493249 2495726
2497086 2504200
2504851 2508980
2511892 2519026
2519624 2523234
2523916 2532679
2533288 2545396
2547703 2548742
2549537 2550707
2552069 2574615
2575293 2575589
2576219 2579998
2580959 2632584
2633101 2637015
2638226 2641012
2641790 2651904
2652629 2664020
2664764 2667357
2668260 2671158
2671907 2695957
2696783 2698717
2699253 2706279
2707133 2710566
2711081 2714326
2714962 2715877
2716415 2718907
2719981 2721107
2722335 2734871
2736051 2737824
2738450 2739756
2740374 2740712
2741346 2747439
2748089 2748549
2749269 2751343
2751951 2761906
2763054 2763219
2764018 2768209
2768766 2771450
2772310 2776575
2777237 2778996
2779498 2788645
2789273 2799079
2799893 2810663
2811185 2816853
2817510 2819133
2819641 2822472
2823626 2841006
2841532 2845187
2845717 2851655
2852616 2852668
2853759 2875379
2876158 2878391
2879089 2879296
2879945 2883156
2883757 2885901
2886503 2888597
2889125 2890127
2890249 2890339
2891074 2897336
2898056 2899841
2900659 2900986
2902372 2905666
2906288 2918379
2919378 2920927
2921649 2925206
2926378 2935720
2936375 2942713
2943216 2951313
2952136 2960576
2961808 2967362
2968086 2968991
2969644 2981259
2981871 2983147
2983804 2988829
2989486 2993284
2993790 2997787
2998476 3011961
3012565 3034763
3035395 3035599
3036412 3057058
3057602 3063913
3064478 3066098
3066886 3071095
3072849 3076497
3077206 3089214
3089963 3092321
3093450 3094030
3094902 3102758
3103575 3105687
3106265 3109316
3109959 3111985
3113513 3114732
3115084 3126887
3127903 3137326
3137862 3147738
3149613 3151644
3152403 3154595
3155237 3183759
3185115 3185861
3186466 3197737
3198274 3205894
3206503 3230123
3231170 3234072
3235060 3256837
3257507 3282560
3283106 3283602
3284386 3287829
3288488 3292797
3293528 3311117
3312098 3312924
3313611 3313697
3315090 3316530
3317177 3325710
3326738 3344059
3344995 3349813
3350866 3389364
3389993 3390578
3391137 3392626
3393243 3393615
3394382 3418306
3419071 3422525
3423581 3443766
3444498 3454008
3454520 3463158
3463679 3464202
3464860 3473298
3473917 3476944
3477781 3517645
3518457 3519035
3519611 3521530
3522159 3523915
3524539 3525365
3526114 3550182
3550852 3552583
3553078 3553215
3553890 3555192
3556749 3565945
3566257 3584011
3584996 3585100
3585706 3604378
3604951 3612467
3613038 3626376
3626878 3643776
3644474 3646102
3646754 3654407
3655052 3662373
3663103 3683020
3683657 3693711
3695094 3700140
3701193 3716111
3716968 3730298
3731050 3737484
3739205 3740683
3741332 3745288
3745956 3746361
3747087 3754179
3754884 3755820
3756455 3757179
3758300 3762051
3762740 3780047
3780635 3790700
3791325 3793422
3794336 3799739
3800483 3800728
3801312 3801678
3802335 3808976
3809573 3821589
3822106 3868767
3869318 3871626
3872336 3879934
3880504 3888527
3889589 3892114
3892709 3898976
3899627 3900185
3900914 3901102
3901857 3938732
3938840 3959424
3960840 3961571
3962382 3967436
3968095 3974023
3974650 3979057
3979671 3980336
3981104 3983389
3984894 3986289
3986854 3987160
3988048 3990832
3991502 4002789
4003407 4007811
4008927 4009325
4009869 4010360
4010990 4025968
4026738 4038381
4038998 4040222
4041216 4041658
4042218 4047892
4048621 4049010
4049149 4067610
4068128 4068933
4069805 4072851
4073461 4076170
4076937 4077256
4078081 4103075
4103703 4115020
4116596 4123290
4123971 4135565
4136265 4138467
4139051 4155353
4155957 4160648
4161164 4164041
4164348 4168038
4168822 4177300
4178180 4188128
4188758 4189559
4190320 4194283
4194914 4201187
4201708 4216955
4217835 4219340
4219859 4223013
4224221 4226112
4226762 4230144
4230698 4232202
4232785 4238027
4238690 4239699
4241254 4246017
4246598 4253298
4254627 4259896
4260420 4262190
4262797 4319427
4319960 4321742
4322509 4347079
4347610 4358119
4358648 4372063
4372669 4375289
4375938 4379453
4380180 4393237
4393877 4394317
4395084 4398388
4399916 4400258
4400880 4417173
4418207 4422301
4422511 4450633
4451394 4478140
4478934 4479995
4480712 4486050
4486853 4487193
4488222 4495887
4496615 4498182
4498784 4502836
4503995 4504512
4505089 4537582
4538217 4551166
4552101 4553599
4554154 4558012
4558591 4559405
4560025 4560521
4561140 4561817
4562482 4569477
4570115 4608812
4609393 4610467
4611489 4615936
4616716 4618677
4619551 4627139
4628177 4634836
4635349 4644431
4644531 4646890
4646995 4677208
4677875 4682174
4682689 4682924
4684038 4731965
4732070 4734426
4734532 4743150
4743839 4755210
4755810 4760134
4761279 4762573
4763159 4770592
4771977 4786863
4787481 4789262
4791905 4799938
4800117 4803278
4803873 4808134
4808783 4811379
