Parabacteroides_distasonis_ATCC_8503_gi_150006674_ref_NC_
1 24211
24381 24591
24725 145424
145574 145783
145962 146445
146556 274460
274572 1016719
1017621 2029928
2030050 2030183
2030350 2030519
2030684 2030893
2030964 2031170
2031245 2193133
2193236 2193436
2193543 2193796
2193927 2313047
2313189 2313331
2313451 2313634
2313833 2508980
2511892 2545396
2547015 2628965
2629570 2636816
2636914 2637130
2637297 2637462
2637806 2638010
2638113 2735155
2735285 2735523
2735739 2735909
2735978 2761946
2762036 2762241
2762353 2762549
2762689 2762948
2763054 2943235
2943353 2943587
2943700 2943893
2944067 3021100
3021203 3021422
3021513 3021755
3021891 3022108
3022219 3126731
3126835 3127025
3127149 3127380
3127647 3205035
3205102 3205330
3205426 3205617
3205755 3205998
3206206 3260323
3260484 3260680
3260809 3282146
3282287 3282483
3282613 3282778
3282953 3315940
3316069 3316288
3316387 3316602
3316780 3637046
3637140 3637326
3637469 3637749
3637833 3638047
3638151 3880042
3880150 3880723
3880852 3880989
3881072 3985665
3985790 3986010
3986127 3986320
3986465 4007441
4007552 4007788
4008109 4008368
4008436 4196886
4196952 4197140
4197226 4197420
4197512 4197745
4197814 4533169
4533253 4533497
4533576 4533744
4533877 4807566
4807736 4807876
4808095 4811379
