Parabacteroides_distasonis_ATCC_8503_gi_150006674_ref_NC_
1 127
1640 3601
4545 6543
7237 12438
13220 13820
14587 16883
17257 18423
19497 24209
24599 25040
25555 30481
31745 32195
32475 32569
32846 39384
40148 46667
47246 49732
50504 52833
54118 57268
57843 63160
63906 66586
67594 87441
88188 88896
89786 96434
97304 100973
101595 102205
103247 106386
107697 108034
108769 112528
113045 122113
122991 130896
131209 148588
149700 155078
155182 155472
156262 171436
171937 173306
173533 173627
174741 175382
176405 180111
180638 188368
189634 205417
206683 207216
208042 208323
209270 217250
218411 221013
221556 225950
226511 230778
231368 237349
237847 239111
239995 242594
243146 244601
245148 247700
249076 258112
259499 262978
263859 306041
306316 306471
306866 318514
319078 341909
342438 346413
346853 380330
381208 386839
387485 388076
389258 393542
394485 400469
401060 403212
403743 419180
420453 423246
423750 426144
427355 431743
432067 432270
432928 434562
435246 447620
448223 448514
449240 450749
451325 455839
456413 466823
467425 467987
468604 488818
489437 497679
498409 508627
509176 509308
510122 510205
510412 511466
512085 518483
519160 522519
523233 537656
538260 555322
556068 565493
566077 568397
568907 575071
575770 582558
583347 586160
586757 586911
588672 594464
594985 601937
603070 622835
623383 625001
625739 627732
628256 650850
651304 654908
655117 655216
655428 686540
687081 697510
698464 725313
725609 731127
731766 750601
751179 765022
765657 776631
777243 807646
808564 808876
809413 813847
814383 815095
816054 829223
829876 836965
837639 844125
844720 889184
889785 893079
893598 894311
894833 896746
897292 899884
900647 903495
903623 906831
907486 923769
924380 938366
938977 942006
942782 943807
944445 1038583
1039345 1041843
1042433 1043910
1044478 1046669
1047714 1049714
1050285 1056622
1057131 1057538
1058718 1059071
1060226 1082343
1082893 1093463
1094063 1101454
1102338 1103391
1104733 1107357
1107889 1113971
1114501 1117586
1118363 1123866
1124529 1126595
1127125 1136049
1136634 1147621
1147771 1153336
1154509 1168341
1168966 1170767
1171316 1197989
1199056 1200148
1200259 1204702
1205451 1207224
1207843 1208202
1208718 1226980
1227805 1237141
1237364 1237504
1237712 1238556
1238869 1238965
1239342 1242695
1243840 1244151
1245001 1246286
1246934 1250991
1251692 1265522
1266067 1268850
1269947 1270351
1271909 1286697
1287276 1288553
1289118 1295607
1296202 1305326
1305873 1323341
1324015 1334520
1335393 1341418
1342562 1353051
1353933 1354213
1354973 1355867
1356445 1359162
1359675 1371801
1372303 1372617
1373132 1373726
1374487 1374591
1374857 1376449
1377092 1377561
1378325 1386970
1387875 1395848
1396107 1403850
1404356 1420542
1421155 1430649
1431166 1431620
1431873 1431981
1432173 1435153
1435871 1436905
1437754 1517048
1517562 1518221
1519306 1521133
1521267 1526762
1527884 1528144
1528762 1528825
1529340 1529540
1530055 1540761
1541522 1548489
1549415 1554346
1554851 1558132
1558661 1559272
1560178 1563718
1564253 1579613
1579724 1591967
1593178 1593806
1594456 1594895
1595409 1602958
1603485 1626183
1627154 1628126
1628712 1650140
1651563 1656792
1657350 1662632
1663341 1674824
1676108 1685387
1686089 1686345
1686572 1687956
1688820 1705185
1705708 1714236
1714939 1723817
1724437 1730759
1731467 1731679
1732262 1735854
1736438 1759566
1760104 1765705
1765927 1770314
1771863 1800439
1801059 1802097
1802642 1809491
1810110 1814710
1815230 1819183
1819722 1824384
1825562 1825919
1826492 1840338
1840917 1843453
1844178 1858457
1859007 1861135
1861815 1863099
1863387 1863506
1863689 1878073
1878726 1897941
1898736 1922854
1923461 1923877
1924101 1924181
1924421 1924511
1924778 1935066
1936379 1939591
1939681 1943745
1943843 1944840
1945589 1960316
1960819 1961839
1962516 1984876
1985123 1993647
1994149 1998246
1999608 2010226
2010737 2013358
2014215 2014702
2015333 2016540
2017211 2019098
2019644 2022385
2022926 2028419
2029279 2034501
2035272 2037641
2038146 2083525
2084144 2099364
2100824 2123745
2124334 2142869
2143412 2156409
2156916 2167424
2167990 2171714
2172548 2174430
2175442 2176653
2177206 2184604
2185551 2188223
2189987 2191689
2192536 2193713
2194629 2197385
2197902 2201116
2202017 2205400
2206190 2213873
2214464 2221708
2222766 2223504
2224871 2229112
2230893 2230985
2231263 2246956
2247525 2248073
2248644 2249927
2250522 2252396
2253143 2254752
2255372 2268390
2269251 2275202
2275764 2280064
2280753 2286130
2287225 2287918
2289055 2289885
2290741 2291017
2291683 2294984
2295797 2298792
2299679 2302691
2303247 2311934
2312819 2313004
2314221 2330830
2331462 2335488
2336615 2344712
2345438 2351543
2352343 2352639
2353347 2354695
2355207 2356602
2357413 2366005
2366581 2367746
2368281 2373948
2374470 2376104
2376984 2379718
2380273 2395284
2395917 2396650
2397195 2405579
2406206 2406307
2406633 2410126
2410755 2410808
2411541 2414575
2415131 2426705
2427500 2427679
2428186 2442447
2443098 2461913
2462065 2472044
2472586 2477763
2478414 2479115
2479627 2482986
2483487 2484585
2485172 2495862
2497220 2508980
2513615 2519223
2520217 2532496
2534303 2545396
2547605 2548248
2549539 2551262
2552076 2555952
2556241 2556317
2556547 2561110
2561367 2561480
2562115 2562716
2563263 2565025
2565807 2571134
2571674 2574615
2575306 2575673
2576251 2584460
2584727 2586014
2586649 2630665
2631355 2635594
2636173 2636757
2638560 2640950
2641759 2643630
2644000 2644167
2644676 2644787
2645318 2651904
2652629 2653882
2654397 2670845
2671504 2671620
2672408 2690679
2690977 2692411
2693033 2698717
2699294 2703587
2704992 2705955
2707432 2707834
2708451 2710328
2711099 2711734
2712288 2712584
2712835 2713315
2713930 2714326
2714962 2715632
2716340 2716577
2717101 2718551
2718762 2718883
2719947 2721138
2721499 2739457
2740090 2740828
2741472 2741649
2742188 2753393
2753989 2755468
2756083 2760556
2761153 2761896
2763083 2763219
2764018 2768233
2768770 2771425
2772276 2776568
2777237 2799079
2799768 2810647
2811185 2812385
2813085 2814695
2815469 2820678
2821187 2827192
2827431 2827539
2827784 2840748
2841611 2846594
2847833 2851935
2852616 2853113
2853752 2875379
2876156 2876251
2877031 2878367
2879089 2879296
2879990 2881982
2882502 2884057
2884818 2885323
2886525 2887676
2888588 2890046
2891088 2892233
2892936 2895811
2896358 2896478
2896711 2900986
2902494 2909973
2910560 2920047
2920643 2920916
2921769 2925436
2926605 2933726
2934267 2942502
2943216 2949115
2949857 2958750
2959351 2960576
2961808 2963161
2963681 2981259
2981962 2983141
2983804 2988809
2989486 2991131
2991703 2997334
2998418 2998472
2998770 2998907
2999196 3010614
3011446 3011823
3012565 3012872
3013617 3015885
3016417 3017688
3018267 3021074
3022755 3025272
3025818 3031568
3032084 3032818
3032935 3035599
3036436 3037479
3038040 3040248
3040751 3041641
3042429 3052876
3053401 3056777
3056990 3057082
3057630 3057830
3058632 3060374
3061202 3062170
3062835 3066082
3066923 3069229
3069949 3071379
3073103 3076497
3077170 3080921
3081482 3083049
3083633 3092014
3093357 3105675
3106265 3107567
3108784 3109290
3110245 3111231
3113513 3118597
3119328 3124311
3124842 3126887
3127595 3137246
3137852 3138668
3139192 3142246
3142928 3146195
3147120 3147442
3148262 3148421
3149613 3150758
3151622 3154595
3155273 3157901
3158907 3163730
3164395 3169078
3169780 3177611
3178169 3178570
3179396 3183675
3184200 3195357
3195831 3195923
3196127 3197737
3198317 3205588
3206536 3212547
3213107 3215208
3216157 3230098
3231185 3234072
3234972 3240006
3240536 3255086
3255648 3255779
3256042 3258718
3259964 3283340
3284386 3287740
3288504 3313140
3313583 3313678
3315086 3316517
3318172 3318303
3318579 3319269
3319774 3320239
3320787 3325494
3326241 3344044
3344961 3349869
3351064 3357585
3358098 3358961
3359668 3361287
3361848 3365795
3366401 3373881
3374457 3374668
3375653 3389342
3390424 3393878
3394499 3405102
3405673 3428618
3429447 3431896
3432547 3440825
3441516 3451588
3452524 3455258
3455786 3473329
3473807 3476688
3477712 3477985
3478527 3481419
3481720 3482316
3483241 3506863
3507453 3517748
3518480 3525005
3526114 3544702
3545292 3550239
3550852 3553199
3553890 3555771
3556749 3562202
3562472 3565945
3566257 3572851
3573451 3583974
3585795 3603360
3604987 3608376
3609230 3612373
3612995 3614575
3615564 3620543
3621108 3635457
3635667 3635791
3636230 3644721
3645315 3646102
3646705 3647904
3649117 3652766
3653573 3653690
3653916 3662373
3663103 3675413
3676011 3683858
3684631 3686850
3687867 3688891
3689410 3693673
3694870 3696792
3697478 3699815
3701193 3701307
3701827 3714462
3715040 3720595
3721279 3721932
3722703 3736065
3736855 3737283
3739227 3740824
3741335 3744688
3745957 3746349
3747106 3762051
3763538 3775826
3776053 3776169
3776430 3776528
3777111 3778599
3779363 3779771
3780635 3781698
3781887 3789311
3790132 3799966
3800483 3808951
3809593 3811901
3813009 3813897
3814484 3822336
3822895 3847908
3848115 3861427
3862024 3868741
3869318 3872394
3872534 3877543
3878148 3891896
3892720 3898608
3899646 3901075
3901889 3953874
3954337 3954690
3955266 3957698
3958261 3959187
3961511 3961571
3962620 3967559
3967726 3970093
3970600 3971986
3972803 3974023
3974650 3975078
3975604 3975796
3976454 3980500
3981144 3983389
3984908 3985346
3985861 3986282
3986938 3988974
3989604 3990896
3992649 3995460
3996205 3997211
3997931 4005019
4005244 4007738
4008940 4009325
4009882 4010335
4011002 4021278
4022138 4025222
4025949 4032379
4032872 4039648
4041220 4043808
4044369 4047950
4048621 4049466
4049708 4049794
4050604 4056197
4056803 4064495
4065058 4065148
4065395 4075930
4076836 4077526
4078081 4080464
4082435 4085423
4086080 4090433
4090550 4090631
4090843 4090955
4091174 4104946
4105612 4107928
4108445 4115048
4115729 4123282
4124270 4133340
4134135 4135565
4136272 4138467
4139405 4141222
4141822 4145130
4145654 4147873
4148521 4155058
4155967 4162033
4163136 4170818
4171453 4173763
4173847 4182712
4183272 4188122
4188782 4189733
4190240 4193965
4195119 4198121
4198925 4205425
4206264 4210539
4211116 4212866
4213092 4213264
4213836 4214889
4215058 4218346
4218592 4218681
4219221 4219340
4219859 4223009
4224836 4225186
4225726 4229317
4229988 4231110
4231943 4240346
4241699 4243058
4243348 4243437
4244027 4246039
4246620 4246882
4247654 4248276
4249210 4259829
4260420 4262426
4263087 4276040
4276807 4321694
4322519 4329222
4330032 4331625
4331944 4338522
4339492 4340234
4340736 4342544
4343423 4349361
4349926 4358144
4358648 4362045
4363085 4369964
4370522 4379511
4380214 4382331
4383039 4392896
4393879 4398127
4399563 4402736
4403464 4409579
4410118 4411417
4412355 4424437
4424962 4450633
4451526 4452992
4453530 4459958
4460287 4470281
4470871 4475987
4476564 4478133
4478965 4480135
4480868 4486023
4486870 4496003
4496615 4498182
4498822 4504467
4505089 4509849
4510890 4525174
4525679 4525747
4526377 4526438
4527050 4527752
4528272 4533082
4533613 4537582
4538436 4538555
4538691 4553599
4554101 4561962
4562482 4567762
4568482 4569477
4570153 4570256
4570524 4570753
4571409 4580757
4581302 4582622
4583244 4610488
4611582 4618570
4620056 4627132
4627889 4631969
4632659 4633076
4633799 4634460
4635422 4635877
4636502 4646461
4646995 4677208
4677875 4739063
4739583 4743223
4743839 4749444
4750066 4755244
4756030 4756887
4757546 4760117
4761627 4762573
4763159 4770581
4772335 4798058
4798772 4803183
4803473 4803553
4803873 4808204
4808855 4811379
