Anaerotruncus_colihominis_gi_224021158_ref_NZ_
1 74848
74929 182184
182497 183686
185501 187205
188284 190584
192492 352623
356162 356488
365951 366261
381530 382363
383102 1133324
1135361 1139029
1144194 1152496
1153743 1174074
1188199 1188530
1190290 1190600
1195564 1342159
1342237 1344463
1346032 1347185
1347701 2561850
2562989 2564083
2564221 2564524
2565787 2566711
2568451 2573318
2574026 2574624
2576398 2590180
2591554 2600234
2601128 2603543
2604251 2604367
2604993 2609233
2610151 3719688
