Bacteroides_fragilis_3_1_12_gi_224485478_ref_NZ_
1 100724
100816 572082
573457 576170
577930 578585
579685 581935
582719 840258
846495 849005
912346 1358950
1359055 1374859
1375370 1382464
1383680 1398637
1401154 1510012
1511613 1561730
1562956 1563062
1563646 1612095
1612605 2568860
2569141 2574566
2575724 4945713
4945809 5156657
5157306 5383245
5385214 5385692
5386845 5386977
5388264 5388426
5389548 5389739
5391665 5392025
5393478 5393561
5414259 5440450
5441316 5496336
5505914 5512108
5512688 5520112
5521139 5530115
