Bacteroides_fragilis_3_1_12_gi_224485478_ref_NZ_
1 571228
571456 841232
843313 843725
846382 850039
850804 850872
853764 854117
855497 855906
857165 858774
859327 859404
865669 866415
872177 872513
873818 873929
876446 876594
877458 877958
884605 884660
885557 885684
886447 886563
888670 888804
892585 893150
894029 894436
896168 896385
898445 899246
903248 903345
903849 903961
909623 909736
912346 1380678
1380841 1397408
1399153 1399316
1401154 1510012
1510258 1510410
1510707 1804381
1806108 1806259
1807622 1807861
1814973 1815857
1816646 1834808
1838362 1838741
1843380 1849835
1856864 1892479
1895969 1896200
1900302 1900804
1902124 1902536
1905252 1923767
1925086 1925493
1930146 1930573
1931509 1937513
1939852 1940249
1940767 2375098
2375313 2375513
2375671 2375883
2376026 2928351
2928528 2929051
2929188 3112370
3114578 3114910
3116053 3125529
3125991 3127781
3130796 3131072
3137710 3138033
3141517 5400445
5401071 5402197
5403009 5404307
5408803 5408927
5409515 5410188
5410733 5412794
5413941 5416670
5417292 5417486
5417864 5418006
5418159 5418318
5418568 5420265
5420846 5425649
5426935 5440455
5441316 5474957
5476110 5496336
5499531 5499589
5501122 5501705
5502852 5502904
5503065 5503209
5503444 5503653
5504100 5504314
5505438 5530115
