Bacteroides_fragilis_3_1_12_gi_224485478_ref_NZ_
1 28572
28860 32100
32624 180964
181976 433585
433706 571228
571536 576153
576744 840258
846495 849005
906888 1157315
1157534 1311493
1311797 1319770
1319901 1358950
1359078 1376126
1376348 1376434
1376780 1381738
1383120 1384840
1385076 1398637
1401154 1455794
1456018 1456123
1456331 1510012
1511862 1561730
1562646 1563062
1563668 1574509
1575327 1581337
1581884 1589899
1590009 1618955
1619074 1717846
1718065 2049566
2050101 2419400
2419661 2903976
2904375 2985837
2986109 3079459
3079793 4166714
4167095 4167197
4167405 4170901
4171179 4186135
4186288 4186436
4186687 4682467
4683520 4688572
4689153 4772507
4772791 4809961
4810465 5156636
5157353 5333508
5333762 5381773
5382612 5391923
5397783 5496336
5505914 5511499
5512109 5512251
5512717 5520112
5521139 5530115
