Bacteroides_stercoris_gi_514973003_ref_NZ_
1 5396
Bacteroides_stercoris_gi_514973850_ref_NZ_
1 96860
97094 146467
148581 187989
188209 310532
311055 325503
325675 413221
413734 433261
433638 473070
474131 474264
475681 521616
522308 586066
586282 593752
594010 613113
614633 676612
Bacteroides_stercoris_gi_514974549_ref_NZ_
1 82184
82760 92662
92969 94658
95017 252347
252530 266362
Bacteroides_stercoris_gi_514973476_ref_NZ_
1 122973
123076 263829
263902 271019
271106 283543
283804 331051
331928 484674
484792 627708
627903 647418
647593 648196
648992 762629
763151 889028
Bacteroides_stercoris_gi_514974672_ref_NZ_
160 132540
Bacteroides_stercoris_gi_514974381_ref_NZ_
1 69819
70686 90764
94699 97557
99265 123581
125154 191137
192229 192356
192741 359277
Bacteroides_stercoris_gi_514974163_ref_NZ_
1 241746
241818 306815
307499 309555
310327 352230
352366 462082
462338 532255
Bacteroides_stercoris_gi_514973000_ref_NZ_
1 78219
78419 138695
138778 192697
193248 226060
226851 285554
285713 434320
434776 494847
495396 617407
618132 783395
783989 785983
786715 788714
789250 806378
806847 843077
843742 860329
860846 924205
924365 953161
953476 960433
960778 967553
Bacteroides_stercoris_gi_514974745_ref_NZ_
1 133996
Bacteroides_stercoris_gi_514974604_ref_NZ_
1 106376
106956 139641
