Bacteroides_stercoris_gi_514973003_ref_NZ_
1 5396
Bacteroides_stercoris_gi_514973850_ref_NZ_
1 40310
40843 41610
41726 41889
42106 44764
45303 146467
148581 278299
278437 440517
440635 613567
613820 614064
614327 676612
Bacteroides_stercoris_gi_514974549_ref_NZ_
1 266362
Bacteroides_stercoris_gi_514973476_ref_NZ_
1 80759
81209 183196
183296 183501
183674 183890
184017 288691
292214 483783
483931 510402
510520 887219
887455 889028
Bacteroides_stercoris_gi_514974672_ref_NZ_
1 132540
Bacteroides_stercoris_gi_514974381_ref_NZ_
1 87475
88480 88761
90233 90832
92376 94921
95460 99322
99659 99862
100076 100549
100833 100951
102010 102265
102396 104734
105436 118540
119225 119528
120287 202901
210320 210495
211549 212685
213456 213639
214231 214932
215546 359277
Bacteroides_stercoris_gi_514974163_ref_NZ_
1 30543
35182 35561
40236 54872
56028 61740
68040 69732
72147 351515
351704 351842
351933 352119
352244 532255
Bacteroides_stercoris_gi_514973000_ref_NZ_
1 113761
113973 114260
114418 182344
182487 352180
352296 630810
630910 967553
Bacteroides_stercoris_gi_514974745_ref_NZ_
1 126913
128855 131351
132960 133996
Bacteroides_stercoris_gi_514974604_ref_NZ_
1 110207
114860 115267
120819 121231
122551 123053
127155 127386
136989 139641
