Bacteroides_stercoris_gi_514973003_ref_NZ_
1 5396
Bacteroides_stercoris_gi_514973850_ref_NZ_
1 11105
11313 11403
11625 16682
16891 26902
27084 107194
107402 107489
107704 146467
148581 196962
197492 197640
197923 256166
256272 310513
311010 325835
325930 339119
339236 340619
340789 357133
357634 440035
440430 472630
472867 472981
473763 476698
477002 477105
477433 521616
522308 530316
530625 535496
536038 543155
543418 613159
614633 676612
Bacteroides_stercoris_gi_514974549_ref_NZ_
1 26526
27103 35378
35502 82179
82821 89690
89914 139974
140550 159698
159807 184407
184673 252108
252613 257786
257940 266362
Bacteroides_stercoris_gi_514973476_ref_NZ_
1 103245
103485 107378
107661 138664
138855 145861
145980 152864
153101 153261
153485 183467
183708 183852
184394 194982
195081 271019
271106 280628
280765 283732
292417 331007
331642 451693
452183 482894
483536 502942
503094 568169
568482 621301
621936 729380
729633 729702
729923 751036
751329 751420
751630 771269
771805 850328
850601 889028
Bacteroides_stercoris_gi_514974672_ref_NZ_
250 353
898 65089
65634 97852
98089 101184
101419 127309
127818 132540
Bacteroides_stercoris_gi_514974381_ref_NZ_
1 47262
48281 59157
59689 69806
70854 97796
99032 103759
104353 180316
180715 185256
185698 187523
187885 191127
192229 255851
256036 264412
264565 359277
Bacteroides_stercoris_gi_514974163_ref_NZ_
1 159678
160055 174688
174960 300570
301541 375401
375479 402118
402232 461833
462539 532255
Bacteroides_stercoris_gi_514973000_ref_NZ_
1 895
1399 68538
69050 74242
74320 186888
186965 198798
199345 214116
214272 223846
224349 226115
226959 311699
311918 335225
335480 335596
336161 336559
336857 379966
380064 439597
440099 487809
487941 500680
501529 580885
581451 617821
618354 654251
654815 706404
706626 706717
706945 708132
708725 765505
765597 786214
786715 788714
789469 789931
790521 806379
806847 813960
814478 814920
815599 822939
823695 892699
893281 901715
902461 905139
905536 905680
905918 967553
Bacteroides_stercoris_gi_514974745_ref_NZ_
1 116641
116917 117061
117357 133996
Bacteroides_stercoris_gi_514974604_ref_NZ_
1 16425
16951 28761
29005 29120
29488 98724
98826 139641
