Ruminococcus_bromii_L2-63_gi_479150083_ref_NC_
1 30506
30599 31306
31847 38364
39277 40554
40853 40947
42795 44972
45615 46096
46696 49602
50141 59808
62732 64960
67170 69925
73897 74046
75054 94081
103075 104360
106460 106838
107913 108536
111270 116872
117819 300956
301046 303826
304328 315772
316162 317028
318871 320857
321127 372323
372407 499665
499747 624174
624431 964586
964722 1099848
1100971 1287305
1287467 1303862
1303957 1496096
1496837 1768701
1769866 1773953
1781793 1781873
1782090 1817117
1818131 1835228
1835553 2097179
2099728 2139715
2139799 2144378
2155693 2158946
2160919 2167505
2168210 2170362
2170944 2173996
2175223 2175289
2179049 2187650
2193987 2210600
2211455 2224326
2225002 2249085
