Ruminococcus_bromii_L2-63_gi_479150083_ref_NC_
1 59526
60110 60161
61499 65359
66058 66117
66623 70075
72796 95781
96689 98676
99293 99485
103110 461038
461157 848232
848300 850689
851229 964646
964722 1094679
1095389 1099848
1100836 1496092
1496278 1768701
1769866 1773953
1774726 1775450
1777499 1777911
1779201 1779400
1781467 2097190
2097755 2139715
2139799 2142169
2143308 2144378
2144681 2144834
2147571 2152506
2153249 2153374
2156085 2159965
2160517 2161073
2161781 2168707
2169786 2172086
2174005 2179633
2180527 2182943
2183651 2183767
2184393 2188633
2189551 2210600
2211365 2224326
2225002 2249085
