Ruminococcus_bromii_L2-63_gi_479150083_ref_NC_
1 37597
37712 38220
38337 40930
41220 41269
41385 41586
41740 41907
42176 66329
66769 67112
68181 78904
79008 91450
91744 91930
92062 93057
94089 94666
94838 95286
95497 95954
96706 96942
97486 97687
98356 101056
103110 108479
108789 108967
109104 109283
109434 109679
110090 110617
110889 111075
111235 111404
111726 115548
116568 149276
150339 372323
372407 1099848
1100971 1303862
1303957 1494427
1494555 1494840
1495281 1496126
1496593 1768701
1769866 1773953
1775278 1775410
1781793 2097179
2098353 2141384
2141538 2141667
2141972 2145983
2146595 2147796
2148542 2148684
2148822 2149169
2153206 2153794
2154464 2156009
2156602 2189134
2189989 2210600
2211414 2224326
2225002 2249085
