Ruminococcus_bromii_L2-63_gi_479150083_ref_NC_
1 33245
33591 42775
43355 49648
51190 59412
61036 61874
62721 66118
68201 74046
74757 88464
103134 104419
111058 299545
300420 303950
304328 315772
316162 317072
318049 372323
372407 461038
461159 499665
499747 624174
624431 964586
964717 1099848
1100971 1303862
1303957 1768701
1769866 1773953
1781793 1781955
1782090 1817088
1818131 1833882
1834104 1835228
1835563 1874549
1874675 2097179
2099728 2139715
2139785 2141384
2147571 2147705
2153221 2158874
2160851 2166258
2167572 2167625
2168129 2169873
2171820 2175028
2176498 2178844
2184393 2210600
2211455 2224571
2225002 2249085
