Paenibacillus_peoriae_gi_389822521_ref_NZ_
1 1676
Paenibacillus_peoriae_gi_389822479_ref_NZ_
3787 35255
49264 89407
97736 109623
118702 131119
131683 134746
136608 137487
138176 157944
Paenibacillus_peoriae_gi_389822496_ref_NZ_
25591 25661
36109 36237
67739 80722
82306 82443
83076 90717
91592 102363
117846 133598
134714 154380
158770 183790
190360 192943
193157 193282
194746 194811
195773 195969
197586 197736
199101 213032
219442 241703
257125 276951
277881 297367
300214 327288
329013 341983
343574 346881
357676 362916
365028 387076
387554 391169
398768 401118
402813 402911
424013 447322
453397 455429
456103 456615
459480 469276
491442 491810
Paenibacillus_peoriae_gi_389822506_ref_NZ_
1 224
Paenibacillus_peoriae_gi_389822504_ref_NZ_
1 276
Paenibacillus_peoriae_gi_389822483_ref_NZ_
1 2399
Paenibacillus_peoriae_gi_389822524_ref_NZ_
30211 31610
53226 99424
Paenibacillus_peoriae_gi_389822526_ref_NZ_
1 4301
14207 22428
25976 35872
41362 41475
49875 64722
91889 112275
119868 119942
127041 140345
Paenibacillus_peoriae_gi_389822495_ref_NZ_
1 466
6233 6311
Paenibacillus_peoriae_gi_389822519_ref_NZ_
1 11253
12781 53731
86691 102619
120223 153246
158860 174573
178461 178934
188237 188567
191585 203457
225343 225689
232836 233291
243093 243268
257612 259620
260474 260915
269258 275235
284640 291184
299356 299701
300049 300590
303598 303693
306601 306869
312165 312225
314048 340718
343130 343631
360432 366018
389868 391163
433263 453300
455442 485840
487480 495145
521851 561102
565301 566000
584803 587058
587907 588013
629267 629390
632626 648996
649610 683288
Paenibacillus_peoriae_gi_389822488_ref_NZ_
1 5201
11014 11080
12384 68758
69964 73288
Paenibacillus_peoriae_gi_389822507_ref_NZ_
1 5853
7370 16964
20022 22447
26164 41602
44247 44412
55629 79766
81235 114838
118801 122350
127411 136990
145056 150229
160839 161549
163380 163602
164681 177078
Paenibacillus_peoriae_gi_389822516_ref_NZ_
11956 23833
29061 29157
30961 54758
58193 58763
62351 83941
85329 118238
118693 131218
137665 173028
179120 193003
Paenibacillus_peoriae_gi_389822490_ref_NZ_
1 3320
5047 145229
147328 152540
156083 188431
199056 206422
222387 222444
228651 236501
237883 292135
304607 327252
331173 331354
334291 352231
353253 383450
493034 493553
509676 509811
518721 519558
521025 521200
542019 542782
Paenibacillus_peoriae_gi_389822527_ref_NZ_
1 31474
Paenibacillus_peoriae_gi_389822492_ref_NZ_
21277 29205
33876 34630
63677 63880
Paenibacillus_peoriae_gi_389822520_ref_NZ_
1 3242
Paenibacillus_peoriae_gi_389822486_ref_NZ_
1 240
Paenibacillus_peoriae_gi_389822498_ref_NZ_
1 2238
4090 9064
53071 71735
97013 97087
97373 115933
120846 120937
132277 148115
Paenibacillus_peoriae_gi_389822484_ref_NZ_
1 584
Paenibacillus_peoriae_gi_389822512_ref_NZ_
Paenibacillus_peoriae_gi_389822513_ref_NZ_
1 269
Paenibacillus_peoriae_gi_389822491_ref_NZ_
1 7417
14716 53080
63807 65322
71653 71841
73904 76494
78121 82315
82525 108958
120477 120544
121124 121465
Paenibacillus_peoriae_gi_389822493_ref_NZ_
1 31888
36777 37687
41501 65114
Paenibacillus_peoriae_gi_389822518_ref_NZ_
1 3321
Paenibacillus_peoriae_gi_389822489_ref_NZ_
1 37209
37474 40232
59199 71321
73079 97463
98345 110943
114195 128926
141572 146621
154924 180534
181122 186769
191544 191731
197318 197436
219471 219567
228650 257044
259833 263352
363111 365571
373113 390771
392301 393794
394047 398102
420516 420808
421685 432231
471594 476771
483582 486822
515471 517864
518143 530845
581203 581370
590879 614558
678422 678679
702665 704454
727696 729332
734126 742871
744023 749594
749859 760857
764245 765073
774425 774963
809769 814932
823593 823650
840036 846891
859344 859534
895703 902703
Paenibacillus_peoriae_gi_389822499_ref_NZ_
1 5794
6493 6634
8430 27109
37587 48683
54358 61464
61577 84712
97941 98263
99659 100154
102649 102956
104426 109699
117441 118112
123252 123320
128162 147082
148528 167474
168613 169189
169408 170647
181841 188303
190594 192049
200133 200522
200594 211222
214728 214899
218873 240191
241751 248678
Paenibacillus_peoriae_gi_389822510_ref_NZ_
1 113
754 857
2561 2866
Paenibacillus_peoriae_gi_389822502_ref_NZ_
1 257
Paenibacillus_peoriae_gi_389822481_ref_NZ_
1 3932
22069 26772
27134 35285
Paenibacillus_peoriae_gi_389822522_ref_NZ_
1 1723
Paenibacillus_peoriae_gi_389822509_ref_NZ_
1 9932
22256 32514
33939 38065
38500 38606
41853 49204
60948 82827
94596 94841
106633 112968
118575 118624
119879 137630
160611 166846
Paenibacillus_peoriae_gi_389822515_ref_NZ_
1 2759
5119 5188
6151 8286
13646 13919
14553 20373
21431 37416
40133 94311
101521 124229
126906 127849
128569 135446
136220 138205
140377 142054
143795 162644
165233 173965
177995 192337
202229 202344
208926 209372
214342 214639
217011 217564
220436 220513
Paenibacillus_peoriae_gi_389822517_ref_NZ_
1 37975
49837 75672
81848 92615
Paenibacillus_peoriae_gi_389822482_ref_NZ_
1 5160
Paenibacillus_peoriae_gi_389822514_ref_NZ_
1 376
Paenibacillus_peoriae_gi_389822487_ref_NZ_
1 9526
15681 35470
36384 40832
41734 75747
77496 88499
89068 125884
127652 144105
164398 167728
170476 173709
177234 177362
184608 235625
236263 237331
Paenibacillus_peoriae_gi_389822505_ref_NZ_
1 228
Paenibacillus_peoriae_gi_389822485_ref_NZ_
1 589
Paenibacillus_peoriae_gi_389822525_ref_NZ_
8895 28152
44883 60405
84415 103242
104236 129469
134115 134321
170572 171050
176336 176812
191370 207742
210847 215728
Paenibacillus_peoriae_gi_389822497_ref_NZ_
1 4107
Paenibacillus_peoriae_gi_389822508_ref_NZ_
1 6470
10527 10934
19309 22682
29146 29260
41095 43314
54486 54720
58983 91327
93205 102345
107288 153665
162705 168944
169076 172303
173449 225167
232171 232227
276260 276721
Paenibacillus_peoriae_gi_389822501_ref_NZ_
845 1339
Paenibacillus_peoriae_gi_389822500_ref_NZ_
1 34965
53687 53769
Paenibacillus_peoriae_gi_389822494_ref_NZ_
1 7471
48924 72096
72848 75513
81914 82132
85318 96426
109996 120035
121871 122067
125269 135319
135922 136019
136449 136587
Paenibacillus_peoriae_gi_389822523_ref_NZ_
1 51
242 311
Paenibacillus_peoriae_gi_389822503_ref_NZ_
1 226
Paenibacillus_peoriae_gi_389822511_ref_NZ_
1 8472
Paenibacillus_peoriae_gi_389822480_ref_NZ_
1 1197
7312 10788
13263 30337
37771 40948
