Paenibacillus_peoriae_gi_389822521_ref_NZ_
1 1676
Paenibacillus_peoriae_gi_389822479_ref_NZ_
1 1143
3746 16024
17262 17650
18354 19573
20846 22124
23488 23710
25412 27709
28678 35736
37059 38848
39928 42038
44001 44056
45198 45332
46814 46865
49264 53066
55539 56514
59054 64739
67008 67868
69232 73136
73813 77433
78221 79738
80880 80961
83255 89456
91189 93427
97142 98054
100249 106619
109377 109825
110382 110574
114376 114508
115082 117605
118255 127915
130659 131410
131683 131895
132927 134746
136608 137487
138176 138704
139799 142509
143153 147962
150043 151103
151918 152096
156512 156691
Paenibacillus_peoriae_gi_389822496_ref_NZ_
1 110
1314 1493
6267 6679
7280 7431
11672 12014
13073 13950
16209 16899
19934 20943
23124 23293
24560 25197
25591 26865
28164 30249
34213 34875
36109 36237
37316 37594
38579 38911
39692 40200
40702 41123
43865 45563
46643 46947
51345 54333
57348 57531
58445 59912
61942 62391
62949 64251
65879 80722
82306 82443
83076 83633
83831 94455
95781 97031
98084 103197
106171 106256
108265 109612
110524 111240
113118 113414
114679 115115
115871 124608
125160 126660
127247 129204
129770 129824
130815 133598
134390 136587
137274 140338
141558 143179
145569 146625
147990 152174
152811 152875
153834 155922
156665 157609
158415 162867
163369 164275
168804 175783
176639 182521
183317 183790
186048 186260
187457 187888
188753 190410
191200 191843
192879 193278
193862 194050
194746 194811
195773 196213
196774 197120
197586 197736
198305 198650
199101 201067
202969 213206
214255 215054
217573 217750
218660 237193
241155 241704
242540 242770
245558 246176
246753 246804
247361 250468
252013 253735
254345 254586
255141 256458
258220 258409
259008 270752
272771 276955
277661 281917
284728 290077
290825 291308
291982 294452
295340 298444
300203 306084
308481 316136
317996 321439
323055 327288
329013 329182
330626 331082
331639 337915
339141 341983
342931 343096
343574 344864
346706 346881
350665 351310
352056 352174
355601 360982
361753 362916
364128 364456
365025 365571
368030 369585
372619 373274
373628 374399
374762 383299
383787 389969
390907 391169
392602 392826
393351 393715
394740 395955
398768 401118
402811 402912
403066 404184
405181 405425
406027 409636
410426 412164
413712 416227
418050 418192
418957 419145
423171 435215
436240 437765
438731 447322
449007 450074
450611 452186
453132 455446
456103 456958
458670 459251
459480 459682
460254 467668
468186 469277
469840 469957
470874 474350
475170 476655
478328 478887
479740 480318
481053 481117
484314 485683
486225 486682
490088 491810
Paenibacillus_peoriae_gi_389822506_ref_NZ_
1 224
Paenibacillus_peoriae_gi_389822504_ref_NZ_
1 276
Paenibacillus_peoriae_gi_389822483_ref_NZ_
1 2399
Paenibacillus_peoriae_gi_389822524_ref_NZ_
752 1438
6564 7294
8759 9004
9529 9890
10916 11260
15905 16427
21383 21567
22968 23180
24600 24889
26563 26998
29022 29207
30203 32368
33539 34339
37722 37975
40299 40758
41298 41633
42437 43185
44099 44148
47377 47538
48515 48759
49375 49712
50584 51598
53226 56475
57957 58078
58841 59133
60247 60397
61146 95198
96166 97595
98944 99424
Paenibacillus_peoriae_gi_389822526_ref_NZ_
1 2885
3346 4618
5300 5918
10420 12703
13850 23388
25127 31352
32633 36576
37835 39008
40157 41541
44870 45406
46116 50495
51596 53114
53637 54426
56814 61003
63087 63262
64251 64722
74400 74981
78450 78710
80162 80641
84212 84564
85083 85216
86951 88559
89659 91200
91889 93841
95400 99403
99900 108098
109004 114624
116666 117587
119597 119942
120214 120289
126568 128300
129227 130907
131678 132070
132714 135940
136484 136766
137495 137554
137954 140345
Paenibacillus_peoriae_gi_389822495_ref_NZ_
1 466
1262 1762
3039 3596
4303 6311
Paenibacillus_peoriae_gi_389822519_ref_NZ_
1 3348
6665 12310
12781 16894
17564 17993
20779 22354
23866 26502
27035 27781
29289 29670
30313 36519
37008 39368
39864 53805
55275 56436
58858 58925
61269 62784
63874 64811
65539 66865
67520 69135
69699 70147
73259 74382
75146 75769
76593 76932
78046 78601
79850 80080
81530 82245
82979 83458
86423 87251
88008 89929
91270 92659
95715 95833
96625 97068
98679 103973
106104 106218
108324 108705
109855 110919
112489 112771
114418 115592
116110 116590
119290 124785
125702 127614
128661 153535
157849 167676
169640 171388
172556 173005
174493 175335
178461 179742
180551 180697
185041 187031
188237 189849
190598 197425
198375 198842
199174 200911
201638 201749
203361 206736
207633 210688
211617 213947
215139 215366
215970 216497
218674 219322
220153 220382
221548 221843
223411 226147
227524 228044
230742 230828
232506 233291
235412 235518
237672 239124
239765 240456
242378 246733
247494 249504
252406 253003
254327 254529
255137 255362
256669 257542
257612 257700
258185 258812
260079 262560
266724 268003
269258 275235
278365 278955
283250 290029
291079 291184
292917 292983
294275 295910
299356 299701
299937 300908
302028 302807
303598 303693
305000 305411
306601 306904
307513 308712
310411 310707
311281 312943
314048 319607
321190 327720
329207 329441
330752 332289
333592 334102
335631 337538
338081 339149
339658 342401
343127 343635
344906 345298
348756 349150
350120 350214
351304 351444
352438 353301
355335 357895
360432 363288
364151 364820
366020 366222
367990 368042
369325 370722
371589 372136
373115 373349
374246 374552
375287 378481
380774 381028
383838 384297
385887 387559
388962 394022
400333 400959
401942 403319
405661 406198
409520 410361
411480 412490
413730 413806
414387 414708
419708 419992
420799 420940
421697 424148
424844 425220
425854 425994
430344 432602
433263 447047
447841 447927
449727 453474
454079 454643
455442 457140
458104 463060
463564 475235
477074 485840
487480 498441
499646 499802
502019 503515
506554 507010
511070 511178
512820 513903
515297 519857
521677 525870
527341 527935
529563 531853
534208 536007
537055 559078
559695 561155
564872 566591
569427 570097
570739 571056
571639 572393
574034 574507
574977 575510
576819 577809
579675 580828
584430 587058
587907 590127
591707 593114
595834 596780
597305 597843
598617 600842
602948 603738
604857 605332
608681 610681
612603 612911
615596 615851
618940 624644
627300 629433
631692 632099
632182 634275
634887 636198
637801 639736
641327 648996
649587 651870
653334 654474
655128 658806
660167 660889
661665 662027
663518 664582
665898 665964
666570 666701
667366 672465
674963 675350
675830 677646
678098 683288
Paenibacillus_peoriae_gi_389822488_ref_NZ_
1 93
3014 3200
3892 5805
9425 9479
11014 11521
12383 14736
15799 17842
20078 24258
25876 26678
27422 29147
29901 37731
39241 42265
42966 46819
49614 49769
51336 53328
54061 56723
58586 59030
60164 62862
63474 68758
69964 70607
70776 73533
74843 74934
Paenibacillus_peoriae_gi_389822507_ref_NZ_
1 6082
6680 6793
7309 7507
8790 10416
11080 16971
18124 18261
19065 22447
23191 23459
25446 27976
28884 29755
31078 33731
34458 36674
37880 41602
42776 42929
44247 45339
46726 50171
52917 53084
54250 55789
55889 74494
75836 76164
76839 79766
80981 83279
84611 94770
96856 98326
98853 99397
100441 102280
102814 103650
105368 109191
110928 111730
112232 116235
118801 122834
126980 131484
131702 138795
141917 147828
149111 149379
149749 152983
154404 157175
157736 157854
160839 162225
163144 163604
164681 165949
167319 171550
173948 177220
Paenibacillus_peoriae_gi_389822516_ref_NZ_
1 365
1023 3685
5969 6220
7172 7543
8115 9241
10644 12877
14016 14637
16402 19727
20515 20798
21977 23833
25591 26066
27840 30701
30961 31109
31935 48585
49187 55419
57350 58763
59123 59347
60031 61245
62351 68639
69091 73820
74359 75023
75801 76893
77665 78921
79959 81949
82805 84468
85329 85674
85922 88963
89896 96893
98972 100139
101427 103248
104088 111533
112556 112973
113626 113977
114722 122654
123371 124328
125034 125292
126469 131218
133725 137138
137665 144257
146309 148228
149472 158190
159834 161469
162661 169343
169881 170444
171526 177599
179120 179356
180303 181811
182973 183998
184666 186112
186720 196862
197576 197923
198624 199629
200151 200251
202069 204335
205183 205756
206500 209523
210214 213643
215966 216085
217547 219409
220562 221234
222596 224631
225720 226985
231269 232241
Paenibacillus_peoriae_gi_389822490_ref_NZ_
1 3320
5047 14158
14940 18222
18883 21551
22095 26025
26603 32101
33215 35622
38531 43513
45776 46961
49967 51431
52512 59295
60424 83216
83952 142123
143471 144310
145221 152540
153179 154885
155784 161322
162103 162755
163682 164033
165952 170700
172904 175478
175783 178221
178348 178555
179762 180413
183336 186649
188382 189436
191513 191784
193260 193416
194342 196557
198383 199114
199316 205100
205938 207063
209336 210997
213726 215606
216310 216395
218411 220255
221225 222444
224153 225178
225768 225953
227883 228680
229316 230723
231541 234773
235945 236421
237883 239464
240111 249595
251355 251404
256027 257104
257672 263009
264365 264957
265889 277394
278957 292141
296357 298317
302090 302206
302774 303505
304394 306168
307580 311157
311945 312623
314150 314258
314757 314965
315117 315176
315963 316804
317983 318757
320027 320815
321559 324668
325857 326559
329849 330295
331173 331354
332802 333077
334291 334362
335094 335903
337113 337299
337811 338346
339134 340321
341342 342692
343237 345495
346910 347322
348024 348690
350412 352243
353061 353846
354391 354646
355378 355514
357134 388302
389583 389790
390827 391269
391822 392265
393333 395651
397402 398160
398896 400414
403536 407681
408370 409919
412786 413935
418565 418664
420874 421995
425344 425700
426354 426490
427232 428234
429194 429613
430186 430633
431797 432472
435910 436284
437164 437911
438745 439224
439928 439988
442461 442794
448657 449675
451441 451761
453511 453926
459275 460203
460749 461834
465535 465962
466737 467038
467569 467691
468298 468387
469072 469328
469877 470193
471547 471852
472521 472570
475881 475947
477133 477503
478455 479595
481204 481607
483306 484116
486543 487847
488582 488946
491228 491508
492971 493553
495694 496356
497089 497333
498024 498633
500897 500949
503653 503889
509205 509897
511111 511917
513035 513488
514265 515067
515598 516351
518715 520252
520843 521200
524488 524588
530713 531182
533182 533253
534118 534952
537119 538611
539773 539846
541760 542783
544587 545525
549564 550452
Paenibacillus_peoriae_gi_389822527_ref_NZ_
1 31474
Paenibacillus_peoriae_gi_389822492_ref_NZ_
2113 2753
4196 4257
4866 5989
7355 9048
9655 10951
11844 11970
14456 15560
16807 18808
19466 19543
21193 23875
24762 30113
30756 30966
32939 33112
33837 34630
34975 35046
38856 40037
43998 44408
47797 48139
50542 50998
53037 53086
55771 55823
57159 57347
58731 59181
59781 61674
63345 63880
Paenibacillus_peoriae_gi_389822520_ref_NZ_
1 3242
Paenibacillus_peoriae_gi_389822486_ref_NZ_
1 240
Paenibacillus_peoriae_gi_389822498_ref_NZ_
1 2238
4090 9121
9733 11725
12967 13282
19457 21878
22649 24457
26235 26707
28801 29860
31004 31507
32134 33611
35960 40121
42291 42400
44433 44625
45658 46432
50555 50638
52384 59380
62557 65990
67587 72423
73226 76273
80220 82092
82648 85531
87233 87641
88305 88570
90041 91028
94449 109131
110360 111702
112082 114665
115526 116990
119021 119532
120638 120937
121814 122882
123802 123997
124918 125160
126462 127417
128037 128424
132276 134814
135334 143025
146580 148688
Paenibacillus_peoriae_gi_389822484_ref_NZ_
1 584
Paenibacillus_peoriae_gi_389822512_ref_NZ_
1 359
Paenibacillus_peoriae_gi_389822513_ref_NZ_
1 269
Paenibacillus_peoriae_gi_389822491_ref_NZ_
1 8651
9730 11382
13076 14463
14716 20941
24399 26008
26515 39471
39582 39997
40639 46711
47140 51315
52033 56975
58093 60530
63807 65322
65462 65632
68174 68622
69763 71841
73904 77376
78121 82315
82473 96845
99469 109009
109916 110344
112844 113062
114760 115026
119241 119449
120121 121465
Paenibacillus_peoriae_gi_389822493_ref_NZ_
1 5178
5926 12720
13493 18462
18976 25992
26173 31888
33694 33794
35382 36031
36777 37687
38164 38607
39202 40625
41501 42224
44324 51678
52197 65114
Paenibacillus_peoriae_gi_389822518_ref_NZ_
1 3327
4894 8498
9074 9621
10191 10468
12690 12845
13470 13789
19449 19740
20942 21471
22326 22480
22988 23042
25988 28273
29963 30265
34172 35360
36965 37580
40190 40354
40903 41164
42533 43145
44216 45082
46203 46543
47119 47232
48643 49185
51661 51814
59273 61756
Paenibacillus_peoriae_gi_389822489_ref_NZ_
1 23315
26028 27424
28059 29946
30029 30277
31197 32792
35539 37209
37474 43960
46003 47247
52995 53445
53999 55192
55726 56008
56525 58293
59199 61919
62791 64684
65188 65825
67140 67399
68741 71615
73079 73829
75238 76634
77725 77946
78868 97463
98222 110943
111584 111954
114165 124831
125791 132151
132973 133131
134230 134595
138313 139223
140958 146621
147062 148127
149860 150403
152848 159218
159894 160527
161527 171550
173498 180540
181048 183384
184256 186769
188350 189170
190968 191731
192500 192778
194435 194855
196079 196526
197318 197436
197713 199908
205324 205582
206452 206673
210273 210327
211381 212092
215356 216301
219273 219567
221028 223079
223222 223991
225723 227184
228018 228441
228650 228872
229975 230083
230744 231330
231988 232524
233123 233359
234200 234358
236022 236181
237909 245624
246233 248520
249495 250290
251174 252503
253771 254416
255471 258208
259631 263352
263761 264783
266186 266273
267470 268103
269450 272169
272892 273009
273972 274135
276256 276415
277306 279216
279853 280157
283756 283871
285844 286030
287590 288238
289229 289381
290117 290874
292691 294936
297025 297709
299173 299634
300423 302155
303289 303830
305158 305935
306876 307179
308454 308899
312562 312803
317011 318328
321354 323481
325532 328054
330004 330651
335831 335886
336930 337867
340316 340736
341426 341783
342294 343524
344947 345235
345987 346674
347403 347874
351123 352099
353635 354078
354923 355062
356183 357016
358059 358111
359305 362350
363111 366525
372939 373632
376188 378306
380276 384414
385720 388106
388651 389123
390158 390771
391231 391614
392246 393794
393963 396714
397024 398102
398412 399928
400497 404200
405296 405432
406268 407182
407805 409237
411655 411842
415295 419953
420516 421496
421685 422497
424478 427706
428459 428582
430349 430943
431889 432475
434888 435422
436603 437133
438998 440621
442715 446727
449863 450698
452478 452690
454288 454351
455780 455912
457572 458020
460538 461046
467301 468051
471397 474048
475669 476771
479929 481455
484347 487312
488085 489484
491602 491950
493437 493678
495401 496108
497156 497208
497868 498020
500316 500365
501381 503498
505514 505669
506489 506686
507326 507662
509738 515909
516820 517864
518143 520672
521200 522390
523675 527369
529482 529762
530615 531205
532301 532630
535102 536779
538099 538158
540122 541737
542965 547265
547902 549530
553147 554055
555930 556771
560737 560986
564699 565620
566359 567165
568275 568561
570644 570811
572031 572524
573411 573940
574467 576059
579710 579907
581199 581373
582286 582379
588926 590066
591014 619251
622738 623448
626633 628780
631171 635972
636513 637318
637996 638159
638710 638900
641493 641568
642542 643056
643567 643638
644880 647881
651488 651718
652931 654703
658028 658250
659213 660361
661173 661238
662922 664623
667640 668520
671790 673202
677049 677627
678422 679845
682656 683660
684632 686923
689145 689642
690388 690819
692988 693099
695044 695154
695685 695734
697411 698477
699707 699843
700608 701235
702592 705396
706178 706284
707443 707632
709403 709748
712866 714694
716625 718915
719906 721297
726472 726714
727511 731440
734125 740202
741054 743350
743961 744030
745704 749594
749859 754133
755450 755731
757096 757382
759175 759343
760352 762107
764245 765073
766145 767422
769635 770886
772044 774971
776551 776833
777339 777395
777995 778890
781905 785690
788068 788292
792279 793998
796553 797144
798991 799314
800102 800820
802133 802510
803013 812227
814925 815427
816640 816745
817727 818007
821770 822227
823593 827318
828184 828579
831956 832298
834578 834952
838561 838678
839887 847442
849416 851344
853377 853538
854110 854893
857825 858007
859348 859608
867588 868034
868548 869126
870506 871170
871910 872089
872994 873059
874096 877934
878803 879593
884954 885845
886530 886888
888100 888975
891228 895920
897001 898983
900783 902703
Paenibacillus_peoriae_gi_389822499_ref_NZ_
1 4328
4778 5794
6493 6748
8430 15475
16542 16788
17598 22406
23418 30396
33934 34235
35815 36782
37347 50356
51071 51426
52661 54446
54868 59893
61461 61938
62493 64675
65710 66212
68623 69273
70040 84712
85785 86015
86925 87317
87896 87949
89904 90253
91112 91780
93506 96405
97941 99201
99659 100154
100826 109699
110294 110678
112516 118144
119262 119636
123004 123616
124809 125048
125839 127588
128162 132580
132985 136817
137617 145607
146575 149887
150671 154197
155451 160858
162842 167474
168613 169189
169408 170647
172583 173390
174019 175035
176108 179093
179904 180423
181265 184864
185422 185478
186358 188303
190470 192049
194381 196270
197405 197842
199176 202222
202797 203734
204304 208786
208966 211760
214205 216870
217481 217983
218873 219299
220141 220412
220918 222220
223119 229736
230191 230463
230997 232321
234089 236835
239715 240437
241751 242543
243950 248678
Paenibacillus_peoriae_gi_389822510_ref_NZ_
1 2866
Paenibacillus_peoriae_gi_389822502_ref_NZ_
1 257
Paenibacillus_peoriae_gi_389822481_ref_NZ_
1 4566
5069 5645
6589 8043
9183 10021
10988 14685
19398 19776
22069 23804
24087 26772
27134 35285
Paenibacillus_peoriae_gi_389822522_ref_NZ_
1 1723
Paenibacillus_peoriae_gi_389822509_ref_NZ_
1 9932
10753 11275
18195 18427
20894 28527
29183 32515
33939 38065
38507 38615
40274 40473
41853 49204
50668 50909
51555 52131
54174 55676
57894 58231
58738 60118
60948 62409
62919 63566
64177 67430
69490 78885
80796 85059
88975 89128
91568 92119
94596 94841
96676 97086
102495 113192
114203 115637
117351 118747
119879 125165
126109 130567
130953 131419
132016 137941
139112 139212
140017 143073
146512 152185
153584 157865
160610 163851
164861 166846
Paenibacillus_peoriae_gi_389822515_ref_NZ_
1 2759
3954 4898
5119 5188
6101 8628
12590 17007
19622 19780
20377 20894
21426 22665
23465 24340
26704 29346
30240 37737
38267 60445
63459 64954
67779 71240
71902 79794
81402 94488
96035 99250
100271 100348
101521 103964
105187 109557
110093 115826
118430 122156
122890 124235
125570 125843
126635 127849
128102 130912
131194 132437
133872 135008
136198 138253
138926 139207
140237 142176
143795 143990
144698 155310
156089 156634
158932 163276
163868 164374
165233 165341
167072 169553
170548 173965
177960 179109
179685 182387
183254 184493
185847 186249
188049 190576
191561 192415
194525 196024
198322 198490
199345 202701
204616 207083
208923 209843
212281 212737
213701 214639
215608 215801
217011 217694
219266 219666
220261 220513
Paenibacillus_peoriae_gi_389822517_ref_NZ_
1 34019
36097 38933
40428 41605
43642 45447
47662 48261
49334 49867
51128 54641
56119 62275
63917 66848
67387 67789
68415 74150
74712 74946
75668 76204
76899 77171
78373 78665
81099 82181
83647 84963
86070 88980
92432 92615
Paenibacillus_peoriae_gi_389822482_ref_NZ_
1 5160
Paenibacillus_peoriae_gi_389822514_ref_NZ_
1 376
Paenibacillus_peoriae_gi_389822487_ref_NZ_
1 9526
14106 15711
16711 17681
18408 18839
19851 21407
22212 22329
23508 23617
24203 24293
24976 35470
36384 40832
41685 46593
48165 49885
51654 57090
59143 62277
63299 64286
65059 75747
77496 88654
89068 125884
127363 128657
128998 144105
145732 145867
147132 148195
148816 149207
152170 153472
155321 156942
158046 159870
161642 162604
163106 163651
164398 167728
170398 173763
177234 178177
180688 181839
184608 235625
236263 237331
Paenibacillus_peoriae_gi_389822505_ref_NZ_
1 228
Paenibacillus_peoriae_gi_389822485_ref_NZ_
1 589
Paenibacillus_peoriae_gi_389822525_ref_NZ_
1 2093
2933 3030
4044 4107
5514 5976
6482 6888
8895 29175
32142 32456
33068 33602
34282 35347
37579 37916
38745 38865
40083 40380
41629 41908
43013 43987
44883 52765
53509 55372
56887 63422
64729 65099
66809 67255
68580 69095
69916 73053
73716 73871
78338 78817
80666 86853
88182 88938
92365 103864
104236 130195
131691 132138
132778 133170
134110 135048
135950 136765
137352 138463
140773 144338
145313 146967
150722 153420
154803 155867
156368 156710
159452 160912
161568 161735
163352 163409
165108 165714
167555 169280
170572 171050
173635 173920
175774 176813
179809 180541
182243 182599
184982 186517
187766 188052
188580 190248
191369 191456
192678 196161
197079 198816
199978 200573
201807 202561
203921 204016
204321 207985
209591 209899
210846 215728
Paenibacillus_peoriae_gi_389822497_ref_NZ_
1 4107
Paenibacillus_peoriae_gi_389822508_ref_NZ_
1 7249
10526 11336
11992 12382
12981 13339
14218 14279
16347 16404
17018 17452
19309 22682
23918 24075
26338 29252
31013 31474
33052 34546
35588 36014
38207 38672
39311 40140
40824 43983
46550 46599
47756 47848
48496 48741
49415 53109
54462 54720
55127 56473
58974 60665
61269 61541
62114 65004
68944 69259
69934 70037
73121 91327
93205 93785
94912 95085
95603 96445
97844 99914
100549 101346
104646 105535
106935 107836
108910 109565
110807 110945
111594 112040
112580 119350
120294 120586
122082 126818
127919 130201
130997 149830
151213 153662
154146 155886
159089 159355
160684 161493
162181 162793
164606 177074
177666 178312
179811 180769
181728 182308
187677 191061
192045 193760
194889 199239
200555 201349
202047 209020
209970 216116
216925 217120
219728 220478
221186 225170
226556 227693
231831 232228
233937 234354
235122 235756
238122 238569
239764 239960
242238 242627
243596 248283
249375 250453
250964 251826
255765 255836
256728 257008
261203 261482
262194 262744
263496 263700
266181 267089
268566 269795
272172 276721
Paenibacillus_peoriae_gi_389822501_ref_NZ_
1 1339
Paenibacillus_peoriae_gi_389822500_ref_NZ_
1 4413
5341 6109
7421 12911
13991 14063
15838 16016
17244 17609
19423 20700
21533 23133
24440 25338
26107 28762
30012 32148
34925 36391
38383 39358
41737 41878
43180 43244
44626 45091
47341 47803
48450 49238
49938 51769
53316 53769
Paenibacillus_peoriae_gi_389822494_ref_NZ_
1 9480
10182 10780
11884 12339
14246 17138
17656 19941
20731 21033
23214 23853
26972 27131
28702 32021
36154 36226
36932 37234
38106 38522
39846 40052
41215 41322
45460 46462
47268 48536
48924 65505
67602 68657
69338 70133
70888 72122
72847 75513
76033 76381
77017 77520
78896 79921
80581 81047
81914 96476
101150 104094
104838 106377
107990 108394
109121 120035
121055 121408
121871 122067
125009 135319
135484 136587
Paenibacillus_peoriae_gi_389822523_ref_NZ_
1 311
Paenibacillus_peoriae_gi_389822503_ref_NZ_
1 226
Paenibacillus_peoriae_gi_389822511_ref_NZ_
1 8472
Paenibacillus_peoriae_gi_389822480_ref_NZ_
1 1521
5463 13129
13263 21790
23761 24907
26315 28036
28552 33713
34472 34543
37336 40948
