Dorea_longicatena_gi_223667575_ref_NZ_
1 3339
Dorea_longicatena_gi_223667585_ref_NZ_
1 58867
59070 72941
Dorea_longicatena_gi_223667577_ref_NZ_
1 4470
Dorea_longicatena_gi_223667587_ref_NZ_
1 38061
Dorea_longicatena_gi_223667570_ref_NZ_
1 592
1767 3539
Dorea_longicatena_gi_223667591_ref_NZ_
1 11821
Dorea_longicatena_gi_223667578_ref_NZ_
1 90003
Dorea_longicatena_gi_223667586_ref_NZ_
1 58384
58922 65740
66390 66906
67107 78319
Dorea_longicatena_gi_223667598_ref_NZ_
1 11328
15166 28222
28751 39500
40788 143294
143743 177295
Dorea_longicatena_gi_223667573_ref_NZ_
1 103189
103924 126946
127927 130140
131489 132115
133557 139347
139813 147759
148480 148628
149410 152163
153064 216476
Dorea_longicatena_gi_223667568_ref_NZ_
1 5180
Dorea_longicatena_gi_223667574_ref_NZ_
1 2383
3096 5832
Dorea_longicatena_gi_223667583_ref_NZ_
1 14047
14162 39622
41052 41488
44013 45227
45304 45355
Dorea_longicatena_gi_223667576_ref_NZ_
1 1738
Dorea_longicatena_gi_223667590_ref_NZ_
1 27850
Dorea_longicatena_gi_223667566_ref_NZ_
1 2677
Dorea_longicatena_gi_223667588_ref_NZ_
1 15715
15885 34468
Dorea_longicatena_gi_223667564_ref_NZ_
1 50562
Dorea_longicatena_gi_223667595_ref_NZ_
1 85296
85454 105246
105324 149586
152281 152748
160556 163666
164439 175397
175838 177146
181162 181441
182027 184864
185271 192923
193313 193700
200869 201432
206078 222948
226554 279439
279929 280800
280927 283171
283828 306022
306289 410383
Dorea_longicatena_gi_223667569_ref_NZ_
1 58813
59474 61242
61849 84037
Dorea_longicatena_gi_223667571_ref_NZ_
1 1176
1913 6560
7395 24628
26520 27178
29065 38600
39332 103849
103944 125667
125805 130666
130962 180547
180633 220277
222229 256104
256289 283525
Dorea_longicatena_gi_223667584_ref_NZ_
1 13095
13340 14743
15455 23892
31899 48727
48808 49524
Dorea_longicatena_gi_223667597_ref_NZ_
1 22544
Dorea_longicatena_gi_223667592_ref_NZ_
1 6578
Dorea_longicatena_gi_223667580_ref_NZ_
1 22817
Dorea_longicatena_gi_223667581_ref_NZ_
1 59350
59616 72708
73592 74434
74963 92828
Dorea_longicatena_gi_223667572_ref_NZ_
1 3621
3748 14085
14749 49080
50726 54883
57297 58618
59212 399951
400712 418117
418711 421041
421635 445759
447476 454984
455071 456685
458772 459089
459445 463533
465720 472501
478648 480911
481508 483837
489654 492188
496481 496735
499212 499529
500573 502305
504947 508106
509556 509716
511185 512199
512812 513597
514387 518401
524524 524712
524878 539999
Dorea_longicatena_gi_223667589_ref_NZ_
1 29809
Dorea_longicatena_gi_223667599_ref_NZ_
1 26323
26527 139199
Dorea_longicatena_gi_223667593_ref_NZ_
1 7496
Dorea_longicatena_gi_223667594_ref_NZ_
1 4994
5249 5300
5534 76683
Dorea_longicatena_gi_223667567_ref_NZ_
1 2540
Dorea_longicatena_gi_223667582_ref_NZ_
1 76446
Dorea_longicatena_gi_223667579_ref_NZ_
1 81779
Dorea_longicatena_gi_223667596_ref_NZ_
1 12481
12594 108138
109301 111743
112791 112928
113578 114286
115445 116100
Dorea_longicatena_gi_223667565_ref_NZ_
1 3220
