Dorea_longicatena_gi_223667575_ref_NZ_
1 3339
Dorea_longicatena_gi_223667585_ref_NZ_
1 72941
Dorea_longicatena_gi_223667577_ref_NZ_
1 296
2149 4470
Dorea_longicatena_gi_223667587_ref_NZ_
1 38061
Dorea_longicatena_gi_223667570_ref_NZ_
1 3539
Dorea_longicatena_gi_223667591_ref_NZ_
1 11821
Dorea_longicatena_gi_223667578_ref_NZ_
1 90003
Dorea_longicatena_gi_223667586_ref_NZ_
1 78319
Dorea_longicatena_gi_223667598_ref_NZ_
1 7028
7706 177295
Dorea_longicatena_gi_223667573_ref_NZ_
1 153342
154203 216476
Dorea_longicatena_gi_223667568_ref_NZ_
1 5180
Dorea_longicatena_gi_223667574_ref_NZ_
1 5832
Dorea_longicatena_gi_223667583_ref_NZ_
1 39679
40575 42678
42976 43153
43286 43451
43608 43744
44013 45355
Dorea_longicatena_gi_223667576_ref_NZ_
1 1738
Dorea_longicatena_gi_223667590_ref_NZ_
1 27850
Dorea_longicatena_gi_223667566_ref_NZ_
1 2677
Dorea_longicatena_gi_223667588_ref_NZ_
1 34468
Dorea_longicatena_gi_223667564_ref_NZ_
1 50562
Dorea_longicatena_gi_223667595_ref_NZ_
1 147582
148145 148282
148547 148755
149122 149583
151353 151612
151805 151939
152135 152302
152403 167138
167813 170455
170709 170865
170933 172450
172754 173793
174514 177944
179454 192555
192888 193103
193228 193424
193617 193852
195306 197372
198034 198458
198931 199150
199410 200356
201183 201237
201662 201880
202114 202679
202953 203082
203592 203750
204369 207175
210554 224494
225655 410383
Dorea_longicatena_gi_223667569_ref_NZ_
1 43044
44073 84037
Dorea_longicatena_gi_223667571_ref_NZ_
1 25691
26130 27504
27935 28688
29010 283525
Dorea_longicatena_gi_223667584_ref_NZ_
1 24104
25412 25748
27056 27291
31433 33238
34104 49524
Dorea_longicatena_gi_223667597_ref_NZ_
1 22544
Dorea_longicatena_gi_223667592_ref_NZ_
1 6578
Dorea_longicatena_gi_223667580_ref_NZ_
1 22817
Dorea_longicatena_gi_223667581_ref_NZ_
1 72863
73010 92828
Dorea_longicatena_gi_223667572_ref_NZ_
1 49080
49209 50051
50627 56821
57297 456770
456908 457066
457158 457304
457835 458018
458213 463700
464419 465666
465840 472646
473280 474652
475149 475392
475523 475743
475949 476144
476553 476734
476904 477037
477262 477883
478648 480928
481494 484288
484499 484688
484834 484981
485301 485484
485622 494068
494649 508499
508988 509985
510164 510689
511015 512837
512978 513149
513233 513430
513685 514682
515338 515889
516167 516295
517021 519000
519422 519878
520094 520145
520447 520605
520964 521214
521845 539999
Dorea_longicatena_gi_223667589_ref_NZ_
1 29809
Dorea_longicatena_gi_223667599_ref_NZ_
1 139199
Dorea_longicatena_gi_223667593_ref_NZ_
1 7496
Dorea_longicatena_gi_223667594_ref_NZ_
1 76683
Dorea_longicatena_gi_223667567_ref_NZ_
1 2540
Dorea_longicatena_gi_223667582_ref_NZ_
1 76446
Dorea_longicatena_gi_223667579_ref_NZ_
1 81779
Dorea_longicatena_gi_223667596_ref_NZ_
1 106340
107452 116100
Dorea_longicatena_gi_223667565_ref_NZ_
1 103
881 3220
