Dorea_longicatena_gi_223667575_ref_NZ_
1 3339
Dorea_longicatena_gi_223667585_ref_NZ_
1 7440
7565 47331
47561 47740
47975 72941
Dorea_longicatena_gi_223667577_ref_NZ_
1 4470
Dorea_longicatena_gi_223667587_ref_NZ_
1 31914
32010 38061
Dorea_longicatena_gi_223667570_ref_NZ_
1 587
1439 3539
Dorea_longicatena_gi_223667591_ref_NZ_
1 6621
6728 11821
Dorea_longicatena_gi_223667578_ref_NZ_
1 66886
67107 82348
82605 90003
Dorea_longicatena_gi_223667586_ref_NZ_
1 21724
21972 22504
22713 25608
25774 52311
52524 58409
59041 66574
66820 78319
Dorea_longicatena_gi_223667598_ref_NZ_
1 28119
28724 37233
37358 38850
40963 47326
47428 49157
49306 51279
51417 77353
77452 83247
83318 88081
88636 104032
104168 109694
109763 109824
110704 110863
111083 121609
121991 158119
158401 177295
Dorea_longicatena_gi_223667573_ref_NZ_
1 20108
20284 81654
81777 103308
103969 112222
112488 126363
130356 139071
139324 145506
146091 146295
146406 146517
147042 148634
149410 152340
153258 153497
155691 214072
214194 216476
Dorea_longicatena_gi_223667568_ref_NZ_
1 5180
Dorea_longicatena_gi_223667574_ref_NZ_
1 5832
Dorea_longicatena_gi_223667583_ref_NZ_
1 11768
11893 32037
32630 35423
35917 36605
37099 39622
41085 41470
44038 44140
44885 45227
Dorea_longicatena_gi_223667576_ref_NZ_
1 1738
Dorea_longicatena_gi_223667590_ref_NZ_
1 27850
Dorea_longicatena_gi_223667566_ref_NZ_
1 2677
Dorea_longicatena_gi_223667588_ref_NZ_
1 34468
Dorea_longicatena_gi_223667564_ref_NZ_
1 6550
7109 50562
Dorea_longicatena_gi_223667595_ref_NZ_
1 72883
73123 149586
152216 152401
152639 152732
165057 176766
177828 177940
180803 181244
185255 186241
191012 193700
204878 207144
212007 222948
226554 277049
277170 279437
279967 280063
280582 283199
283878 300817
301332 302984
303468 304221
304999 379952
380175 410383
Dorea_longicatena_gi_223667569_ref_NZ_
1 58501
60008 84037
Dorea_longicatena_gi_223667571_ref_NZ_
1 6926
7437 14386
14632 27018
29068 124549
125042 125156
125980 129021
129228 129413
129641 130259
130549 130633
130979 138504
138587 142919
143128 208562
209111 218869
219443 220241
222442 223037
223133 258494
258702 258789
258930 283525
Dorea_longicatena_gi_223667584_ref_NZ_
1 2265
2410 14743
15193 34406
34755 49524
Dorea_longicatena_gi_223667597_ref_NZ_
1 22544
Dorea_longicatena_gi_223667592_ref_NZ_
1 6578
Dorea_longicatena_gi_223667580_ref_NZ_
1 22817
Dorea_longicatena_gi_223667581_ref_NZ_
1 6044
6133 6263
6463 18684
18947 72700
73535 74427
75007 81104
81684 82631
83134 92828
Dorea_longicatena_gi_223667572_ref_NZ_
1 14162
14749 39154
39243 45261
45471 45572
45722 49080
49333 55018
57297 58681
59265 180777
180952 212966
213569 325321
325456 399951
400641 414989
415176 418180
418725 418789
419027 419163
419411 420942
421635 454984
455071 456685
458276 460332
460866 462670
465217 472596
481548 481837
482360 483809
485730 492257
493788 494060
496600 498484
499189 501020
504904 509515
511237 511496
512204 513030
515762 515884
517021 518402
521845 521964
524598 524734
524878 539999
Dorea_longicatena_gi_223667589_ref_NZ_
1 7313
7954 29809
Dorea_longicatena_gi_223667599_ref_NZ_
1 1549
1781 1931
2170 9963
10145 14502
14606 19430
19648 21537
22377 22467
22818 26323
26552 30842
30973 36405
36521 118265
118374 139199
Dorea_longicatena_gi_223667593_ref_NZ_
1 7496
Dorea_longicatena_gi_223667594_ref_NZ_
1 2603
2843 2932
3139 4295
4517 5781
5892 7089
7211 7366
7603 20868
21451 40400
41045 41402
41734 76683
Dorea_longicatena_gi_223667567_ref_NZ_
1 2540
Dorea_longicatena_gi_223667582_ref_NZ_
1 10575
10741 31147
31287 76446
Dorea_longicatena_gi_223667579_ref_NZ_
90 17985
18884 33510
33925 81779
Dorea_longicatena_gi_223667596_ref_NZ_
1 12481
12614 105986
107754 108446
109335 109754
110365 111829
113580 116100
Dorea_longicatena_gi_223667565_ref_NZ_
1 166
1577 3220
