Bacteroides_sp_D1_gi_345651597_ref_NZ_
1 446
995 4195
4906 6839
7874 10241
11146 12708
12797 17915
18988 22445
23331 24579
26098 28084
29179 32459
33068 33408
34002 37013
37781 40037
41098 42196
43583 52154
53129 57873
58578 62036
62818 65978
67117 67611
69921 72424
73188 73303
76987 79559
81237 82144
83081 84248
85762 85982
89220 92169
92942 93825
95610 96184
96945 97020
98093 100826
101645 104774
105552 126444
127285 172345
173465 174262
176478 192411
196163 205513
206121 206561
211264 219756
223076 223604
224291 228378
229569 232701
233726 236396
237270 237539
238373 239525
241490 241760
242903 257039
259942 263378
266627 266887
267952 268500
269557 271624
273715 274243
275976 285448
286610 294297
295995 299640
300220 302725
303904 304895
305680 305757
306560 307798
311168 311431
312629 312767
314629 315367
316512 317619
320064 329468
330455 332872
334907 336474
339278 340492
341306 342726
343665 347469
349115 349520
351108 356032
356580 369046
369671 428300
430015 432485
433098 438809
440114 440205
442607 447819
448903 450898
451917 452345
453053 454467
455793 458766
459512 470943
471236 473181
473882 475554
476130 476242
477979 481153
483065 486180
486766 490009
490605 491797
492785 494156
494954 496169
496866 516228
522305 522602
523452 524279
526053 526168
528275 528732
529727 531019
532596 535779
538101 538226
538869 542541
543701 545570
546537 546752
547422 548746
550610 552060
552947 555604
556316 558448
559223 563453
564319 565835
567047 574757
576836 577682
578550 587534
588374 588653
589881 610106
611786 621762
624101 627647
628612 633967
636510 640694
641234 660482
661840 672598
674867 675354
676461 676646
679433 679920
680533 681020
683710 685320
686150 693079
696348 698001
699795 710991
712065 712298
713562 716720
717547 720575
721756 721936
723057 723521
725480 726588
727126 750640
751714 752331
752869 759080
759910 760706
760987 780706
781767 786373
788355 788693
789769 795364
796099 797081
799312 802313
803910 804128
805050 810789
811763 818701
820937 821310
824075 825383
826372 827274
829444 830507
832577 863887
865781 866254
867637 869163
873940 874786
878094 879013
879566 881079
884820 885224
886322 886584
887822 888326
894887 905047
906022 927362
934411 939011
939747 939860
940535 942088
943662 947044
947691 952272
958858 964794
966651 967411
968783 969528
970250 972453
974171 979365
981054 985746
986549 988738
995414 996261
997435 997742
998975 1000004
1000596 1002306
1004288 1004530
1005088 1007066
1007779 1013626
1014431 1019609
1019849 1023892
1026504 1027375
1028321 1028755
1031147 1053135
1054361 1054496
1055310 1055595
1057410 1057886
1058412 1061103
1062838 1068496
1069309 1069533
1069695 1069794
1070982 1073918
1074844 1077068
1078347 1082115
1083066 1086105
1086967 1087369
1088347 1090951
1091746 1099530
1116114 1124757
1133693 1133927
1141582 1149645
1150547 1151660
1152730 1158507
1159161 1159574
1160934 1161912
1163953 1164925
1166092 1170575
Bacteroides_sp_D1_gi_345651580_ref_NZ_
1 8305
9564 10200
11336 11705
14194 16798
18314 19172
19965 20179
21609 21694
22103 28120
29913 30167
31176 31429
34596 40560
41226 44372
46095 46756
48255 48599
49513 50752
52493 108250
108804 116719
117245 118350
121224 152408
153846 157939
161040 164773
166221 169667
170198 175432
175982 178863
180026 181546
183590 186257
187050 187189
187972 188909
189642 195932
197549 197827
199239 200131
201232 201693
202441 202767
203263 203385
Bacteroides_sp_D1_gi_345651594_ref_NZ_
1 239
1837 4464
Bacteroides_sp_D1_gi_345651583_ref_NZ_
1 6083
8341 79889
81167 84729
85510 85873
86416 87162
88003 90525
91231 92745
93803 93900
99391 99907
101369 101526
113204 114009
115761 115909
118561 123325
124260 125405
Bacteroides_sp_D1_gi_345651579_ref_NZ_
1 10830
12589 13281
13385 15157
16664 18277
19765 21322
21723 22658
22971 35202
35498 37974
39857 41266
41957 43578
45961 46051
48077 48328
48953 49031
52073 58101
59817 67193
72613 72929
77687 80896
82486 82594
83684 95917
106635 107417
108251 121706
122464 124586
126609 126675
128687 148587
160089 160538
160723 160783
163822 166857
169894 172038
172126 172789
174395 177212
177777 178784
178891 180016
180606 184138
184899 185052
185912 186903
188724 189323
190443 196633
197929 198278
199949 200764
202032 202350
203672 203769
206339 207260
208740 211788
214230 218725
222663 222959
224575 228176
230734 231561
235679 237044
239682 241436
242457 288157
Bacteroides_sp_D1_gi_345651596_ref_NZ_
1 5153
6992 15319
16725 29175
34101 40882
41215 41384
42648 43531
46213 58148
62977 64284
68779 69437
69665 69965
70853 70966
Bacteroides_sp_D1_gi_345651590_ref_NZ_
1 12115
16594 19827
21067 21662
22250 23021
24683 24864
25884 27689
29983 30151
31253 31491
32179 33196
34211 35501
36429 37602
38411 40086
40615 67207
69006 69134
69944 70146
71669 72096
75290 81365
81877 82833
83689 83793
87266 87731
88577 104725
105628 115130
116660 133771
135576 141879
142590 144555
145245 145459
147524 147892
148787 149146
149923 150169
152822 153528
155710 156827
165577 172980
173734 173992
177552 190378
191706 197122
198027 203275
205155 217225
219017 230806
235310 235651
236236 237992
239465 248106
248819 249078
249829 250016
257881 282145
286085 286269
291539 292362
292529 292604
297104 300035
303126 306912
308441 309401
311102 311704
313382 313456
314898 315163
317877 319545
320711 320895
321821 322879
323770 323970
326418 326925
329377 329983
330841 330986
331548 339452
341606 342883
343495 344365
346347 351077
351569 351710
353104 356116
360683 361127
362707 364779
365278 365334
374131 374250
376222 391096
393373 397775
398262 399079
399629 400754
401142 401752
404184 405658
407220 409831
410590 410734
411974 417996
418738 423302
424308 426014
427366 466745
468667 470018
475437 482869
487903 488347
490005 490058
496290 496365
500782 501319
502156 507893
508810 510143
510278 511236
511979 512592
517319 520219
521945 556579
557408 566532
567098 576267
580908 582006
584021 607908
619942 629726
630390 640564
641473 646518
647277 647731
647830 648040
648991 650242
651546 651832
655129 656975
658705 664025
664851 666938
668238 670173
671080 683549
684723 688075
Bacteroides_sp_D1_gi_345651588_ref_NZ_
1 1090
1632 2824
Bacteroides_sp_D1_gi_345651595_ref_NZ_
1 9299
10135 14669
15725 16628
20969 21455
24623 26917
27592 30893
36660 44348
51116 54719
55368 58621
61553 67532
71604 71706
73512 73672
75509 76375
81633 82354
83517 83577
84136 85017
93546 94952
96771 99663
100335 100556
101679 102338
102911 103359
104558 106573
107473 109544
110203 134113
135623 138798
139346 140216
141660 143550
144789 146755
147568 151064
151771 151890
152380 157850
158788 161611
162777 170602
171954 176268
177299 177427
178082 178168
178906 179310
182577 188075
188841 191957
193257 195405
196685 198682
199207 199538
200920 201318
202475 205050
205901 207794
208513 208718
212293 214490
215694 216045
216630 216954
218358 226484
229251 229336
230466 230737
232563 232800
234412 236310
238319 238650
240662 243860
244646 244953
Bacteroides_sp_D1_gi_345651591_ref_NZ_
1 14385
15704 25444
26492 35178
35340 35471
37148 38410
38964 39451
40163 40299
44925 45623
48185 52252
53085 53357
56287 56744
57794 58997
60004 60160
60630 63008
65172 67286
68670 72053
72157 72295
72608 72791
73462 79617
85119 85322
87376 87685
90444 90531
92227 92288
92959 94072
94879 95591
97428 97694
100243 100385
102800 104074
105730 106778
108144 141063
141729 142089
142934 155485
157144 161936
163943 186860
187658 199000
201821 205027
208681 208884
210484 211585
212993 213105
213688 213946
218000 220474
221083 222754
223953 224077
224171 224598
226021 226842
231989 232349
234657 235755
237084 237448
240063 240631
241843 243173
245259 245656
247042 252079
253290 266554
268228 270574
271258 271618
272246 274491
277914 278318
279123 279786
280887 281769
285398 291712
292461 294512
295400 295647
296501 297940
299381 304383
305468 314497
315872 321040
321863 327437
328261 341587
341696 386053
388688 388955
390198 390378
392280 392758
394072 399788
401805 403761
404061 404401
406618 407342
407972 413552
414591 421051
423823 424083
424902 425089
425751 441763
443765 447673
448673 459108
Bacteroides_sp_D1_gi_345651584_ref_NZ_
1 922
2472 2831
3600 4436
6340 10526
14886 15066
25450 26642
32408 38617
39876 42414
44080 45594
46515 47082
48423 49306
52365 54613
62931 63877
65236 65416
71738 73615
78727 80778
82219 86361
89166 90114
90762 91191
92042 96968
97529 98390
101031 102005
103377 113274
114266 115078
116659 116939
119736 121155
123330 123606
124304 127473
Bacteroides_sp_D1_gi_345651578_ref_NZ_
1 3229
4033 5932
7532 7646
7924 10730
17157 18404
19547 20512
21151 21318
24581 30965
32003 34182
34939 38833
39488 40574
41206 41258
42576 50798
51842 55992
57343 59281
61939 64916
66035 66117
66624 69144
72261 76455
77668 78402
80037 80885
82473 88954
90804 91366
92959 100074
101153 120922
121223 133253
137163 141707
145530 146595
147779 151101
151607 180004
180886 187445
190119 190410
192515 192963
194448 194835
196873 197392
201822 206344
207084 227796
231001 234256
237356 247124
248090 269163
269767 288574
288869 289257
290044 297588
299005 299548
300346 310513
312551 312824
313723 314096
315006 319103
321237 355812
357004 359273
360434 361656
363143 365883
375641 376540
377907 378120
379430 379557
380446 380742
381395 381957
382805 383459
384544 389505
391758 392234
394974 395240
395934 399125
401288 402941
404188 404263
406084 406366
408010 408280
408803 409486
409647 436641
437242 438486
447003 447267
448485 449110
449844 451651
454511 455034
455971 456214
459072 471401
472457 501180
501253 502137
503616 504792
505396 513160
513476 514767
515591 515926
516593 517656
518437 521688
522644 526070
526276 534050
538795 539614
540439 545321
546123 546372
547093 552075
553721 564416
566979 567473
575638 575727
580811 581127
581792 582141
583315 587035
588972 590722
593006 594248
594501 594581
599508 603706
605908 608280
609488 610722
612016 616259
616880 620753
622308 622865
623504 624385
624565 635005
635981 636053
636653 638372
639056 640323
641331 645926
646570 647530
649678 650869
651801 658096
659156 659808
660711 660783
662587 662726
663591 665654
666744 667387
670116 672200
672965 674645
675252 680408
681251 682314
684344 686609
690970 692495
694556 694674
695751 697425
698450 699253
700087 701103
702647 707121
708071 708466
709718 713084
714380 714671
715781 720011
721156 721690
722444 722719
725124 726622
728572 729491
730721 735879
739791 745202
746094 746392
748768 748818
749527 750532
751739 757797
758704 759807
760529 762931
763681 765941
767814 776352
777083 777141
780102 781568
782619 785071
785666 787465
788420 791480
792376 806781
Bacteroides_sp_D1_gi_345651586_ref_NZ_
1 2350
3129 8060
10707 10761
13222 15271
17208 18051
18915 23005
23901 26668
30392 31798
32811 36101
37317 44525
45754 47609
48539 51118
53197 54445
54743 55686
57341 59221
59936 60430
60805 63198
65767 68234
69750 70327
77254 91486
92137 93395
94274 94588
96457 97094
97633 99293
103378 104133
104857 107053
108314 108972
109756 110725
112167 120991
122279 122507
123454 126637
127453 136370
138603 139243
141614 142440
152666 155318
156396 157014
157886 159055
159607 161666
162350 163959
167245 172106
172711 175026
175925 180704
181982 182278
182977 183177
186389 186643
188218 189240
189311 199972
202633 202913
204202 205254
206383 207770
208792 215166
215834 216551
217182 218147
218747 221768
223063 224046
225246 225558
226161 226334
227008 233054
233721 235173
235487 236885
237664 238596
239152 239985
242826 243874
245045 246652
247653 248556
249395 251857
252637 253459
254019 262711
266914 267205
268147 347278
347358 370574
373751 389804
390880 391995
392889 393590
394616 395456
396091 396413
400117 400511
401741 403306
404487 404777
404998 406167
409871 410671
411914 429560
431546 433773
434564 436890
438455 447316
448964 449227
450081 450714
451607 455627
456325 478101
480072 486018
487061 500588
500849 504488
505542 505999
507025 526557
527914 546184
546666 547658
548381 551686
554225 554748
555251 555554
562867 563148
563972 576953
578456 591315
591960 594708
595607 596480
597766 597916
598517 608381
609786 610983
611670 612084
612703 613812
Bacteroides_sp_D1_gi_345651598_ref_NZ_
1 1634
4041 9545
10100 10596
11151 11323
13699 15521
19206 28712
28909 33439
34127 35659
36496 37786
39667 44145
45252 45401
46745 47531
48197 54688
55453 56132
57094 57983
58922 64915
65731 65794
72946 73221
76213 76828
77949 85218
86515 87827
88810 91040
Bacteroides_sp_D1_gi_345651592_ref_NZ_
1 19913
21844 22041
27680 28532
29923 32755
34093 34404
34485 46790
46890 49803
50555 78514
79051 83706
84730 87224
88189 95143
Bacteroides_sp_D1_gi_345651581_ref_NZ_
1 26714
28120 34512
36565 39067
40157 41009
43120 46494
47557 48844
49796 50043
51058 53122
53817 57593
58164 61298
63833 68832
69238 69692
70830 73004
73694 73775
74639 75009
76113 81339
86063 86947
96734 97134
98543 105864
107293 109548
112108 114014
116554 123233
Bacteroides_sp_D1_gi_345651589_ref_NZ_
1 8616
9601 20974
22559 23587
24643 27507
28355 31917
35510 60791
62386 63393
64548 70027
70861 72490
74405 77457
79179 82260
83082 84157
84798 85176
86285 86617
87376 87797
89692 92266
93078 93489
93602 93902
94602 99081
99737 116180
118097 121707
124039 124470
125326 127539
128207 129153
130002 131741
132321 134526
135932 136839
137433 146549
147139 150607
151254 155251
156357 161297
162207 168057
168706 174924
175822 193782
194416 216724
217511 217738
218254 218785
219069 220554
221057 221992
223467 232713
233432 237921
238942 239174
239816 243386
243899 244476
245975 248969
Bacteroides_sp_D1_gi_345651593_ref_NZ_
1 9151
10681 14780
16137 17483
18354 20479
21132 21805
22597 25216
25771 27091
27225 27337
28205 31994
34347 35795
36335 38148
38976 39697
39956 42629
42807 52751
53444 55502
57083 57171
59380 60184
60717 62093
63513 64415
64945 66032
68171 69660
71509 92212
93126 103948
105156 116895
120236 123011
124618 124906
126694 128756
130886 131830
132764 133788
134063 136306
139639 141980
142906 148394
149389 149825
151453 152758
153716 155585
156351 156975
Bacteroides_sp_D1_gi_345651582_ref_NZ_
1 4577
6759 10890
13200 13853
14496 15432
15970 23592
24169 24364
26270 28064
29949 32841
33667 36437
37152 37218
37732 40841
41702 46032
46964 47551
48201 50918
51624 52821
54270 55256
56161 57478
Bacteroides_sp_D1_gi_345651585_ref_NZ_
1 877
1550 8559
9598 12496
13347 13529
14376 16288
16965 17763
19041 20887
21571 28832
29600 30509
31447 32195
33244 36572
37557 41317
42088 45011
47340 48336
49160 56128
57525 58972
59609 65675
66474 67220
67728 75645
78050 78431
79863 80316
83213 87245
88724 91916
94901 102463
103860 104090
106776 114913
116575 117076
Bacteroides_sp_D1_gi_345651577_ref_NZ_
1 12159
18575 19283
21146 25867
27930 28221
30793 33183
33519 34633
35480 39198
40330 40513
41895 45874
49173 52668
53111 54590
55122 56392
58080 58653
59269 60024
61383 61732
62632 64663
66651 66801
67951 68229
69505 71851
88937 90696
90818 143382
146021 147008
147717 148112
150706 152651
154366 154473
154986 157045
157426 159875
162428 165691
166004 166243
172881 174783
176824 177090
179490 183743
184562 184887
185545 190086
191600 193429
195937 196661
199495 200220
212990 220658
222533 229755
235189 241584
243298 245157
250175 250722
252795 253214
255104 255704
256299 256511
264949 266305
266811 266985
267624 269586
270628 271312
272551 274928
275023 275182
Bacteroides_sp_D1_gi_345651587_ref_NZ_
1 3004
