Bacteroides_sp_D1_gi_345651597_ref_NZ_
1 141771
142370 153057
153638 1099530
1113733 1120531
1123878 1170575
Bacteroides_sp_D1_gi_345651580_ref_NZ_
1 54728
55815 56073
56981 59476
60257 61477
62511 62969
63495 64085
65207 65434
66315 68046
68660 71400
73685 74173
79621 80071
81170 203385
Bacteroides_sp_D1_gi_345651594_ref_NZ_
1 4464
Bacteroides_sp_D1_gi_345651583_ref_NZ_
1 80996
83688 125405
Bacteroides_sp_D1_gi_345651579_ref_NZ_
1 288157
Bacteroides_sp_D1_gi_345651596_ref_NZ_
1 70966
Bacteroides_sp_D1_gi_345651590_ref_NZ_
1 13162
14946 383565
384231 384603
385111 681691
681797 688075
Bacteroides_sp_D1_gi_345651588_ref_NZ_
1 2824
Bacteroides_sp_D1_gi_345651595_ref_NZ_
1 244953
Bacteroides_sp_D1_gi_345651591_ref_NZ_
1 459108
Bacteroides_sp_D1_gi_345651584_ref_NZ_
1 16592
17155 19745
20365 21853
22403 127473
Bacteroides_sp_D1_gi_345651578_ref_NZ_
1 50746
51843 91624
92598 443077
443728 502157
503615 806781
Bacteroides_sp_D1_gi_345651586_ref_NZ_
1 344506
345637 577073
578517 613812
Bacteroides_sp_D1_gi_345651598_ref_NZ_
1 90222
91139 91521
Bacteroides_sp_D1_gi_345651592_ref_NZ_
1 95143
Bacteroides_sp_D1_gi_345651581_ref_NZ_
1 48882
49452 75426
76082 90628
91285 94945
95780 123233
Bacteroides_sp_D1_gi_345651589_ref_NZ_
1 248969
Bacteroides_sp_D1_gi_345651593_ref_NZ_
1 156975
Bacteroides_sp_D1_gi_345651582_ref_NZ_
1 29045
29605 57478
Bacteroides_sp_D1_gi_345651585_ref_NZ_
1 117076
Bacteroides_sp_D1_gi_345651577_ref_NZ_
1 275182
Bacteroides_sp_D1_gi_345651587_ref_NZ_
1 3004
