Bacteroides_sp_D1_gi_345651597_ref_NZ_
1 1550
1698 9500
9587 13909
14219 14479
14545 17970
18103 18244
18352 23865
24008 24158
24297 24722
25143 25375
26127 34775
34963 35178
35292 41956
42105 42309
42633 43151
43358 66126
66276 66492
66762 66922
67176 67647
67885 68048
68149 68323
68588 69633
69750 69939
70258 70775
71201 76339
76970 78974
79207 79368
79441 79850
80015 93829
93937 94105
94327 94471
94686 127746
128061 137803
137962 138103
138567 139871
140433 142572
143203 163781
163866 164116
164307 177982
179773 190092
190601 207934
208224 208406
208521 208714
209379 209511
209748 209915
210815 210956
211102 211269
211751 217346
217449 217975
218130 220638
221096 224881
225025 239836
240458 240662
241099 241282
241365 241519
241662 257804
257873 258074
258498 258680
258814 259053
259172 259223
259551 259750
259878 260561
260734 260983
261095 261337
261590 261765
261995 262236
262469 273035
273735 274437
275258 281701
281793 300796
301026 301224
301357 301559
301949 308533
309211 317365
317557 317708
317890 318014
318173 318345
318426 318627
318928 334249
334359 344874
344991 440201
440340 440481
440678 444763
445296 493131
493426 497381
497610 517237
517516 517733
517860 517984
518229 519250
519342 519521
519736 520245
520766 525360
525686 527200
527638 528068
528206 548794
549572 552130
552302 552740
553016 553216
553362 557305
557618 557978
558330 559504
559825 560003
560323 574190
574809 577709
578515 588966
589665 622975
623247 623415
623766 623927
624028 626275
626440 710087
710403 710639
710715 710908
711024 711950
712060 712225
712423 717080
717444 717677
717832 723966
724160 724370
724558 724718
725017 725913
726097 726645
726905 728461
728664 728895
729055 729257
729444 729532
729952 730125
730233 760700
760898 761058
761295 786746
787020 792116
792374 797081
797312 797566
797790 798129
798455 798621
798979 806083
806189 810188
810342 810805
811113 811264
811432 811587
811693 811841
812212 820025
820455 820607
820749 821315
821735 827010
827177 827435
827535 828210
828370 828528
828774 828962
829119 829818
829939 830273
830402 830546
830981 831505
831690 831857
832023 872855
872924 873073
873296 875312
875946 882804
883485 889063
891061 898255
898410 898615
898743 898887
899023 899173
899542 899727
899848 900047
900287 900369
900535 900678
901255 901384
901523 901747
902008 902201
902484 903743
903836 903957
904299 904366
904619 904802
904924 905268
906012 906185
906308 928371
928959 929932
930755 946839
947084 951207
951735 953357
953969 960274
961321 964680
964852 965096
965314 965515
965728 966258
966612 966804
967096 967286
967413 969553
969905 973127
973284 973472
973752 973905
974135 974954
975100 975302
975608 975754
975976 976129
976265 976390
976489 976731
976856 977621
978199 978453
978616 978809
979015 983129
983446 989401
989604 989892
990458 990602
990753 990951
991158 991382
991897 992119
992470 996695
996811 997018
997138 997277
997397 997553
997692 998329
998431 998865
998955 999186
999401 1000688
1000904 1001060
1001403 1004805
1004934 1005154
1005298 1005371
1005715 1009853
1010130 1010379
1010547 1010943
1011052 1011814
1012063 1019629
1019832 1025511
1025628 1026107
1026231 1026658
1026748 1027407
1027642 1027787
1027965 1029378
1029562 1029772
1030045 1030229
1030365 1030579
1030680 1053490
1053612 1053772
1053950 1054214
1054286 1054490
1054765 1070116
1070276 1070415
1070690 1071137
1071219 1092136
1092569 1099530
1106219 1106321
1116114 1117741
1118642 1121003
1121904 1123181
1123755 1124736
1127945 1128377
1129673 1130600
1133029 1134450
1138032 1141586
1141730 1141898
1142034 1142272
1142438 1142566
1142672 1148853
1148972 1149202
1149383 1150530
1150667 1150863
1150968 1151177
1151344 1157259
1157852 1158279
1158501 1159942
1160145 1160383
1160851 1161028
1161124 1161921
1162029 1162234
1162366 1162544
1162697 1164463
1164618 1164827
1165007 1165203
1165383 1167175
1167328 1167485
1167592 1167822
1167959 1168671
1168753 1170575
Bacteroides_sp_D1_gi_345651580_ref_NZ_
1 11826
11971 12159
12290 16918
17098 17288
17442 17577
18044 18238
18441 18692
18871 19012
19198 21717
21955 22139
22432 22616
22765 23231
23368 26994
27653 32581
33413 33542
33749 33978
34111 54682
55245 58406
59692 64495
65076 71400
72547 74608
75153 75826
76414 76538
81034 82332
83144 110699
110867 110994
111134 117459
117625 117771
117910 118674
118829 118985
119260 152408
153031 153318
153846 162834
163120 163357
163499 168619
169050 169273
169394 169580
169798 170236
170399 171066
171176 184596
184704 184940
185094 185286
185436 186268
186664 196598
196801 197039
197254 199959
200255 200410
200645 200920
201176 203385
Bacteroides_sp_D1_gi_345651594_ref_NZ_
1 2990
4143 4464
Bacteroides_sp_D1_gi_345651583_ref_NZ_
1 125405
Bacteroides_sp_D1_gi_345651579_ref_NZ_
1 251
404 15736
16481 19861
20082 20315
20401 20584
20663 53460
54002 62131
62313 62569
63075 64430
65616 66331
66884 70522
71169 72917
73028 73218
73637 73789
75694 75899
75988 76204
76568 76786
76969 77153
77356 94434
95058 98925
99530 102208
103444 125175
125487 125545
125808 126011
126342 155185
155334 155554
155892 158911
159069 159576
159686 160099
160202 161864
162011 165546
165613 165852
166086 166193
166789 167289
167574 168175
168282 168471
168703 168858
169155 175815
175969 183989
184120 184674
184868 185003
185138 185351
185694 186988
188039 190146
190404 198294
198476 198637
198915 199133
199455 199698
199907 200555
200732 200939
201020 201180
201286 201815
201933 205909
206055 206178
206405 206593
206762 206925
207230 214761
215209 215370
215607 220218
220461 220591
220787 220963
221190 232928
233618 241688
242446 288157
Bacteroides_sp_D1_gi_345651596_ref_NZ_
1 2538
3090 14878
15585 25796
27017 29363
31927 35821
35986 40934
41081 41254
41371 41540
41912 46668
46788 46959
47135 47315
47492 58785
58995 59190
59365 59518
59664 70966
Bacteroides_sp_D1_gi_345651590_ref_NZ_
1 12115
15440 16922
17064 20921
21115 21242
21484 21663
21813 22040
22150 23037
23278 23430
23937 25605
25766 26315
26381 27954
28518 28754
29176 31218
31312 31511
31845 42979
43102 67516
67750 67979
68053 68260
68531 68621
68819 69342
69478 69636
69775 69986
70261 70414
70527 72043
72449 83407
83915 87095
87222 87959
88221 88754
88899 89082
89211 98308
98415 98638
98733 104757
104882 115362
115628 116159
116344 117573
117652 133773
133934 137161
137435 137600
137912 139792
140145 151036
151281 159869
160532 164336
165303 179979
180232 180749
180855 181034
181150 181361
181437 182288
183202 190611
191354 195651
195799 195946
196375 196433
196719 197174
197420 234145
234987 235198
235387 239006
239620 249255
249789 256459
256985 259194
259482 259670
259953 260168
261279 284737
285006 285261
285473 285652
285738 285958
286054 286281
286724 311495
311678 311830
311947 312154
312382 314502
314715 314918
315007 315171
315908 317082
317349 317744
317960 320657
320768 320952
321190 323454
323734 324115
324559 325494
326051 326250
326351 326600
326709 342284
342860 344948
345207 345328
345804 346037
346271 351077
351338 355773
355923 356184
356391 356587
356765 357865
358061 358183
358631 359290
359763 360017
360324 361621
361858 361994
362077 362254
362437 371987
372304 372740
373281 373475
373685 373823
373979 374149
374296 374476
374704 375633
375775 375925
376273 376325
376704 377504
377727 379694
380286 384572
385759 387130
387359 402255
402347 402520
402766 403364
403518 406414
406880 408543
408638 408850
409052 409239
409388 409510
409675 409855
409970 412960
413262 413447
414033 416619
416839 417313
417474 418360
418520 432733
433388 478361
478476 478641
478892 479039
479246 479955
481167 485301
485941 500175
500751 500963
501084 501358
501708 509046
509310 509542
509670 514074
514374 514578
514803 566797
567036 567258
567452 571818
572361 617065
617837 620428
621149 621857
622935 644238
644437 644643
644710 644932
645128 645370
645627 651320
651495 651684
651936 652097
652416 654046
654829 657046
657554 659966
660617 660846
661090 661221
661405 663266
663391 663820
663994 683633
684148 685465
686057 686532
686687 686945
687073 688075
Bacteroides_sp_D1_gi_345651588_ref_NZ_
1 1091
1581 2824
Bacteroides_sp_D1_gi_345651595_ref_NZ_
1 10928
11037 11601
11706 15427
15538 17093
17785 18974
19247 19491
19563 19790
20069 21389
21626 21774
21889 23025
23198 23410
23508 23661
24011 24185
24333 36944
37055 37318
37621 37858
38143 38314
38431 38664
39339 54741
54870 55096
55275 58897
59432 61975
62489 81868
81997 82153
82232 82390
83331 83676
83858 86148
86254 86495
86712 86845
86997 87172
87337 87483
87793 87983
88280 89456
89575 89739
89872 90012
90644 90811
90935 91016
91823 94415
94505 94644
94812 95381
95540 101781
101857 102075
102150 102339
102440 134719
134933 135163
135405 135531
135685 140226
140415 140569
140907 143549
143842 143991
144131 144318
144504 144647
144751 144998
145138 148124
148299 148748
149151 149819
150375 150889
151015 151197
151312 151465
151719 165497
165773 165953
166076 171350
171849 172060
172148 172302
172446 176010
176168 176416
176639 176794
176933 177134
177292 177464
178009 178232
178421 179068
179197 179370
179816 180039
180141 181895
182487 182664
182824 183468
183802 183947
184145 191615
191786 192013
192218 196077
196379 196836
196976 201836
202022 202148
202618 203656
203767 203940
204081 204241
204474 204580
204806 204992
205074 207856
208018 208997
209410 209540
209739 210471
210646 210794
210921 211090
211191 211414
211587 211775
211898 212322
212481 212706
212834 213182
213369 213507
213720 213959
214122 220871
221001 221071
221215 221439
221748 225225
225499 225687
226126 226313
226448 232916
233037 233211
233500 244953
Bacteroides_sp_D1_gi_345651591_ref_NZ_
1 4703
4839 4987
5122 6046
6127 6367
6464 14454
14645 14794
14976 17606
17831 20378
21126 28388
28746 28889
28996 29341
29455 29654
29782 30040
30141 35718
36352 40511
40616 40745
40852 41746
41947 43841
44118 44268
44893 45636
45775 45951
46450 50469
50744 53795
53974 54880
55106 55277
55503 55712
55847 56533
56671 56885
57119 58352
58583 58764
58896 59126
59366 59633
59979 60164
60348 60481
60647 60853
60923 61048
61217 61737
62222 67374
67532 67672
67830 67968
68642 80722
80862 81006
81390 81566
81748 81941
82231 87420
87535 87718
87904 88043
88441 95411
95793 95897
96038 101201
101334 101571
102564 107955
108245 108405
108497 118129
118689 120200
120371 134363
134501 155768
156192 170924
171450 194800
195655 202098
202333 202491
202605 202816
203067 205113
205586 205788
205891 206017
206177 208077
208215 208434
208666 208844
209029 209289
209472 209603
209818 210039
210151 213956
214196 214444
214773 215005
215273 215438
215828 216010
216120 216714
217138 221195
221577 223447
223535 223679
223803 224311
224379 224598
224844 225011
225349 227591
227889 228022
228422 228804
229401 229537
230039 230195
230622 233090
233236 233410
233577 233767
234347 234539
234686 236275
237030 237164
237292 237448
237557 237719
238228 238445
238836 245193
245326 246681
246925 247179
247337 247491
247937 275147
275248 278399
278528 278675
278817 282734
282998 285946
286057 286929
287440 292520
292658 292861
293031 293242
293319 294303
294493 294685
294776 302291
302401 302562
302974 303106
303444 321044
321632 353320
353887 390371
390556 390757
390901 391361
391668 401820
401916 402136
402301 402518
402681 402847
402997 403140
403292 403439
403639 405921
406045 406205
406322 406463
406610 406817
406947 418027
418358 418600
418757 419481
419593 419807
419973 420180
420357 420503
420632 422480
422760 422910
423206 430263
430869 450711
451141 451308
451446 451964
452136 453244
454026 459108
Bacteroides_sp_D1_gi_345651584_ref_NZ_
1 4739
5315 10785
11470 16670
17449 17983
18634 21725
22404 23484
24025 29617
30207 31786
31972 32507
32628 35663
36073 36325
36520 36673
36901 39161
39523 39663
39876 40208
40338 40604
40741 40842
41066 41348
41609 42956
43285 43453
43672 47707
47875 48075
48197 69696
69868 70044
70302 70704
70834 85453
85737 85855
85961 86180
86289 87856
88127 88283
88789 91703
91950 92238
92407 97266
97526 100588
100748 101187
101306 106783
106888 120586
120836 121035
121138 121323
121498 124638
124800 127473
Bacteroides_sp_D1_gi_345651578_ref_NZ_
1 3395
3649 5927
6039 6242
6344 6565
7053 7234
7366 8421
8772 10160
10683 12123
12290 12513
12715 12903
13084 13275
13618 21839
21961 22095
22388 22871
22985 30356
30552 30693
30830 31773
31954 39663
39788 40023
40133 40357
40917 41676
41805 44085
44200 44379
44518 45033
45160 45874
46078 46293
46368 46554
46693 56141
56442 56581
56699 62212
62475 62654
62766 62951
63119 63611
63925 66094
66624 70659
70916 71098
71473 74914
75207 75383
75676 84262
84522 84746
85016 87623
87764 89650
89869 90005
90582 91611
92749 92854
92958 122427
122767 124012
124117 124342
124521 133449
134062 134331
134983 145623
145694 145848
146094 146772
147517 150108
150423 186851
187037 187183
187274 187476
187900 189158
189785 191566
191695 191825
192436 192571
192898 193078
193298 193463
193663 193896
194059 194123
194448 194648
194735 194929
195082 195244
195431 196390
196648 196885
197040 197223
197348 197533
197844 198250
198352 198482
198941 199173
199258 199481
199552 200348
200506 200676
201164 201302
201509 201667
201821 201982
202495 206863
206972 232755
233253 233943
234062 241744
242326 287676
287777 291334
291619 291744
292163 294236
294642 312672
312763 312938
313097 313296
313395 315236
315381 315578
315695 317488
318083 319494
319720 319882
320236 320376
320730 354709
355681 376757
376860 377047
377310 377541
377633 385765
386082 386268
386531 393195
393453 393577
394029 406470
406742 407233
407845 407978
408151 408340
408485 439932
441366 444806
445898 446315
446435 446620
446865 447057
447189 447411
447742 447987
448074 448262
448485 449381
449480 449702
449912 450064
450231 450400
450999 451213
451325 451503
451592 451840
451942 458787
458921 459075
459299 502874
503487 515138
515480 515658
515824 515996
516485 524856
525096 525226
525312 525544
525781 525910
526036 534780
535999 540598
540774 540925
541071 541237
541521 545590
546115 579634
579889 580061
580171 580534
580743 580875
581050 585149
585256 585499
585679 585897
586155 591866
592045 592184
592279 592419
592947 596536
597220 598128
598395 598597
598800 600521
600718 601141
601211 601388
601465 603197
603375 603517
603719 603885
604270 608605
608851 609111
609334 609473
609657 630648
630933 631357
631609 632375
632924 635031
635695 636055
636154 636379
636521 636697
636863 637026
637137 637370
637633 643851
643970 644209
644407 644593
644732 644932
645027 645236
645331 648104
648260 648458
648611 648840
649003 653116
653333 653489
653745 653891
654050 654168
654387 657530
657776 658376
658555 659336
659514 660036
660562 666179
666381 666856
667048 667193
667354 667904
668115 668430
668541 668918
669090 669293
669475 669795
670114 673774
673942 674138
674249 675850
676069 676291
676365 677789
678334 680850
680938 681150
681220 681464
681595 681770
681882 682598
683386 684150
684330 684501
684654 686076
686185 686636
686837 693313
693454 693620
693891 694045
694451 696194
696289 696497
696971 697413
697628 706588
706939 707121
707410 707641
708053 709131
709718 712142
712283 712460
712626 712810
712973 713166
713366 713490
713682 714501
714650 714867
715141 715365
715584 720133
720634 720781
720913 721042
721133 723655
723824 729274
729471 729704
730019 732892
733117 733274
733430 733572
733673 733866
734070 736313
736895 737118
737204 737420
737657 737782
737905 738094
738211 738409
739626 739822
740338 750742
751155 751285
751439 756351
756626 756855
757199 757347
757458 766263
766797 766953
767087 767271
767461 770981
771241 771468
771548 771772
772310 776910
777083 777246
777621 778849
779072 779194
779601 779723
779954 781606
781844 781987
782131 782367
782621 783630
783740 806781
Bacteroides_sp_D1_gi_345651586_ref_NZ_
1 4007
4222 4646
4823 5141
5380 5581
5709 5869
5958 6141
6241 8140
8349 8484
8833 9071
9369 9702
9883 10106
10297 10418
10704 10758
10889 11084
11743 14374
14571 14758
14861 15002
15251 16157
16478 17001
17139 17603
17761 17897
18029 18215
18362 18516
18646 27799
28102 28236
28517 28747
29249 29329
29466 29669
29777 29956
30055 47405
47688 48157
48318 51243
51366 56555
57113 63523
64152 69900
70054 70158
70493 70679
70810 93680
93847 94073
94179 94353
94519 94653
94838 94997
95229 95382
95622 106766
106874 107084
107602 108117
108511 108976
109311 111347
111702 111895
112092 113922
114107 114288
114478 114709
114880 144713
144980 145101
145248 145452
145547 145755
145876 147135
148590 148777
149154 149345
149758 149978
150150 161682
161781 161941
162161 162318
162500 162755
162873 163395
163578 163720
163925 164098
164237 164561
164753 164884
165037 165216
166091 168089
168224 168402
168923 169995
170116 170300
170510 172075
172255 172457
172571 173987
174360 174477
174680 174830
174945 175358
175554 183473
184421 184560
184673 184847
184980 185149
185309 190101
190456 190719
190844 196286
196722 197085
197325 198447
198728 206288
206470 221055
221213 221350
221549 221701
221849 224523
224773 224933
225197 225924
226069 226327
226459 226677
226888 228876
228986 229117
229280 229445
229667 241858
241992 242092
242452 253459
253760 263694
264945 268040
268147 371033
371634 373054
373714 395271
395413 395594
395753 395964
396083 403306
403408 411538
411681 429874
430018 430207
430630 432125
432552 434728
434867 435527
435802 437780
437913 439669
439767 439893
440099 440220
440403 440858
441257 441382
441554 441711
441944 447316
447567 453852
453968 456786
456916 491954
492217 492396
492549 492844
493003 493133
493404 493569
493742 494514
494756 495023
495114 495238
495401 495547
495671 528625
528732 529294
529462 551388
551530 553327
553502 553727
554171 554311
554454 562909
563007 563476
563562 563782
563893 590066
590455 590711
590970 591109
591229 591390
591617 598537
598626 598864
598950 599199
599338 599488
599667 599855
600118 600345
600662 600872
600998 613812
Bacteroides_sp_D1_gi_345651598_ref_NZ_
1 2561
3317 17240
17664 17795
18337 18469
18649 21514
21720 21953
22150 22359
22493 22652
22768 35399
35497 35731
35817 35998
36437 38890
39288 50642
51175 51675
51810 52017
52120 52507
52622 55494
55757 91521
Bacteroides_sp_D1_gi_345651592_ref_NZ_
1 6956
7704 9576
10240 10788
11304 15937
16248 16440
16581 20160
20275 20451
20663 20823
20957 21131
21273 49827
50540 95143
Bacteroides_sp_D1_gi_345651581_ref_NZ_
1 10853
11073 35208
35723 36136
36435 36658
36843 54531
54635 61805
62153 62293
62478 70290
70572 70733
70857 71050
71170 73124
73247 73682
74066 75009
76098 84123
84336 84550
85273 85453
85803 85962
86132 90027
92304 98169
99677 99833
100127 100319
100703 108862
109103 109334
109450 111144
111391 111523
112010 114801
115020 115223
115306 123233
Bacteroides_sp_D1_gi_345651589_ref_NZ_
1 5948
6510 10744
11028 11300
11432 11596
11742 61893
62159 63643
64147 74699
74850 77775
78665 92039
92215 92450
92561 116905
117495 132121
132270 135537
135695 137148
137406 137647
137820 163036
163156 163303
163434 175791
175923 176087
176226 176360
176518 176645
176775 191461
191848 191972
192178 193596
193750 223515
223668 223834
224054 224205
224556 224751
225139 226156
226453 226612
226757 228768
229186 229732
230052 236396
236512 237908
238194 238397
238746 238910
239277 245577
245947 246130
246280 248969
Bacteroides_sp_D1_gi_345651593_ref_NZ_
1 10294
10462 10579
10937 11448
11576 18099
18241 26614
26740 26899
26967 38196
38268 38648
38939 39115
39223 39448
39945 40709
40900 41135
41300 44824
45113 51742
51840 52034
52244 55779
56348 58142
58318 58441
59001 59890
60177 62707
62874 63021
63439 63703
63902 64092
64235 64361
64573 64738
64858 70771
70928 71056
71171 106720
106933 107085
107226 108583
108704 108950
109139 109296
109504 124626
124990 125559
125639 125856
126033 126987
127273 127495
127597 129418
129511 129710
129913 134914
135019 135226
135471 135715
135936 136403
136820 136979
138158 138306
138456 143102
143366 143561
144162 145109
145260 145400
145589 145781
146179 146396
146819 148023
148344 148474
148710 154085
154200 154417
154563 154817
154937 156975
Bacteroides_sp_D1_gi_345651582_ref_NZ_
1 28786
29451 57478
Bacteroides_sp_D1_gi_345651585_ref_NZ_
1 2367
2651 2804
3042 3247
3369 4167
4306 8878
9221 18223
18536 18750
18866 28096
28335 30530
31063 38848
39504 39744
39870 42605
42876 43074
43307 45102
45880 75879
76294 76471
76689 77949
78077 82955
83107 83308
83477 84604
85336 85878
86007 86620
86719 117076
Bacteroides_sp_D1_gi_345651577_ref_NZ_
1 5369
5657 5930
6059 10442
11337 14520
14898 15415
15491 30060
30217 30345
30751 32523
32733 33222
33538 33724
33831 37238
37305 37567
37769 37895
38020 39011
40243 46541
46644 46840
47360 49349
49447 49939
50286 50437
50658 50789
51175 56229
56372 56888
57193 57343
57997 68554
68923 69052
69172 69327
69454 69607
69766 82983
83189 83404
83640 83774
84096 87193
88284 143490
143661 143855
144280 148410
148742 148866
149128 149659
149745 149952
150167 150303
150706 150855
151099 151316
151578 153192
153482 153652
153776 153960
154077 154254
154468 167596
168264 176699
176852 177000
177201 177414
177540 177783
178042 178182
178467 182738
183441 187157
187286 187881
188004 198042
198199 198411
198708 200184
200408 200592
201032 201169
201297 206118
206377 206834
206995 207855
208560 214618
214726 214881
215355 223046
223814 223974
224335 224467
224774 233926
234523 237165
237249 237418
237535 237782
237915 239004
239656 240143
240323 240461
241048 245157
245267 245499
245663 246708
246899 247077
247221 247416
247519 247733
247937 248065
248247 252606
252770 252947
253067 253446
253599 257734
258104 258311
258507 258734
258862 260126
260233 260428
260604 260790
261023 261162
261335 263179
263397 263574
264000 272281
272549 275182
Bacteroides_sp_D1_gi_345651587_ref_NZ_
1 3004
