Bacteroides_sp_D1_gi_345651597_ref_NZ_
1 904
1817 5713
5999 17873
18826 20125
20966 21189
21737 22236
23135 23297
23851 24732
26016 26644
26877 28088
29173 31687
31995 33948
36421 36738
37806 42647
43695 46145
46474 46616
48287 51436
53037 56932
58578 66059
67288 69621
72361 78904
79507 79674
81683 86048
87197 94049
94336 94432
95622 96997
98645 99339
99892 119089
119947 126433
127381 131237
131324 143405
143662 149331
150050 151201
151824 176566
180093 209377
212777 212828
214409 214955
215250 215343
216485 218809
219719 219828
220329 223671
224456 226932
227857 228072
228311 228422
229556 236351
238594 238661
241799 255276
256460 263800
264909 268845
271091 271899
276842 277031
277551 277830
277987 294865
295953 296446
297744 297804
298588 299626
301073 301218
302170 302725
304146 304532
306560 307125
307529 308103
311209 315161
315914 317619
319717 319796
320071 323634
324305 329454
330455 331704
332773 332831
337505 348348
349067 353333
354096 357538
358081 369046
369594 428887
429427 430463
431362 432472
432997 447577
448289 449100
449746 454355
456165 472841
473888 474552
475062 476323
478107 481726
483076 486171
486993 491797
492794 495101
495392 516041
522305 522588
523503 523597
523831 523957
526021 526132
526876 527020
528719 528863
529727 534286
535133 540215
540748 552105
552309 554898
555244 556057
556647 556748
557103 563911
564429 567123
568591 569911
570451 583442
584089 588237
589882 610106
611236 611370
616194 622146
624158 624382
626139 630398
631023 631426
636603 639432
641501 641589
641691 660741
661326 672598
675074 675938
676461 694972
696168 697238
697742 702283
705670 709992
711302 711368
712362 712501
714085 715373
716116 716619
718891 721472
722036 723508
725646 725754
726129 726450
727060 728175
729213 758997
760150 786453
787049 787137
787646 796464
796978 797067
798080 799605
800399 800508
800756 802313
804140 806945
807250 807349
807599 809177
810105 812206
812275 816134
816644 818660
820908 822901
823926 824080
824827 825143
826372 827010
829737 830023
830230 830507
832502 866648
867637 886698
893099 893359
897507 897758
898577 901984
903525 903847
906050 928024
932298 934623
936951 939232
939747 939860
940486 945007
945594 950779
951573 960272
961734 966640
967115 969553
970206 971324
972163 972452
972815 972921
974632 974901
976527 977515
978250 978379
978624 978685
984360 984473
984983 986534
993626 995394
995997 996170
997129 997436
998808 1001008
1001506 1001750
1004381 1004517
1005099 1005322
1006040 1009853
1010558 1011746
1012633 1022205
1022598 1024109
1026541 1027198
1028635 1030590
1031629 1031816
1032468 1045550
1046212 1050675
1051296 1051637
1052785 1054405
1055576 1056462
1058419 1061248
1062838 1068488
1069309 1069486
1069700 1073689
1075210 1076731
1077396 1082518
1083286 1083403
1083643 1084316
1084408 1084607
1085295 1085989
1086880 1087344
1088083 1088503
1090822 1092584
1093335 1094458
1095064 1096670
1098494 1099530
1117114 1151934
1152702 1157240
1158419 1158507
1159178 1159502
1161162 1162802
1163953 1170575
Bacteroides_sp_D1_gi_345651580_ref_NZ_
1 12120
13742 14169
15194 15796
16286 18304
18923 19153
20043 20553
27979 28266
29106 29211
29714 46534
47323 50725
52578 109281
109853 111708
111937 112432
114282 118343
120213 152408
153850 154885
155345 155615
156278 157913
159746 164496
165970 172193
172723 172822
173402 173510
174256 174384
176539 181640
183076 183182
183843 184123
184193 190159
190417 198384
199073 203385
Bacteroides_sp_D1_gi_345651594_ref_NZ_
1 316
Bacteroides_sp_D1_gi_345651583_ref_NZ_
1 79596
83688 87162
87886 90560
91086 92450
93695 93900
99744 99895
101369 101693
105306 110058
111485 111739
112484 116167
117194 117384
118883 119298
119902 120084
123142 123359
124276 125405
Bacteroides_sp_D1_gi_345651579_ref_NZ_
1 22564
22971 35202
35498 37974
40165 43566
44165 44269
47649 47772
47988 51215
51958 56808
57465 61767
62338 63584
63802 63983
65667 72901
78616 95917
106635 107399
109592 121693
122357 124547
128699 155117
160141 164519
165654 165842
167473 167609
168716 171631
172176 172789
173655 173775
174403 183923
184620 190972
191364 191531
192041 195525
195933 196051
196372 196480
199964 201294
201933 202325
207284 207509
208749 211705
214472 218717
222868 228121
230803 231299
235652 235807
237274 237623
241178 275753
276066 288157
Bacteroides_sp_D1_gi_345651596_ref_NZ_
1 13287
16770 29739
31993 32080
33054 37711
37899 38025
38552 41384
41914 43531
44559 49741
53788 64851
65379 69965
70849 70966
Bacteroides_sp_D1_gi_345651590_ref_NZ_
1 12115
16594 19672
20699 22000
24133 24542
25941 27664
30041 31480
32179 37060
38298 48127
48634 71960
75940 82842
84090 85556
86881 88679
88910 97809
98327 108725
110249 114187
114715 131855
132029 132338
132628 135191
135794 136452
138158 138356
140219 141858
142590 143071
143968 148048
149028 149404
149923 150169
152732 153525
154392 172980
177769 181417
181996 182282
183328 190378
191706 197207
197995 203444
205141 205912
206588 216461
216926 230806
235002 235614
237030 238456
241162 285248
290782 292808
296981 299872
300128 300450
302673 305621
317373 323276
324558 324686
324978 325055
326966 328279
329317 339442
341745 342260
346375 351717
352771 355527
356134 357587
360262 365415
374144 381501
390669 390996
393373 397775
398455 401608
403254 414225
415686 423299
424350 426854
429823 472473
477126 486379
496295 497721
502186 507920
508568 514053
517350 556579
557332 570063
581026 582883
584049 614579
618420 627471
629241 631482
632600 637639
639776 643599
644239 646197
647263 649481
657936 667251
667952 683549
684723 688075
Bacteroides_sp_D1_gi_345651588_ref_NZ_
1 1090
1632 2824
Bacteroides_sp_D1_gi_345651595_ref_NZ_
1 17034
19623 21455
25037 26752
27931 28565
29506 54719
55381 73538
75509 76111
76301 78004
81980 86062
91650 93933
94550 94631
95681 97946
98201 98372
99217 100556
101586 103504
104443 105972
107461 132973
133216 133324
134618 136091
136366 137697
138631 139949
140918 141041
141616 143543
145992 147025
147643 147813
148402 148659
149258 149569
150681 151064
151771 157784
160162 161611
163087 173929
176655 176762
177310 177427
178906 179349
181625 181880
184345 196795
198153 198221
199552 202575
203306 204747
205904 207658
208704 208889
211268 218888
219415 219864
221444 225023
225571 226418
228954 229941
234423 235135
235795 236528
240696 242411
242931 243840
244550 244953
Bacteroides_sp_D1_gi_345651591_ref_NZ_
1 14052
15748 17866
18739 20117
21598 25502
27267 28238
28803 31982
32641 35174
35340 35471
36860 39613
40856 45593
48022 53056
58003 58163
60004 60160
61238 63421
65607 76395
76897 79617
83727 93022
94887 95352
97428 97687
99170 104074
105578 120559
122082 136130
139537 139850
140403 143685
147995 155340
157433 163003
163947 188244
189573 191546
203068 205027
206071 208668
210484 211567
212947 213069
216123 217540
219718 221538
222220 222843
224049 225190
231900 232492
241747 242383
242504 243376
244914 266535
268362 268582
268978 269300
269572 274491
275058 275678
277749 290933
291588 291682
292660 297869
298392 304478
305767 314497
315905 358324
359025 370912
371530 384995
386060 386602
387463 389144
390244 392453
393551 403822
404953 421051
421158 421261
422060 422184
424902 426882
428168 459108
Bacteroides_sp_D1_gi_345651584_ref_NZ_
1 1885
3600 3701
6374 10582
16708 17702
22758 26732
30217 32880
33723 42017
44009 45411
45626 45777
46364 49443
52332 56052
56577 60594
61251 63989
64589 65408
67147 69993
70957 80993
82271 86432
88126 91903
92415 95587
96720 97482
99583 101093
101925 102327
103132 105080
107257 114893
115547 115615
116659 117008
120288 121223
122959 125174
125259 127473
Bacteroides_sp_D1_gi_345651578_ref_NZ_
1 3229
8006 23846
24561 25498
25897 30965
32156 34156
34900 40572
42575 44085
44846 45150
46299 50842
51843 55738
57197 59281
64500 69189
72265 76628
81872 88278
88965 91366
92959 94357
96185 121991
122775 142540
145167 146593
147785 149101
149616 186362
190064 190223
194456 194895
196108 196195
197098 197511
201769 205404
205926 228679
231001 231784
234276 234780
237356 246897
248136 268854
269802 288470
289209 289337
290380 308786
309098 314224
317440 321336
321612 361656
363413 366600
371007 371312
375948 376540
377527 390315
391223 392100
393505 396335
397711 404736
406040 408161
408679 436641
447294 447399
448770 449291
449921 449995
451058 451626
454251 454896
455939 456363
458666 458781
458993 459347
462066 469336
470058 473167
474037 502149
503612 513666
514165 523036
525064 526236
529121 536033
539000 539304
540065 541216
543863 548173
549574 559394
562502 571090
581058 590936
593006 596366
598824 600035
600740 603190
603866 604282
605908 605999
606167 606458
607187 608371
609664 610470
611335 613317
615299 616348
617031 619018
619568 620924
622341 622822
623393 633685
634567 637625
637931 638107
638912 640498
641331 642055
642900 644105
645854 648708
649791 652549
653778 653873
654430 655092
655748 657203
657853 658771
660716 660806
662162 662704
663692 666179
666793 667400
670132 674283
675079 682072
685462 686721
688347 690097
691139 693592
694455 694626
695531 697959
698686 699253
700108 703727
704177 704326
704630 704908
706203 706467
708025 708466
709718 710571
711214 713680
714405 714666
715781 719572
721518 721668
722631 722719
724069 724439
725298 734384
734710 735199
740773 741092
744363 745234
746037 747390
749527 749783
750415 750526
751917 762321
762922 763076
765374 766329
767082 768426
769269 769416
769633 769759
772494 785117
786455 791543
792554 793357
794421 806781
Bacteroides_sp_D1_gi_345651586_ref_NZ_
1 4306
5981 8198
10733 10873
13847 26578
30641 35554
37317 38463
38733 46375
46935 62159
62796 66636
67718 68221
68936 69004
69621 69871
70130 70327
71723 71820
73117 91572
92137 94567
96727 96868
97705 100775
101840 102169
102711 106650
108858 108972
109463 118105
120438 121173
123752 126782
128238 135663
136420 137803
152477 160109
161205 161938
162480 163383
168052 180793
182285 183177
188386 197397
199500 200153
202444 205219
208682 214671
215737 216748
217352 220457
221717 221854
223093 223529
225317 225594
226283 226472
227008 235153
235487 238596
239086 241315
242881 246356
247415 248623
249739 251857
252637 262819
268147 374881
375628 389045
390266 393846
394417 394836
394931 395119
395874 396642
398147 400352
400572 400826
401411 401481
402439 405067
405931 406167
406687 407835
409210 430603
431523 432622
434564 445822
446343 450549
451835 453809
454701 455877
456691 471586
472018 472664
473953 474757
475469 482472
482673 494224
494773 494986
495726 500499
501112 502805
503026 506167
506792 509787
510334 523567
524294 526553
527974 528570
529770 547658
548203 548381
549711 554828
555225 555325
557761 558418
562867 564906
565022 577073
578517 591297
591960 596570
597775 597916
600898 611780
612703 613812
Bacteroides_sp_D1_gi_345651598_ref_NZ_
1 1015
4229 5201
6047 6481
7098 10755
11338 15527
16212 16452
17793 33517
34108 35830
36340 36889
37265 44648
45252 45975
46529 52110
52399 53467
55465 58264
58914 60028
61421 64915
76252 85879
86454 86529
87086 87203
87826 87911
89362 90341
91003 91521
Bacteroides_sp_D1_gi_345651592_ref_NZ_
1 4818
5487 10766
13284 16436
19644 20005
21794 22032
28054 45475
45730 45836
46046 49816
50555 74895
75278 87366
87875 95143
Bacteroides_sp_D1_gi_345651581_ref_NZ_
1 28392
29746 31887
32706 32879
34340 34535
36482 46579
47574 47930
51587 53105
53827 60399
60710 60828
60947 61776
62366 62465
64726 65814
65942 69022
69178 71524
72175 74031
74546 75009
76113 77221
77328 79143
79843 84643
97012 97134
102140 105369
107293 109184
110497 111311
112608 123233
Bacteroides_sp_D1_gi_345651589_ref_NZ_
1 7409
7967 10281
10663 20215
20931 26909
29372 34465
35552 72856
73613 73763
74466 76291
76918 81967
83091 85805
87382 87786
89634 96535
97068 101387
102573 119189
119959 129318
130686 131741
132271 136622
137439 143779
144469 154877
156269 160772
161412 167803
168702 171762
172208 174880
175967 177762
178078 179079
180007 191193
191916 192335
192920 193835
194359 216708
217573 217721
217982 226188
226501 227457
227974 230558
232039 236007
237437 238702
239459 244393
246014 248969
Bacteroides_sp_D1_gi_345651593_ref_NZ_
1 10186
11568 15536
16198 17435
17648 29871
30331 48183
48912 57171
59425 64221
65158 69659
70956 91815
93128 93418
94447 95320
96313 97479
99122 102706
103320 110001
110982 117098
118636 119803
120184 120303
120548 120869
121772 128798
131344 136145
139556 140283
141265 141423
142531 142973
145631 146311
147639 148476
150053 153174
153743 156975
Bacteroides_sp_D1_gi_345651582_ref_NZ_
1 10344
13034 14500
15188 26956
27584 28064
29876 32938
33676 33954
35154 36437
40014 41043
42407 46032
48515 50369
51737 52521
53989 57478
Bacteroides_sp_D1_gi_345651585_ref_NZ_
1 8716
9391 12491
14502 17762
18660 20536
21757 22132
22340 27823
28574 30509
31972 36630
39888 44040
44338 44440
45189 52405
52644 60137
60804 64903
65621 67730
68435 77090
77915 78537
79215 80316
83126 84558
85290 112694
112871 113588
113820 113925
114214 114358
114761 117076
Bacteroides_sp_D1_gi_345651577_ref_NZ_
1 11767
13282 22455
23052 33774
34345 34472
35387 35516
36287 37433
38408 38580
40333 40513
41784 42653
43109 46069
46882 48232
49196 49442
51862 52353
53139 54090
55063 64045
71383 71593
72372 73477
84581 141017
141865 147079
147847 148066
148740 148798
149784 152617
154986 161067
163069 177465
179342 181399
184618 192697
193238 194349
194939 195270
195908 196757
197732 200444
201069 201474
201585 206062
207512 220313
222273 222810
226691 229452
232491 241075
242176 242784
243366 247354
250433 250703
253081 253205
256299 257169
261043 261197
264949 267596
268292 275182
Bacteroides_sp_D1_gi_345651587_ref_NZ_
1 3004
