Clostridiales_bacterium_OBRC5-5_gi_405332842_ref_NZ_
1 3615
Clostridiales_bacterium_OBRC5-5_gi_405332359_ref_NZ_
1 2237
2750 17374
18382 20167
24745 25364
27064 32447
37628 46358
53473 54078
56939 57024
59473 59621
61876 62170
64597 79509
82348 82872
83840 83998
88516 88643
89867 90820
91322 91427
94479 121619
127773 128121
132285 148136
152889 153058
158751 158817
162480 164435
165275 165959
166040 166134
168867 170003
172209 172425
176363 178607
179806 184189
185105 185528
189546 189682
191212 193233
199712 199838
202295 202478
203180 203541
204205 204588
205274 205871
207341 207861
208864 209281
209872 211898
213474 214088
222068 222356
227393 227751
229827 233708
236923 241511
244593 249045
252537 252749
253250 253299
258068 258848
260121 260656
265561 265905
266824 267647
271701 273109
278902 279804
280525 280574
285582 285655
286399 286463
287141 287474
288228 294379
296802 296955
297564 298742
310616 310895
314951 315124
315665 316106
318175 318255
319469 319559
320573 320786
326171 326569
330706 330964
335260 335380
336496 340063
341858 343031
345321 345605
345755 345944
346802 346915
349910 350378
350860 351205
352001 356724
358304 362701
364918 368796
373460 373542
375059 375206
377219 377326
380085 382109
386006 386733
387760 388141
388251 393212
401281 401346
404957 405445
406356 408424
418028 422872
424610 426068
427224 431237
433398 433808
437670 440354
442886 443101
443842 444805
445297 445426
446703 446898
450842 451163
454558 454839
457112 457497
458407 458978
460374 460438
461079 472198
474406 474670
478000 479069
479688 488692
489753 498374
499007 502938
504014 511308
514296 514390
522449 522949
533943 534059
538426 538484
540279 540359
541140 541591
543044 543284
547310 548055
552340 552637
555760 556786
557524 559926
561780 561951
562744 563394
570667 570922
577947 578363
578912 579426
580174 580272
582261 582589
583253 587810
590015 590272
591077 591371
591909 592506
595033 595121
598530 598825
607387 607688
610207 611932
614797 615038
616708 616975
622914 623736
626049 627130
627797 628004
630350 630475
632516 633057
633647 639460
641146 641850
642755 643119
644361 647625
649597 651013
651577 651629
655208 655778
661015 672797
674174 674689
675528 675579
682408 683129
684487 685351
687058 687619
688619 688679
692626 692686
694473 694828
695338 697966
698585 701603
705505 705981
707412 707732
708667 709007
712444 713123
714239 714662
716037 716199
717348 717691
718831 718883
719524 719698
720327 720600
723968 724630
725410 728752
730916 740162
742210 742789
743964 744473
749451 751018
754509 759044
760432 769490
770051 770247
770837 771325
772091 775128
776781 781425
783784 786387
787403 789389
789899 797057
799830 800754
800952 813858
815416 815887
819083 819437
820726 840441
843557 843625
848398 849423
850320 850630
854656 857248
858701 858825
860960 862597
863596 863716
867549 868850
869614 872295
874380 874551
875507 875611
875828 896963
899728 904207
912434 912489
913057 913246
916315 917961
918568 918680
920169 921233
921780 921981
926059 927213
928509 928638
929182 930453
930643 936538
937338 941745
945841 947237
947589 955522
959108 962606
963380 964206
964770 964886
969863 978822
981428 982102
984753 987523
987752 987821
988654 990268
993012 996347
1003562 1004256
1004886 1004946
1006435 1013026
1013833 1026841
1029208 1030327
1031237 1034638
1037002 1039730
1041194 1041320
1042509 1043262
1046193 1046466
1048433 1048556
1049424 1049566
1050438 1050602
1057889 1058992
1062793 1063162
1064614 1064920
1073101 1074131
1077048 1077492
1085797 1086630
1096459 1096918
1097637 1097742
1099893 1100351
1104482 1104631
1105241 1105333
1107163 1107304
1110588 1111893
1119962 1160402
1171711 1172110
1177805 1177918
1179045 1179701
1180320 1180505
1187027 1195588
1195983 1196567
1197269 1205667
1210828 1261674
1263771 1263829
1277934 1278118
1279530 1279799
1292484 1292594
1293230 1293456
1294322 1294513
1309247 1309373
1311525 1312057
1315071 1315127
1318966 1324199
1332269 1337073
1337638 1338351
1342544 1345442
1349480 1350203
1353979 1354053
1355788 1356104
1356339 1356585
1357181 1360194
1363868 1364826
1366896 1367252
1369914 1370254
1380272 1380485
1386321 1386415
1387278 1400983
1407326 1408620
1412892 1417301
1422718 1426213
1428677 1428919
1430369 1433821
1434942 1435054
1437347 1437533
1450876 1450932
1453254 1453355
1456980 1458126
1461122 1461416
1468340 1468393
1468970 1474534
1476616 1477011
1482498 1483870
1484345 1484536
1488458 1504474
1509842 1510151
1514101 1514413
1520661 1523026
1529591 1530902
1537386 1537499
1541476 1543044
1548296 1550390
1551919 1559920
1564943 1565333
1574314 1574488
1575255 1575589
1580386 1603014
1605304 1606369
1609262 1609360
1614939 1615378
1616213 1623874
1631008 1652438
1659695 1659771
1665141 1670125
1674494 1674580
1675961 1677000
1678994 1679389
1685676 1686240
1694761 1695883
1696025 1696643
1697977 1700454
1702160 1706467
1707073 1707230
1708041 1708435
1709032 1711530
1713073 1713473
1714051 1715896
1716638 1717562
1718497 1720154
1720962 1721181
1732234 1738278
1745426 1745731
1753373 1753533
1754523 1757526
1758046 1762020
1763590 1764521
1765002 1770970
1771557 1781063
1788898 1793366
1793964 1804227
1809482 1809978
1813144 1821194
1822821 1822990
1824072 1824784
1828798 1828857
1830298 1830378
1832681 1832972
1834968 1839984
1854485 1854621
1857574 1857799
1867066 1867368
1873986 1875346
1876571 1877178
1881311 1881991
1882217 1883253
1883923 1885467
1886112 1889181
1891315 1894024
1906558 1906653
1911844 1912056
1913094 1913416
1915434 1915488
1921481 1921636
1927431 1927991
1929449 1929760
1930242 1931373
1946072 1946182
1950052 1950326
1951675 1952023
1961674 1971983
1972542 1972646
1973099 1993224
1999567 1999647
2001874 2014707
2015205 2016253
2019459 2019744
2021380 2021461
2023262 2025193
2033570 2033699
2034546 2035869
2036383 2042688
2043417 2045871
2049552 2049986
2055310 2055415
2060408 2060463
2061716 2067093
2093240 2093373
2094538 2106781
2113403 2113695
2120419 2133553
2134821 2134871
2138616 2140470
2142992 2146417
2149563 2151128
2151335 2158418
2165455 2166204
2169262 2175111
2176622 2183120
2183725 2187321
2192999 2193431
2197446 2207081
2226103 2228772
2228910 2230970
2245149 2246192
2250640 2256588
2265735 2268127
2271480 2285980
2300994 2301164
2302427 2307591
2308392 2308558
2308891 2310337
2311758 2311915
2323557 2327488
2329213 2329302
2334095 2334227
2338072 2338409
2344069 2349785
2349878 2361856
2362419 2362632
2381947 2382525
2389844 2389961
2396130 2396599
2401841 2401915
2403983 2404106
2408876 2409108
2412425 2412569
2414683 2417035
2418621 2421475
2437622 2437716
2439520 2439666
2444518 2444660
2461547 2461638
2465025 2465482
2467281 2467545
2471288 2473649
2477908 2479366
2479878 2480068
2482012 2482061
2489699 2489867
2490921 2499291
2499395 2499689
2499955 2500227
2500916 2500997
2509973 2510022
2511512 2511566
2512282 2513413
2531301 2531546
2536619 2537218
2537379 2541128
2547775 2547868
2563900 2568449
2569059 2569413
2569954 2579366
2582611 2583005
2600570 2600970
2609667 2611341
2611734 2619585
2626549 2642238
2643164 2643521
2646520 2649491
2651541 2652793
2653369 2656460
2663939 2669386
2670310 2677919
2681177 2681681
2682814 2688443
2696749 2697008
2700227 2710282
2710422 2728028
2730603 2740006
2740662 2745378
2746575 2751026
2752188 2752573
2753827 2756749
2765161 2767173
2773080 2776312
2776876 2777377
2779101 2779388
2779894 2780221
2785876 2790791
2792329 2792443
2793268 2793698
2796255 2796812
2802302 2819259
2825891 2825972
2829091 2829181
2838847 2838918
2839642 2847477
2849573 2849671
2851662 2860860
2861373 2867210
2867901 2868409
2873189 2873526
2901296 2907211
2912569 2912899
2913839 2914248
Clostridiales_bacterium_OBRC5-5_gi_405333821_ref_NZ_
1 1450
Clostridiales_bacterium_OBRC5-5_gi_405333076_ref_NZ_
1 2436
Clostridiales_bacterium_OBRC5-5_gi_405333545_ref_NZ_
1 2199
Clostridiales_bacterium_OBRC5-5_gi_405333334_ref_NZ_
1 2198
Clostridiales_bacterium_OBRC5-5_gi_405332591_ref_NZ_
1 3935
5166 5487
