Clostridiales_bacterium_OBRC5-5_gi_405332842_ref_NZ_
1 3615
Clostridiales_bacterium_OBRC5-5_gi_405332359_ref_NZ_
1 11600
12189 25685
26186 53463
53972 84957
85624 91044
91322 91427
91905 94847
95490 122445
122948 129449
130029 148150
149451 151905
152548 156784
157649 166134
167222 175194
175860 222546
223083 224411
225013 232136
232605 233959
234665 242767
243865 249959
250634 262605
263240 264131
264632 275052
275662 281531
282239 286207
286621 305209
305882 307698
308114 324172
325058 332039
332604 334101
334629 341553
341885 343057
343298 357485
358040 379514
380030 386991
387760 395371
396679 399249
400151 401960
403266 410561
411252 419493
420081 426655
427224 448784
449349 451870
452520 454847
455634 455753
456363 477257
477786 507522
508113 513584
514076 518157
519159 520712
521218 543287
544340 545011
545622 549529
550171 551112
551735 568177
568728 569003
569521 581544
582142 588395
588943 603688
604206 621111
621628 623944
624488 630831
631487 631858
632560 637798
638449 648335
648915 656548
657109 659458
659973 690046
690738 692694
693365 707907
708418 710034
710614 711776
712429 722960
723517 729120
730245 764159
764664 765795
766468 766631
767763 797061
799050 804829
805364 809869
810508 840603
841242 846652
847201 852803
853319 863716
864357 872582
873240 873610
874208 877964
878566 897392
897931 909700
910289 911640
912188 912440
912956 913464
913982 915255
915679 919476
920153 922399
922929 936564
937279 957728
958298 965856
966377 967245
967747 969051
969566 980011
980783 988064
988654 1001050
1001646 1024667
1025177 1035407
1036206 1037918
1038472 1039972
1040982 1043280
1043851 1061032
1061566 1071635
1072240 1078129
1078963 1084229
1084730 1106314
1106872 1108565
1109338 1111908
1112744 1116176
1116765 1164572
1165974 1166044
1166180 1172845
1173391 1181046
1181838 1187171
1187675 1193055
1193650 1206499
1207082 1207246
1207854 1210590
1210828 1261979
1262514 1266175
1266876 1278956
1279528 1280410
1281236 1281415
1282126 1282986
1283536 1288811
1289345 1291267
1291966 1293478
1294070 1299192
1299695 1302022
1302581 1311818
1312496 1319300
1320094 1326010
1326754 1359460
1360124 1365730
1366477 1372285
1373618 1376024
1376607 1378043
1378618 1380498
1381104 1382247
1383242 1406034
1407324 1409550
1410097 1411385
1411979 1412033
1412591 1425069
1425737 1426432
1426975 1427796
1428405 1429279
1429998 1434181
1434840 1439595
1440682 1441900
1442582 1444027
1444603 1445778
1446288 1447773
1448312 1459908
1460591 1463591
1464105 1465695
1466325 1479098
1479974 1480371
1480874 1482179
1482498 1482671
1483342 1487273
1487849 1504474
1509441 1510218
1510421 1514711
1515462 1516018
1516604 1517401
1518660 1519430
1520043 1526764
1527779 1528415
1529541 1535503
1536061 1536558
1537258 1537745
1539134 1551080
1551646 1576431
1576982 1578868
1579949 1596348
1597035 1603479
1604116 1613252
1613805 1623874
1624579 1625656
1626330 1629551
1630098 1655048
1655677 1658699
1659533 1660966
1661554 1664406
1664958 1670854
1671395 1673484
1674065 1674759
1675559 1678393
1678903 1683563
1684150 1684596
1685408 1685500
1686085 1687360
1693285 1721159
1721855 1725469
1725996 1743454
1744423 1746161
1746717 1751086
1751762 1752178
1752984 1764587
1765002 1776568
1777100 1781314
1781869 1783431
1784129 1784746
1785284 1826847
1827629 1830699
1831412 1854953
1856089 1858264
1858394 1859260
1859764 1860834
1861423 1863607
1864171 1867379
1867900 1868068
1868614 1871326
1872016 1872126
1872844 1879025
1879611 1891986
1892698 1894852
1895474 1897896
1898721 1900223
1900993 1902897
1903438 1903493
1904227 1904804
1905887 1909774
1910910 1912056
1912239 1914624
1915145 1915964
1916484 1934328
1935006 1950578
1951133 1952545
1953057 1954499
1955178 1957185
1958224 1959046
1959747 1965496
1966319 1990718
1991450 1997421
1997958 2000602
2001122 2018765
2019312 2019936
2021032 2029976
2030511 2054506
2055017 2058767
2059297 2060677
2061307 2061956
2062581 2070463
2071224 2074952
2075605 2085191
2087202 2089629
2090268 2110938
2111868 2112120
2112678 2120409
2121194 2130360
2131029 2134024
2134814 2136019
2136716 2141717
2142333 2142580
2142992 2146417
2146571 2164396
2165328 2167085
2167763 2173402
2174114 2176140
2176622 2183120
2183533 2190517
2191518 2191693
2192225 2192448
2193050 2193479
2195014 2195067
2196270 2203823
2204470 2204882
2205501 2211952
2212566 2215465
2216913 2218485
2219519 2219704
2220242 2221798
2222398 2223010
2223669 2225021
2225799 2228772
2228910 2230970
2231709 2232321
2233390 2234815
2235416 2239551
2241465 2241971
2242536 2243140
2243645 2248197
2248930 2251437
2252114 2263419
2264710 2266886
2267390 2268265
2268819 2269973
2270874 2271484
2272056 2291935
2292484 2296757
2297363 2297477
2298169 2298649
2299532 2301524
2302073 2303127
2303710 2305437
2306553 2312596
2313129 2314571
2315268 2321005
2321561 2322264
2322810 2328453
2329079 2331202
2331836 2332682
2333214 2335945
2336662 2336795
2338593 2340938
2341524 2363521
2364508 2367404
2368692 2369238
2369793 2374313
2375443 2377453
2378105 2378722
2379368 2387347
2387871 2388966
2389475 2391250
2391781 2393619
2394121 2395370
2395983 2403512
2404076 2405893
2407063 2407312
2408255 2410519
2411376 2422446
2423024 2427674
2428391 2430832
2431421 2437169
2437616 2440709
2441228 2443678
2444182 2475070
2475945 2476057
2476574 2482583
2483170 2483797
2484004 2485611
2486253 2487750
2488317 2500794
2500916 2507244
2507889 2508889
2509431 2515596
2516426 2516662
2517321 2518072
2518722 2525160
2525828 2545833
2546384 2552898
2553949 2555172
2556301 2557166
2557720 2583628
2584143 2588939
2589633 2591868
2592484 2593163
2593695 2596181
2596759 2598697
2599214 2601451
2602007 2609132
2609658 2619585
2620234 2620847
2621380 2624508
2625197 2634299
2635377 2649710
2650223 2650413
2650982 2681823
2682476 2683293
2683922 2689071
2689685 2690206
2690834 2710282
2710422 2730164
2730603 2733473
2734312 2751162
2751807 2770478
2771001 2781025
2781605 2786594
2787352 2791614
2792184 2799676
2800292 2815088
2815958 2820303
2820860 2824529
2825183 2830859
2832057 2833938
2834740 2835940
2836554 2837029
2837586 2848899
2849539 2869371
2869948 2874364
2875217 2884221
2884930 2909933
2910608 2914736
Clostridiales_bacterium_OBRC5-5_gi_405333821_ref_NZ_
1 1450
Clostridiales_bacterium_OBRC5-5_gi_405333076_ref_NZ_
1 2436
Clostridiales_bacterium_OBRC5-5_gi_405333545_ref_NZ_
1 2199
Clostridiales_bacterium_OBRC5-5_gi_405333334_ref_NZ_
1 2198
Clostridiales_bacterium_OBRC5-5_gi_405332591_ref_NZ_
1 3935
5098 5487
