Clostridiales_bacterium_OBRC5-5_gi_405332842_ref_NZ_
1 3615
Clostridiales_bacterium_OBRC5-5_gi_405332359_ref_NZ_
1 251
318 16115
16688 21773
22530 23347
23934 26743
27058 29822
30476 31763
32464 34301
34890 38150
38668 50257
50999 55441
56015 61181
61341 74797
75358 81548
81977 83053
83774 85302
85628 90978
91322 91427
91900 92010
92551 93464
94400 95870
96405 120195
120473 123492
123736 123831
124148 129448
130018 131869
132285 141536
141816 150195
150989 151482
152889 153871
154422 155200
155777 158187
158742 164918
165078 170596
171297 171408
171955 175829
176421 179049
179308 180126
180649 183545
183865 184189
184320 185616
186261 197310
198037 200716
201268 217452
218231 221188
221778 222545
223703 224410
225014 226918
227386 227763
228082 229024
229308 232136
232301 235747
235933 243854
244593 249096
249989 250126
251065 264130
264915 267960
268200 270791
271048 275052
275565 275666
276284 281505
282341 285393
285552 296106
296784 297168
297415 303820
304516 305218
305946 308515
309019 309888
310173 313054
313412 317418
318035 322814
323335 324245
325080 325407
326067 326239
326477 326620
327100 333126
333682 334096
334637 343984
344543 344949
345321 345604
345755 356724
357153 357487
358041 369113
369344 371977
372682 374054
374571 378023
378612 379521
380055 384933
385726 386959
387760 395906
397068 400201
400639 401359
401572 401929
402518 402628
403180 410900
411411 419790
420032 422752
422861 423834
424318 425605
425693 426066
426213 426654
426832 432688
433269 441816
442057 454846
455521 472392
473145 479069
479369 480473
480897 480989
481447 485906
486625 503243
503887 504416
504673 512525
513045 513531
514086 515612
515952 517237
517860 517995
519159 520018
520575 528355
528719 543286
544340 549044
550915 563592
564919 568326
569003 577021
577539 583877
584459 585858
586553 587386
587791 588007
588943 597157
597892 601568
602264 603684
604214 617395
618233 619256
620012 620369
620938 621045
621629 623950
624489 631787
632561 637797
638449 639649
640146 648219
648915 651648
652310 653472
653847 656504
657110 660531
661015 674707
675527 680793
681425 683560
684100 690045
690795 692691
693366 700879
701374 711911
712430 721586
722052 722960
724046 724788
725410 728752
728881 729127
729637 729690
730458 745609
746370 748051
748613 753231
753733 765794
766469 769665
770245 770657
770837 771325
771764 777711
778057 778428
778682 797061
799049 806237
807010 809103
810196 816194
816708 846656
847200 851038
851726 852808
853394 853474
853916 855554
856214 863716
864358 864738
865384 873621
874205 875624
875827 877423
878707 897392
897988 909540
910290 912439
912957 918956
919474 919649
920154 928638
929190 936563
937093 938504
938972 961286
961509 967246
967824 977310
977444 980011
980781 980882
981417 988162
988654 991784
992320 996347
997041 997136
998334 998785
999374 1001183
1001858 1024666
1025178 1030327
1030535 1035406
1036197 1037917
1038473 1039971
1040983 1043279
1043786 1049241
1049421 1049570
1049998 1052533
1053196 1055561
1056203 1057358
1057889 1059555
1059832 1059927
1060119 1061031
1061835 1074360
1074915 1078126
1078961 1080800
1081668 1083632
1084146 1088250
1088504 1090678
1091329 1094335
1095216 1095375
1095609 1103162
1103743 1111908
1113447 1114770
1115295 1116181
1116688 1119200
1119962 1163810
1164077 1164578
1165695 1181723
1182099 1182448
1182659 1186073
1186322 1186458
1186876 1190608
1190902 1194845
1195144 1196357
1197007 1202290
1202949 1206491
1207161 1207242
1207804 1210367
1210597 1255537
1255824 1260411
1261006 1263287
1263771 1263923
1264506 1264930
1265565 1266014
1266784 1273768
1274375 1275861
1276591 1279006
1279400 1280409
1281728 1281950
1282505 1282846
1283536 1288810
1289346 1293477
1294163 1298655
1299568 1301923
1302632 1303948
1304760 1311884
1312497 1317502
1318441 1326442
1326974 1327400
1327670 1339343
1339853 1342135
1342544 1347435
1348417 1352607
1352822 1369147
1369747 1372039
1372721 1375316
1376696 1377536
1377955 1381300
1381879 1382260
1383227 1403708
1404313 1406068
1406837 1412033
1412834 1416670
1417344 1417407
1418210 1426355
1426973 1429118
1429999 1430087
1430369 1433854
1434183 1434284
1434836 1436589
1437192 1437533
1437755 1440130
1440668 1442364
1442583 1443213
1443556 1446005
1446350 1446893
1447128 1447365
1447681 1448054
1448312 1449766
1450057 1452470
1453213 1458483
1459234 1459977
1460803 1462597
1463928 1468098
1468316 1468477
1468843 1469289
1469591 1474364
1474961 1477405
1477526 1478044
1478372 1479196
1479995 1480371
1480875 1481251
1481761 1482670
1483466 1491196
1491632 1504474
1509387 1509486
1509842 1510151
1510339 1513313
1513692 1514757
1515463 1516143
1516575 1517897
1518807 1519429
1520320 1524208
1524916 1527158
1527882 1528203
1529591 1531805
1532015 1536492
1537259 1537797
1538790 1539711
1540035 1541693
1541933 1543280
1543604 1561780
1562027 1562115
1562244 1564295
1564943 1569003
1569723 1573697
1574043 1576068
1576983 1596348
1597173 1607611
1608261 1608492
1609105 1612136
1612906 1615679
1615927 1616053
1616237 1616607
1616989 1623874
1624916 1625655
1626886 1629457
1630169 1630288
1630902 1654990
1656822 1658394
1659642 1659747
1660087 1660814
1661394 1663749
1664975 1670785
1671396 1671913
1672467 1673488
1674315 1674912
1675560 1677145
1677801 1678397
1678919 1680226
1681926 1687360
1693069 1693141
1693285 1715468
1715841 1720452
1720966 1721158
1721678 1722017
1722561 1739727
1740500 1740602
1740809 1743453
1744616 1744784
1745299 1747471
1748480 1751238
1751763 1753533
1753624 1764587
1765002 1776143
1776250 1777731
1778254 1782246
1782852 1784599
1785216 1785416
1786396 1787768
1788202 1788476
1788898 1804766
1805411 1808456
1809221 1826851
1827387 1827784
1828639 1829202
1829857 1839559
1839854 1839985
1840265 1845885
1846263 1850960
1851627 1852487
1853670 1854952
1855812 1856057
1856636 1858899
1859765 1860367
1861269 1864168
1864799 1867059
1867341 1867429
1867901 1871325
1871849 1872192
1872995 1875817
1876184 1886557
1887069 1894315
1894688 1895835
1896591 1900222
1901058 1902964
1903516 1903663
1904293 1906963
1908104 1909774
1910835 1911877
1911991 1912056
1912240 1914623
1915146 1918886
1919500 1920257
1921481 1922181
1924565 1927997
1928621 1930365
1930452 1931373
1931811 1932040
1932680 1933561
1934133 1946260
1947127 1949458
1949995 1950480
1951133 1952023
1952550 1958982
1959863 1972196
1972542 1990629
1991675 1992232
1992826 1994468
1995153 1998957
1999432 1999647
2000081 2000598
2001274 2008781
2009414 2009494
2009913 2014707
2015186 2018764
2019337 2019939
2021010 2023560
2023764 2029975
2030890 2031453
2032059 2032573
2033213 2046296
2046867 2049041
2049552 2050481
2051269 2051610
2052325 2053972
2055018 2056648
2057154 2058775
2059297 2060685
2061220 2062476
2063067 2074832
2075752 2076344
2077404 2081975
2082493 2082690
2083310 2085195
2086535 2087641
2087776 2087915
2088547 2089688
2090267 2091451
2091959 2093675
2094505 2109372
2110038 2114982
2115878 2116067
2116320 2116655
2116959 2117887
2118538 2119533
2120720 2134092
2134815 2136019
2137040 2147773
2148852 2158977
2159595 2159791
2161128 2161399
2161914 2162455
2165442 2172174
2173074 2174243
2174731 2175170
2175831 2176143
2176622 2183120
2183725 2189830
2191498 2193478
2196205 2208588
2209134 2209901
2210098 2213264
2213816 2214131
2214671 2214865
2216859 2219557
2220153 2220515
2221154 2228772
2228910 2230970
2231710 2232439
2232695 2232885
2233196 2234969
2235471 2236018
2236801 2236905
2237382 2238317
2239159 2239550
2241466 2241826
2243646 2246710
2247405 2256745
2257449 2258087
2259996 2260084
2260701 2262081
2262631 2263017
2263851 2269972
2271124 2271214
2272057 2283928
2284248 2284909
2285687 2289668
2289953 2293341
2293916 2294161
2295007 2296337
2298170 2299303
2299533 2301365
2302073 2312595
2313217 2314868
2315695 2321016
2321562 2322263
2322817 2328409
2329213 2329758
2330534 2330612
2331227 2335925
2337427 2339964
2340816 2342517
2343028 2343285
2343847 2350175
2350286 2360024
2360170 2364870
2365277 2372428
2373150 2373889
2374543 2375826
2376476 2377630
2378159 2379765
2380504 2382817
2383650 2383952
2384610 2388780
2389838 2391345
2392310 2394209
2394930 2395050
2395318 2395370
2396130 2397941
2398553 2400794
2401313 2402363
2403411 2403511
2404068 2404333
2404872 2405183
2405523 2405644
2406407 2407185
2407923 2410519
2411325 2411444
2411886 2412449
2413322 2420962
2421464 2422657
2423633 2425025
2425638 2427674
2428564 2430273
2431408 2435449
2436013 2436397
2436901 2437169
2437617 2440437
2441229 2448160
2448435 2452073
2452337 2452427
2453051 2453861
2454373 2455615
2456125 2456204
2456848 2463316
2463929 2475055
2475929 2477689
2477908 2479366
2479872 2485610
2486754 2508897
2509613 2513784
2514992 2515443
2517628 2520707
2521462 2526750
2528081 2530385
2531267 2532455
2533002 2533858
2534554 2534729
2535424 2536399
2536606 2541131
2541454 2548365
2548894 2549444
2550421 2552134
2553991 2555775
2556251 2558992
2559393 2583736
2584494 2587400
2588010 2591869
2592540 2595963
2596130 2596231
2596656 2598365
2599213 2599797
2600299 2620369
2622279 2624507
2625750 2634341
2635849 2638815
2639093 2643521
2643813 2644100
2644422 2644544
2644703 2645317
2646275 2657059
2658050 2660082
2660596 2661393
2662042 2669386
2669979 2678544
2679137 2681739
2682283 2683293
2683948 2688949
2689515 2692647
2693258 2695795
2696319 2699576
2700127 2707334
2707441 2710282
2710422 2728226
2728641 2728992
2729546 2729926
2730603 2733639
2734635 2740012
2740519 2745445
2745995 2751278
2752100 2762429
2763001 2768238
2768606 2771121
2773080 2781024
2781631 2788315
2788759 2791428
2792262 2792799
2793329 2793911
2794519 2795239
2795921 2799598
2800178 2815138
2815783 2824291
2825183 2827160
2827405 2827885
2828061 2830838
2831354 2833937
2835254 2835939
2836550 2837028
2837587 2848904
2849559 2849754
2850802 2850932
2851574 2861443
2862054 2870280
2870830 2873270
2874128 2876623
2877230 2879099
2879862 2879971
2880481 2882343
2883946 2884909
2885552 2885835
2886372 2886439
2887446 2892146
2892661 2895736
2896246 2897447
2898503 2900318
2900832 2909243
2909882 2909932
2910795 2911551
2912133 2914736
Clostridiales_bacterium_OBRC5-5_gi_405333821_ref_NZ_
1 1450
Clostridiales_bacterium_OBRC5-5_gi_405333076_ref_NZ_
1 2436
Clostridiales_bacterium_OBRC5-5_gi_405333545_ref_NZ_
1 2199
Clostridiales_bacterium_OBRC5-5_gi_405333334_ref_NZ_
1 2198
Clostridiales_bacterium_OBRC5-5_gi_405332591_ref_NZ_
1 3935
4977 5487
