Clostridiales_bacterium_OBRC5-5_gi_405332842_ref_NZ_
1 3615
Clostridiales_bacterium_OBRC5-5_gi_405332359_ref_NZ_
515 2442
3081 17374
18382 19586
24783 25364
27810 46358
46876 48041
59542 59621
61616 61861
64597 79509
82380 82872
83852 83998
88542 88643
89875 90820
91322 91427
94402 120958
127418 128283
131877 148074
152889 153019
159382 159439
162748 164479
165087 165964
166040 166134
168903 170003
176500 176729
177259 184189
185105 187971
193053 193233
204157 204519
208868 209276
209872 211898
213056 213454
214070 214271
217362 220397
222069 222510
227393 227751
229685 241511
244593 251520
252532 252738
258105 258832
260038 260656
261527 261596
265488 267647
272529 272722
278765 279804
280436 280634
286605 294336
295042 296032
296802 296955
297564 298742
303016 303318
306482 308501
311916 312222
314884 315124
315768 316105
317922 318244
320615 320786
323432 323788
326171 326566
330274 330374
330752 330861
337452 341069
341853 343025
345321 345605
345755 348316
350033 350198
350892 356724
358304 362701
364918 369405
374712 375064
378662 378766
380470 382268
384210 384747
386006 386324
387760 392843
404966 405445
406356 408424
411423 411528
413168 416398
418034 419601
420340 426609
427224 430487
433397 433808
438506 441816
443791 444737
445372 445426
454327 454839
457112 458978
461303 472198
474515 479069
479697 488023
489846 498370
498923 502938
508217 511116
514327 514824
522475 522884
527078 527852
533978 534059
541140 541556
542710 543284
547333 547501
551929 552637
555712 556768
557349 561954
563115 563383
574522 574589
578125 579192
580187 580239
582261 582589
583234 585567
587055 587810
590221 590271
592078 592491
593830 593984
595033 595364
598594 598931
607387 607666
608624 611932
612539 612606
614814 615038
616161 616316
622630 622935
623587 623719
626105 627788
629814 629903
633647 641469
644347 647625
649597 650979
655205 655778
661015 671626
672079 672783
674199 674689
675528 675579
676602 680793
681976 682673
684487 685351
688200 688679
692628 692686
694484 694819
695484 697966
699041 699531
700212 701603
704795 705950
707412 707732
712444 713106
716131 716199
718831 718924
719524 720304
724053 724630
725410 728752
730918 742789
744109 744358
749451 751018
751372 751471
754461 755512
756090 759044
760699 770247
770837 771325
772091 775128
776834 781425
783380 793764
794533 797048
799049 799227
799852 800754
800952 804276
805368 808730
810703 813951
815416 815887
819083 819437
820726 840441
843557 843625
848415 849099
850044 850630
853465 857248
858740 858815
859989 860102
860977 862597
867557 868825
869754 872173
874465 874549
875828 893999
895202 896964
899728 904187
913057 913246
916313 917939
918568 918680
920169 920597
926574 927648
928345 928607
930251 935697
936365 941745
945852 947237
947589 955509
959108 962606
963380 964197
964770 964878
969961 978559
981676 981987
984473 988275
988654 990329
992361 996608
1003566 1004645
1006351 1012583
1013833 1016076
1016853 1027196
1028831 1028889
1029208 1030327
1031744 1034638
1037002 1039730
1040993 1041219
1042509 1043262
1046193 1046319
1050007 1050602
1057889 1058992
1064614 1064894
1070828 1071223
1073641 1074090
1086204 1086611
1096459 1097010
1097634 1098498
1104482 1104534
1107163 1107380
1109361 1111893
1119962 1160400
1161557 1165081
1179045 1179681
1187031 1195588
1196364 1205727
1208945 1208995
1210828 1254338
1255824 1257910
1261612 1261673
1262918 1263287
1263771 1263829
1268605 1269134
1270215 1270298
1277935 1278077
1279538 1279795
1287293 1287545
1307413 1307651
1309247 1309366
1311527 1311802
1315105 1315280
1318966 1319086
1320945 1324390
1327001 1337073
1342544 1345440
1349522 1349978
1358366 1360194
1364693 1364861
1366907 1367249
1369922 1370241
1373679 1373792
1376696 1377389
1386341 1386415
1387228 1391184
1391754 1400942
1408404 1408620
1412892 1413032
1413743 1417338
1422778 1426198
1428500 1429041
1430369 1433821
1434942 1435054
1438262 1438313
1456267 1458126
1461040 1461403
1468970 1469245
1470171 1473919
1476752 1478037
1478832 1478893
1482498 1483870
1484345 1484536
1488458 1497721
1498329 1504474
1509842 1510151
1510421 1511072
1513047 1516942
1520661 1523570
1529591 1530902
1537447 1537497
1541476 1543266
1548296 1550390
1551898 1559093
1559853 1559926
1560443 1560522
1564969 1565333
1580386 1603014
1604153 1606367
1614855 1623874
1628236 1628300
1632563 1655669
1665015 1670125
1678997 1679329
1686381 1686480
1687097 1687360
1692904 1693017
1693285 1693406
1694965 1696236
1697977 1699068
1699647 1701039
1702160 1708036
1709032 1711498
1713315 1715266
1716743 1717320
1718244 1719344
1719611 1720154
1731138 1735684
1736705 1737249
1753373 1753533
1754612 1757432
1758046 1762020
1763576 1764521
1765002 1781063
1788898 1793366
1793964 1804227
1813144 1821194
1828774 1828839
1832681 1832972
1834104 1834213
1834968 1839984
1844598 1849886
1854485 1854552
1867066 1867356
1876571 1879011
1881365 1881422
1882217 1883777
1883923 1887646
1891330 1894136
1909480 1909594
1911844 1912056
1913094 1915488
1921483 1921603
1927725 1927981
1929449 1929598
1930242 1931373
1939684 1940897
1947880 1947938
1950002 1950315
1951675 1952008
1958607 1971953
1973099 1990493
1991713 1991776
1999560 1999629
2001896 2014707
2021380 2021448
2023333 2027212
2029038 2029097
2034309 2035860
2036383 2042628
2043422 2045871
2046248 2046342
2049552 2049986
2061964 2063881
2064441 2067093
2071634 2071832
2074044 2074771
2093266 2093365
2094538 2106770
2121799 2133553
2134821 2138811
2142992 2146417
2146753 2147290
2149611 2158054
2158580 2158957
2165472 2166324
2168576 2172024
2176622 2183120
2183725 2187708
2196074 2202943
2207069 2210068
2222657 2222775
2226103 2228772
2228910 2230970
2235828 2236002
2245149 2246192
2252007 2256588
2266242 2268127
2271480 2285267
2302293 2307587
2307691 2308558
2308882 2310337
2316375 2316736
2323557 2327488
2334095 2334153
2344729 2349810
2349878 2362632
2380553 2381067
2381611 2382378
2396130 2396599
2401894 2402305
2408887 2409104
2413574 2417035
2417648 2421475
2422023 2422072
2426170 2426359
2444606 2444660
2446006 2446799
2461547 2461638
2464025 2464092
2464907 2465482
2467257 2467545
2471351 2473605
2477687 2479366
2479872 2480068
2484014 2485586
2491492 2499291
2499395 2499689
2499955 2500227
2500916 2506105
2511066 2511547
2512186 2513648
2531301 2531546
2536621 2543853
2563900 2568443
2569954 2579013
2582438 2583338
2597496 2597901
2600727 2600970
2607064 2608340
2609667 2611321
2611734 2619585
2626963 2632908
2634391 2638604
2640109 2642100
2642657 2643521
2646520 2649662
2651541 2652793
2658632 2659077
2663939 2678325
2681225 2681621
2682814 2688443
2700144 2700232
2701091 2704059
2704724 2707334
2707441 2710282
2710422 2728028
2729625 2729745
2730603 2733639
2734373 2745378
2746575 2751158
2752188 2752571
2753893 2756718
2763607 2767158
2773080 2774933
2775278 2775902
2776876 2777377
2779894 2780221
2784235 2790791
2793582 2793889
2796405 2796501
2797361 2797762
2798360 2799512
2802175 2819262
2825891 2825961
2829098 2829237
2839966 2847477
2851662 2859185
2860424 2860532
2862422 2868409
2901296 2907890
2913863 2914610
Clostridiales_bacterium_OBRC5-5_gi_405333821_ref_NZ_
1 1450
Clostridiales_bacterium_OBRC5-5_gi_405333076_ref_NZ_
1 2436
Clostridiales_bacterium_OBRC5-5_gi_405333545_ref_NZ_
1 2199
Clostridiales_bacterium_OBRC5-5_gi_405333334_ref_NZ_
1 2198
Clostridiales_bacterium_OBRC5-5_gi_405332591_ref_NZ_
1 3935
5166 5487
