Eubacterium_sp_3_1_31_gi_482850060_ref_NZ_
154420 156010
156323 158166
171637 262734
283679 287409
287941 288627
423777 424037
426224 429073
451926 464729
598687 603695
627827 628474
643593 646585
695464 696365
704529 704646
708516 709254
715636 717144
734752 741776
771515 771692
834093 839040
875479 878236
881209 881499
932698 958858
Eubacterium_sp_3_1_31_gi_482850067_ref_NZ_
1 105927
106775 106969
109940 111361
112223 118826
164156 330536
332440 463184
Eubacterium_sp_3_1_31_gi_482850058_ref_NZ_
1 34277
43798 54255
58569 58620
81145 82887
129519 129995
156302 162868
168879 169491
183505 183656
197323 197441
206691 209433
210505 212046
220858 221457
251197 253080
270792 272389
272568 274475
321860 326678
361657 363607
372730 377088
380663 381406
381950 390126
393412 398283
400141 402025
407627 409511
497301 499185
507033 508767
534857 536398
544032 545916
567402 567658
586687 588572
603869 605754
607806 610643
612351 613153
652075 697212
714532 716416
765331 765489
768744 791666
811333 813041
829284 854959
893686 908406
926386 933430
955141 955356
959111 961097
1038799 1040085
1048601 1064469
1159374 1159837
1163128 1163464
1209793 1211689
1329547 1334424
1352610 1354419
1382568 1384376
1454741 1455658
Eubacterium_sp_3_1_31_gi_482850069_ref_NZ_
1 4849
Eubacterium_sp_3_1_31_gi_482850063_ref_NZ_
1 632
17745 17913
24855 26823
60667 63014
73708 74418
100645 104278
106284 108463
139799 176757
Eubacterium_sp_3_1_31_gi_482850065_ref_NZ_
1 2494
75866 78406
86962 89185
122763 123473
131478 132356
133013 134556
134635 143362
156691 158081
163046 164266
211178 211257
211704 211813
235845 236024
264394 275854
296647 357290
379847 386937
392261 394388
429401 432624
447776 449834
459372 463184
