Eubacterium_sp_3_1_31_gi_482850060_ref_NZ_
516 1902
2636 5900
6413 6873
9187 9336
12137 14727
16578 16730
17766 18706
19466 19749
20251 25435
26313 27630
28345 29003
29861 33494
34354 34409
35753 37332
38732 39107
39769 40799
41359 42708
43717 44234
45667 46570
47282 48487
49052 49710
51384 51595
52189 53208
54202 54421
56512 56684
57222 58997
59786 60084
60794 60901
62451 63034
64788 65752
66565 67064
67735 68244
69361 70081
70687 71032
71630 72185
72768 74423
75527 75807
76962 78317
79045 79319
80098 80302
81983 85643
86415 87479
88904 89230
90453 90544
92192 92356
94379 95951
97334 97787
98560 100424
101028 101786
103009 104561
105208 105998
106570 106910
107578 107813
108936 109471
110274 110436
110974 112043
113899 116053
116961 118552
119098 119423
120084 120298
121348 121588
122391 122756
123262 124070
125821 125982
126579 126825
127406 127897
129059 129644
130204 131533
135624 137754
138309 138875
139482 141147
142839 143145
144463 145436
146784 146857
147642 148413
149747 151472
153919 156010
156322 158165
158889 159202
163150 163408
164118 164808
165463 165766
166798 167223
167806 168681
169388 171407
171637 262734
263028 263953
265163 266077
266617 266968
267503 267616
269318 269461
271136 271201
271792 273376
274098 274375
275102 278172
280285 280638
282411 287840
288571 289151
292593 295211
296757 302747
303716 304117
304756 305430
306065 306849
307435 308403
308942 309930
310609 310979
312295 312577
314732 315481
317522 318098
319579 320637
321737 322128
322705 323056
323905 325221
325861 327380
328081 332237
332905 333238
333770 334220
334977 335614
336131 337791
338755 339789
341137 341565
342268 342752
343503 344237
346701 347649
348696 348865
349948 350962
351825 352516
353129 353858
354677 356539
357074 357488
358228 359242
360579 361765
363781 365256
365926 370862
371464 372350
373680 375807
376877 377575
378167 378606
379606 381228
381807 382014
382659 383838
384418 388890
390845 391040
391844 395013
396373 396492
397104 397228
398154 400227
401152 401349
402083 403536
404870 406222
407650 407906
408732 409607
410759 413778
414332 414463
415010 415359
416379 416586
417099 419448
420350 421608
423659 431322
432231 432530
434202 434289
434948 435005
436341 436691
437246 438604
439591 442335
443000 444232
444786 446504
447101 448181
448838 450389
450986 451478
451926 464729
465247 468810
469370 469809
471108 471448
472459 476318
476969 477421
478238 479618
480330 482080
483273 483623
484921 489509
490164 492418
493128 494015
494675 495174
495712 495834
496412 496898
498043 499155
500676 502046
502607 502846
503515 504547
505053 505474
506059 507432
507963 509800
510611 513304
514049 514255
515172 515227
515763 516703
517654 517703
518473 518935
519590 519657
522007 523900
524575 524729
525346 526875
527710 528225
528837 529787
531832 532597
534150 534490
535142 537767
539061 540095
540739 541314
542020 542146
543964 546318
547114 547679
548758 548922
549517 552670
553236 555777
556303 556987
557862 558474
559754 563427
564020 564199
566391 566591
567851 568384
570241 570487
571291 571765
573283 574074
574908 574970
575682 576656
578402 579372
580204 580772
581324 581634
582178 582365
583189 583709
584451 585138
585771 586392
586913 587609
588167 590597
591697 592021
593147 593961
594864 595205
596096 596626
597674 598057
598654 603808
606554 609219
609731 609842
611215 611398
613110 613767
614513 615313
615920 616008
616695 617842
619329 619401
624167 625062
625697 626193
626697 628917
629859 630182
633079 633626
634300 635346
635878 636390
637043 639069
639847 642446
643146 647000
649195 649412
651811 653787
654646 655851
656544 658551
659449 659665
660174 662092
663059 663307
663885 664305
666631 666916
667767 668281
670306 670832
671449 671648
672391 672447
673567 677693
678329 680914
681517 685101
686517 687095
687814 691482
692047 692098
692793 692901
694031 694553
695054 696542
697501 699771
700577 700707
701606 703186
703955 704646
705772 709465
709968 710346
711146 711968
712570 713652
714784 715269
715641 717149
717332 717735
718284 718923
719507 720261
721073 722882
723731 724156
724841 729697
730497 731221
732867 733960
734560 744306
745130 745577
746304 751191
753275 754677
755670 756213
756880 756952
757617 760785
761794 761863
762385 762435
763614 764512
766319 766744
767600 771044
771515 773807
774871 775679
776721 778047
778600 778683
779720 780566
782178 782749
785806 786102
786909 790497
791206 791582
792172 792500
793155 793706
796642 797134
798243 804178
805336 805929
806438 811163
811937 812032
813291 813578
814500 815046
816986 818041
818560 822739
826286 828531
829193 829525
830136 830341
831078 832718
833358 833835
834093 839040
839448 839510
840501 840713
843177 843616
844247 845466
846084 846609
847248 847464
848377 849527
850333 851037
851600 856798
857405 858040
859149 859779
860388 861208
862360 864135
866221 869469
870978 871056
871695 872168
872787 873926
874581 879026
879590 880575
881255 882304
883131 886979
887576 887866
889893 891947
892859 893724
894336 894521
895225 895332
896150 897256
897771 898816
900104 900531
902207 902983
903623 904635
905725 906902
907416 907961
908492 909927
910475 910946
912348 913801
914642 915553
916864 918012
919436 920228
921451 921846
922365 922862
924022 925859
926370 927625
928820 929295
929880 958858
Eubacterium_sp_3_1_31_gi_482850067_ref_NZ_
1 5961
6612 7392
8059 9982
10485 17603
18495 21901
22438 22611
23700 25900
26433 28924
30247 44124
45193 47277
47876 50320
51418 51987
53202 54017
54945 58363
58898 63465
64497 65997
66666 73875
75057 85838
86361 86834
87721 88045
89422 94263
95694 101383
102689 103731
104516 107920
108518 118967
119532 120406
120966 121386
122056 122433
123570 124319
125299 125841
127890 134055
134573 139635
140323 147253
147766 149884
150923 153548
154915 155432
156098 156735
157274 158071
159452 159759
160284 160363
163156 167803
168328 168526
169639 170293
170813 173270
174408 176810
177672 178424
179708 185377
185996 201678
202189 202885
203393 204516
205109 208701
209544 216052
217064 220033
220606 222021
223207 229853
230499 238134
238797 238913
239960 240905
241925 250153
251069 252582
253772 254002
255125 258034
259684 260186
260765 262567
263283 264600
265228 270531
271090 271153
271857 273366
274448 277093
278298 278626
279347 282113
282966 284615
285229 287644
288536 290574
291230 293489
294000 296982
298129 302123
302911 317012
317846 336708
337245 337745
338268 341458
342403 343455
344064 346837
347492 347916
348448 352570
353521 357626
358228 358552
359205 361102
361875 363304
363932 364487
365394 368003
368813 371911
372819 382183
383131 387830
388522 390009
391276 391427
392324 393607
394393 398016
398621 407876
408501 409050
409925 413346
414116 415923
416785 424275
424943 425714
426384 430454
431160 432620
433569 435516
436410 437489
438060 440455
441032 441283
442373 442630
443254 445803
447047 447624
448422 452073
453343 455036
455666 457221
457880 463184
Eubacterium_sp_3_1_31_gi_482850058_ref_NZ_
1 36915
37463 37613
39007 39187
39721 39782
40614 43195
43796 54253
55631 55715
57075 57531
58569 60058
60778 61067
62015 62649
63320 64260
65582 66704
67354 67534
68300 68539
69409 70019
71237 73335
73919 74844
75832 76146
76780 77924
79103 79798
80394 84123
84846 84966
85547 86838
87537 88018
88903 90924
91439 91834
92725 93369
93901 95760
97622 98429
99173 99357
102484 102845
103895 104180
104945 108365
108937 111008
112224 112489
113168 113530
114038 114514
115856 117084
118515 118957
119513 121546
122054 122135
123062 125836
126764 128743
129268 130035
130707 132723
133300 133648
135206 135593
136118 139789
140814 142034
143105 143725
144689 147346
148088 151809
152495 152979
154097 155471
155997 163291
164026 165642
166416 166930
167484 167958
168650 169927
173166 174628
175553 177652
179503 182216
183048 183656
184656 186525
187046 187250
187827 188006
188970 189654
191295 191546
192375 195141
196047 197122
197323 197441
197712 199213
200346 201248
202064 205096
206130 209697
210505 212046
212867 213461
214086 216441
216986 217219
218020 218751
219907 222176
222857 225675
226261 229848
230635 231733
232380 232565
233229 233942
237635 242590
243101 243893
244398 244853
245894 248304
248982 249433
250332 253659
255422 256106
257828 258252
259888 260697
261242 261302
261867 263608
264464 264740
265481 267420
268269 268730
269916 270147
270692 274731
275352 275417
276070 277137
278445 279468
279978 282621
283247 283330
284236 286305
287326 288363
289053 290906
291445 292105
294199 295424
296015 296788
297296 298265
300136 300540
301617 302188
302904 304612
305144 305435
306495 307453
308594 308662
309959 311629
312385 316273
317105 317545
319196 320000
320824 326769
327343 327674
330421 331439
332130 332259
332837 332937
341191 341389
344913 344962
345634 345856
350505 350666
353367 353480
355131 355345
357036 357596
360719 361020
361657 363607
365027 365602
372730 377088
377232 377477
380003 381406
381950 390126
393346 398624
400093 402322
405588 405998
407628 410308
411026 412652
413559 413939
414473 414551
416076 416684
417685 418436
420768 423175
424822 425050
425928 426298
428397 428593
429223 430440
430975 431245
433782 434033
434824 436636
437276 439002
440880 443004
444024 445027
445792 446261
448101 449391
451196 451882
453012 453761
454366 454676
455369 456304
457183 458879
459665 459903
463025 463094
463858 464011
464846 465235
466307 470367
470967 471195
472147 472570
474145 476773
477352 478233
478783 479000
479532 479657
480629 484181
486779 488856
491447 493683
494838 495985
496496 496847
497301 499185
500175 500554
501070 501722
502593 503192
504374 505387
505922 506071
506779 508922
509166 509431
511097 512286
514184 514500
515044 520869
521554 521606
522910 523183
524127 525931
526804 527103
528452 529192
530852 531218
532329 533398
534549 536940
537509 540508
541041 542014
543288 543795
544032 545916
546183 546330
547158 548484
549157 549820
550355 551277
552499 554741
555505 556355
557747 559282
560014 561750
562380 562835
564143 564905
565672 568232
568924 569109
570239 571078
571783 572928
573575 575016
575718 576544
577182 577972
578943 579657
580382 580804
583754 584964
585856 588696
589658 593207
593768 594484
595296 599403
600054 601237
602595 610945
611679 612225
612351 613519
616004 616179
616807 617334
620175 621127
622124 622614
623760 625228
625809 626367
626879 627553
628158 629485
630049 632904
634379 634613
635378 638717
639463 640858
641419 642530
643054 643279
643854 645168
645758 645990
647979 649075
649974 650207
650820 650869
652075 697212
699138 699356
699952 700541
701045 701593
702308 702773
703864 704146
704693 706259
707102 707892
708546 710237
711082 711268
713030 713549
714086 714408
714532 716416
717624 719560
721552 722823
723406 724684
725439 725644
726182 726852
727434 728073
728783 729900
730487 730684
732651 734496
735454 736648
737679 738160
738769 739491
739997 740538
741242 741525
743890 745099
747728 747916
748429 748734
749509 749697
750295 750883
751406 752156
753462 753950
754540 755202
756037 756169
756790 759098
761245 764285
765043 765174
765331 765489
765908 767802
768748 791670
792609 792819
793474 794352
796137 797190
797863 798648
799201 800742
801319 801594
802258 802432
803664 804957
805579 806831
807472 808190
809415 815083
816352 817289
817844 819529
820789 821226
822491 822781
824066 824616
825203 826014
826654 828342
829284 836336
836937 848588
849413 856549
857210 857277
859399 859871
860729 861467
862064 862549
863109 863175
863737 866542
867237 868769
870246 870479
872294 874358
876397 877066
877983 878866
879816 880415
880916 882024
882676 884592
886449 887239
887883 889799
890766 891027
891564 892710
892938 908585
909758 909976
910489 911788
914197 914303
915573 915810
917144 917347
917911 918127
919251 920626
922924 923038
923891 924927
926012 933812
934334 934565
935427 940460
942045 943663
944463 944779
945344 945494
946281 947351
948074 952934
953997 958001
958866 963532
963744 966649
967682 968069
969172 970368
972338 972503
973153 973859
975240 976219
977279 978250
979977 980581
981997 984725
985247 987064
988130 989109
990321 992111
994455 994688
995342 995568
996201 996938
997505 998136
998728 999505
1000699 1000946
1001537 1002521
1005132 1005693
1006367 1007361
1008082 1008443
1009962 1010133
1011390 1015550
1016408 1016622
1018020 1018439
1019261 1020566
1021255 1022314
1025066 1025334
1026007 1027345
1028560 1028694
1029207 1032686
1033343 1035363
1035955 1037757
1038639 1040070
1040522 1041157
1042568 1043033
1043540 1043761
1044394 1046539
1047268 1048705
1049495 1066326
1066872 1067095
1068510 1070961
1071970 1072562
1073082 1073970
1074677 1074904
1075716 1077513
1078546 1080477
1081091 1083863
1084493 1085901
1087247 1089300
1090443 1090904
1091820 1091881
1092434 1094321
1094983 1096075
1097127 1097762
1099507 1100028
1100849 1101144
1101919 1102300
1102864 1105145
1106314 1106532
1107220 1107879
1108470 1109240
1109913 1111728
1112303 1112426
1112980 1114650
1116385 1118778
1120110 1120837
1122172 1122514
1123180 1124446
1125254 1125338
1127074 1127522
1128251 1128983
1130019 1131187
1132261 1133064
1134987 1139134
1139887 1141080
1142071 1142959
1144160 1144281
1145263 1145424
1146067 1149653
1150283 1152831
1153792 1154344
1155058 1159995
1160545 1161830
1162681 1162745
1163128 1163512
1164257 1165424
1166996 1168000
1169375 1169493
1170011 1170989
1171729 1172761
1173731 1174164
1174754 1175468
1176149 1178092
1179560 1179662
1182260 1183211
1183779 1184473
1185463 1185628
1187611 1187796
1188901 1189218
1189945 1190873
1191514 1194305
1195023 1195694
1196418 1196769
1197863 1198423
1199298 1199349
1200207 1200257
1200832 1201038
1201668 1201781
1203253 1204025
1204638 1205762
1206333 1207486
1208016 1208482
1209797 1211693
1211782 1213906
1214760 1215171
1217028 1217149
1218468 1220605
1221372 1221511
1222364 1222818
1223345 1224157
1224772 1224877
1225419 1225594
1227591 1231071
1231748 1232938
1233537 1234103
1234798 1235165
1236866 1237035
1237637 1237695
1238416 1238542
1239152 1239422
1240136 1240215
1241011 1241549
1243128 1243581
1244401 1245033
1245863 1246556
1248112 1248495
1249018 1250154
1251038 1251200
1252456 1252918
1253701 1253904
1255575 1256395
1256930 1264396
1265127 1265230
1266277 1266468
1267573 1267825
1268475 1269010
1269680 1270600
1271362 1271494
1272103 1273658
1274625 1274985
1276776 1277717
1278576 1281398
1281997 1283205
1284173 1285731
1286495 1286885
1288491 1288815
1289479 1289994
1290584 1290687
1291237 1293155
1293951 1295034
1295601 1299384
1301190 1301978
1302732 1303048
1303697 1303835
1304901 1305746
1310128 1311032
1313026 1313570
1314210 1314710
1321733 1322628
1329481 1336008
1337087 1337780
1338426 1338723
1339991 1342457
1343391 1345327
1345985 1347964
1349458 1349645
1349993 1351917
1352486 1354419
1356000 1357456
1357967 1358886
1360998 1362084
1364524 1364687
1365202 1365831
1366988 1367154
1368198 1368315
1370330 1370595
1371151 1375877
1376500 1376626
1377536 1378367
1379543 1380564
1381437 1381910
1382568 1384576
1385343 1385856
1386885 1388872
1389483 1390355
1391507 1391818
1392440 1392923
1393661 1395201
1395788 1396467
1397635 1398597
1399270 1400105
1400915 1402518
1403630 1403790
1404389 1404640
1405298 1405995
1407176 1407364
1408842 1410112
1410645 1410859
1411384 1414040
1416454 1420050
1421375 1421833
1423666 1424954
1425892 1426233
1427565 1428331
1429047 1429706
1430519 1432192
1433707 1435227
1435916 1438123
1439107 1439295
1440015 1441588
1442147 1442458
1443817 1445403
1447543 1448822
1449475 1450402
1450974 1456083
1457637 1459049
1459583 1461830
1462566 1463239
1463809 1464493
1465255 1465400
1466950 1468263
1468861 1469385
1470229 1470816
1471723 1472960
1473568 1475256
1475758 1477010
1477607 1477944
1478942 1480729
1481527 1482084
1483506 1483578
1484140 1484937
1485482 1485883
1486387 1486740
1487647 1488233
1489045 1490861
1491889 1492416
1493565 1494696
1495658 1499917
1500819 1501174
1501906 1504620
Eubacterium_sp_3_1_31_gi_482850069_ref_NZ_
1 1213
1824 4849
Eubacterium_sp_3_1_31_gi_482850063_ref_NZ_
1 1764
2407 4262
5718 6090
7343 8832
9414 9689
10231 13358
14263 17913
19257 20125
20754 20976
21792 21881
22640 23347
23870 26823
27422 29498
30097 33472
34148 34710
35407 35930
36730 38782
40137 41527
42065 42389
43567 45213
45778 47492
48568 50586
51475 54934
55479 56042
56647 62765
64140 64424
65554 67357
67876 70367
71110 73028
73542 77251
78490 82147
82953 83264
83942 84450
85203 85619
86280 87799
88665 89903
90570 90773
91316 92084
92648 93509
94088 95044
95741 97636
98751 99574
100241 105054
106289 108468
109886 110907
111476 112003
113055 113375
114503 115664
117902 118813
120245 120607
121269 121583
123365 123923
124718 125386
126451 126620
127227 128305
129149 129205
129911 131421
132046 132180
134199 135248
135917 138379
139102 144307
144940 147597
149252 176757
Eubacterium_sp_3_1_31_gi_482850065_ref_NZ_
1 8988
9842 18007
18575 23073
23810 27966
29249 30832
31346 34342
35079 40562
42281 43743
44696 47295
47957 51137
52004 57193
57722 58013
58805 59058
59792 60685
61571 62610
63684 69578
70290 73118
73773 74026
74663 78406
79411 82685
83815 86668
86962 88967
89640 93404
94176 95182
95773 96803
97633 100213
100970 102085
102636 106074
106845 109004
109667 113240
113784 127339
127982 129660
130379 136601
136791 143362
143833 144606
145160 147205
147889 149034
150857 152238
152877 153825
154784 154909
155471 155832
156658 158208
160274 161062
161564 164266
164595 166568
167236 167955
168457 169709
171090 172611
173279 177426
177956 182805
183838 190335
191026 193921
194473 196532
197172 202999
203501 207379
208059 216382
216953 217706
218232 218477
219608 227933
228520 229587
230418 241167
242290 247346
247856 249278
249787 249902
250596 255274
255904 257550
258076 261553
262105 262613
263159 280012
280948 282124
282795 287477
287978 288213
288777 296436
296647 299029
299534 306450
307055 313301
314968 320194
320850 324325
325151 330490
332125 332593
334150 338866
339579 362158
362866 363024
364209 364868
365433 365599
366716 371476
372971 382942
385005 387494
388128 389310
389949 394971
395633 397728
398562 405067
405578 405906
406586 411205
411767 414655
415250 422619
424488 425179
426813 427025
427671 427915
428480 429086
429401 434521
435472 437369
437961 445582
446427 450604
451292 453171
453808 458547
459234 463184
