Bacteroides_sp_4_3_47FAA_gi_345651613_ref_NZ_
1 8630
38676 86854
94205 94374
140099 140488
Bacteroides_sp_4_3_47FAA_gi_345651616_ref_NZ_
1 9852
23595 23717
23817 48608
49656 59583
63617 63870
79312 82480
100244 105126
119006 175995
Bacteroides_sp_4_3_47FAA_gi_345651630_ref_NZ_
1 23502
24043 24380
28325 28540
29788 32249
32423 33357
35732 35849
Bacteroides_sp_4_3_47FAA_gi_345651626_ref_NZ_
1 53114
Bacteroides_sp_4_3_47FAA_gi_345651623_ref_NZ_
1 10015
29001 44613
83438 166207
171304 199568
200221 200548
231527 231609
233180 233342
255365 260322
305654 305905
Bacteroides_sp_4_3_47FAA_gi_345651611_ref_NZ_
1 25875
25991 35958
77176 81735
112868 112952
137950 203894
Bacteroides_sp_4_3_47FAA_gi_345651614_ref_NZ_
1 53021
68617 79672
81013 86633
Bacteroides_sp_4_3_47FAA_gi_345651617_ref_NZ_
1 73543
Bacteroides_sp_4_3_47FAA_gi_345651621_ref_NZ_
1 9252
Bacteroides_sp_4_3_47FAA_gi_345651642_ref_NZ_
1 7116
45133 79981
80497 103445
116782 134302
146166 160254
204127 204992
206949 213715
254619 257219
259591 259903
260930 261023
261788 262100
264033 335501
345216 369133
369232 369332
Bacteroides_sp_4_3_47FAA_gi_345651635_ref_NZ_
1 10622
Bacteroides_sp_4_3_47FAA_gi_345651638_ref_NZ_
1 16081
Bacteroides_sp_4_3_47FAA_gi_345651615_ref_NZ_
1 277
2831 49506
66130 68313
71082 79655
131347 152695
Bacteroides_sp_4_3_47FAA_gi_345651647_ref_NZ_
1 2184
4619 58368
Bacteroides_sp_4_3_47FAA_gi_345651646_ref_NZ_
1 3613
Bacteroides_sp_4_3_47FAA_gi_345651637_ref_NZ_
1 1267
1372 16747
Bacteroides_sp_4_3_47FAA_gi_345651610_ref_NZ_
1 6997
44783 45093
54093 63785
63973 110485
144576 159900
160682 209880
Bacteroides_sp_4_3_47FAA_gi_345651618_ref_NZ_
1 2375
15314 51115
52520 55717
57572 63037
63228 69723
71908 72650
72908 73054
73875 75240
Bacteroides_sp_4_3_47FAA_gi_345651624_ref_NZ_
1 827
Bacteroides_sp_4_3_47FAA_gi_345651644_ref_NZ_
1 1237
Bacteroides_sp_4_3_47FAA_gi_345651641_ref_NZ_
1 16705
26307 26488
Bacteroides_sp_4_3_47FAA_gi_345651627_ref_NZ_
1 142
242 494
1115 1214
2378 2670
2770 73467
73565 75269
Bacteroides_sp_4_3_47FAA_gi_345651609_ref_NZ_
1 47969
48746 52242
82509 86784
95743 99375
100089 157762
168103 168161
168288 168923
169022 176078
182641 198807
207016 214433
217742 229408
259030 260966
269693 272142
298670 298858
351485 371335
540633 541395
541791 545975
583273 595517
633272 642708
642805 676101
676201 676605
676708 679881
679973 712379
712782 719040
719302 722068
722491 724781
726150 726733
728801 733585
733722 779939
Bacteroides_sp_4_3_47FAA_gi_345651631_ref_NZ_
668 834
4781 5254
5422 5728
Bacteroides_sp_4_3_47FAA_gi_345651643_ref_NZ_
1 1511
Bacteroides_sp_4_3_47FAA_gi_345651634_ref_NZ_
1 32342
33777 35506
51562 51687
53752 53922
57625 63107
63861 63968
67702 76761
81030 81845
82859 84366
85132 88766
88836 89113
Bacteroides_sp_4_3_47FAA_gi_345651640_ref_NZ_
1 234
27385 29389
30190 45404
50773 51349
77690 78290
95519 95931
98098 98767
102117 128816
128916 157902
162328 162438
319840 320142
343152 343406
Bacteroides_sp_4_3_47FAA_gi_345651629_ref_NZ_
1 175
8439 13508
34277 43858
64251 147377
178885 179284
216607 258069
289235 289337
Bacteroides_sp_4_3_47FAA_gi_345651612_ref_NZ_
1 59544
60511 61534
75882 144484
144846 163475
174837 177507
246101 252496
Bacteroides_sp_4_3_47FAA_gi_345651632_ref_NZ_
1 3606
Bacteroides_sp_4_3_47FAA_gi_345651636_ref_NZ_
1 44432
44530 44739
47956 50685
51854 52024
67966 68065
84669 85342
86201 87057
87591 87884
88061 115629
Bacteroides_sp_4_3_47FAA_gi_345651622_ref_NZ_
1 2132
3211 3698
4360 5318
7974 8077
8970 10511
12206 107269
111740 136500
Bacteroides_sp_4_3_47FAA_gi_345651619_ref_NZ_
1 168
9993 16864
63540 65969
66465 67259
68086 176889
179640 191550
192704 193512
194569 200091
201275 208733
259173 261711
268525 283759
303683 304295
343367 352537
387776 388037
388713 389301
398498 417032
451416 472555
473608 489784
503746 517921
518976 522188
542284 561003
567645 684503
715200 715800
715982 716121
727582 798788
821688 853744
Bacteroides_sp_4_3_47FAA_gi_345651628_ref_NZ_
1 1748
Bacteroides_sp_4_3_47FAA_gi_345651639_ref_NZ_
1 6669
7586 8005
11959 16379
18202 21536
27742 30917
31178 46477
Bacteroides_sp_4_3_47FAA_gi_345651620_ref_NZ_
1 15414
31828 132136
Bacteroides_sp_4_3_47FAA_gi_345651625_ref_NZ_
1 36403
40655 45683
47164 57095
57950 61615
62192 62908
65268 86999
87947 90121
91889 95978
96726 98242
99020 99933
100585 101379
101933 107892
109289 110785
112029 114446
115657 117826
118369 118516
122452 128290
130501 130644
135779 137194
142957 149888
175505 196702
196802 212701
214460 223121
237082 242000
281114 281275
282938 283932
284990 286990
Bacteroides_sp_4_3_47FAA_gi_345651633_ref_NZ_
1 2275
Bacteroides_sp_4_3_47FAA_gi_345651645_ref_NZ_
1 1218
