Bacteroides_sp_4_3_47FAA_gi_345651613_ref_NZ_
1 8591
19614 19686
30262 33656
34332 36158
37138 38479
45383 45684
55878 119871
139947 140488
Bacteroides_sp_4_3_47FAA_gi_345651616_ref_NZ_
1 1095
18736 18789
23890 24132
35717 38215
48717 49556
79312 82480
86014 123353
125837 175995
Bacteroides_sp_4_3_47FAA_gi_345651630_ref_NZ_
1 886
23600 30446
31055 35849
Bacteroides_sp_4_3_47FAA_gi_345651626_ref_NZ_
1 23953
39739 40568
48788 53114
Bacteroides_sp_4_3_47FAA_gi_345651623_ref_NZ_
1 17640
20650 20712
21244 44660
44863 44972
51106 51862
85541 134106
143567 155043
159760 166285
168776 168827
170843 231609
233180 233342
255365 260322
305654 305905
Bacteroides_sp_4_3_47FAA_gi_345651611_ref_NZ_
1 8228
23374 36135
49414 50053
52176 55348
69358 69493
71581 71641
77176 81735
83088 83233
99804 99871
125190 125831
144871 144937
146276 148103
149381 167220
168452 203894
Bacteroides_sp_4_3_47FAA_gi_345651614_ref_NZ_
1 161
669 14868
25778 68605
71056 79548
81233 85007
86353 86633
Bacteroides_sp_4_3_47FAA_gi_345651617_ref_NZ_
1 73543
Bacteroides_sp_4_3_47FAA_gi_345651621_ref_NZ_
1 9252
Bacteroides_sp_4_3_47FAA_gi_345651642_ref_NZ_
1 933
6576 7188
32317 33327
50056 50243
56506 56652
58378 61051
63210 85650
86410 101459
103218 103445
116908 127265
130576 130892
135553 140939
141592 145303
145815 175788
187709 190641
193377 193777
199962 206022
212864 215136
215910 216219
225171 225646
237500 237931
250329 250429
256910 257219
259591 263933
264361 285055
290115 297953
300112 319595
326893 327411
337769 338729
344747 352827
361594 367122
368592 369332
Bacteroides_sp_4_3_47FAA_gi_345651635_ref_NZ_
1 306
1488 10622
Bacteroides_sp_4_3_47FAA_gi_345651638_ref_NZ_
1 16081
Bacteroides_sp_4_3_47FAA_gi_345651615_ref_NZ_
1 1838
2387 5393
10238 10322
24572 28108
37269 47551
49228 62856
65382 71913
84591 84647
106242 106391
129973 152695
Bacteroides_sp_4_3_47FAA_gi_345651647_ref_NZ_
1 2184
4740 58368
Bacteroides_sp_4_3_47FAA_gi_345651646_ref_NZ_
1 3613
Bacteroides_sp_4_3_47FAA_gi_345651637_ref_NZ_
1 1267
1410 16747
Bacteroides_sp_4_3_47FAA_gi_345651610_ref_NZ_
1 2865
15736 15854
30728 30815
34089 39719
40231 40381
41005 41235
42310 52363
52893 58283
60111 63785
63973 75024
75649 77240
77778 84646
86172 114602
115659 115901
117248 119886
120730 130281
130859 137637
138194 140442
141096 147873
152565 152869
153370 153648
154300 183260
194702 194782
199979 200290
209549 209880
Bacteroides_sp_4_3_47FAA_gi_345651618_ref_NZ_
1 33162
36142 37108
49095 57870
58062 75240
Bacteroides_sp_4_3_47FAA_gi_345651624_ref_NZ_
1 827
Bacteroides_sp_4_3_47FAA_gi_345651644_ref_NZ_
1 1237
Bacteroides_sp_4_3_47FAA_gi_345651641_ref_NZ_
1 17434
26126 26488
Bacteroides_sp_4_3_47FAA_gi_345651627_ref_NZ_
1 494
1115 1214
2378 2500
2770 3902
4575 19001
42203 42386
50614 75269
Bacteroides_sp_4_3_47FAA_gi_345651609_ref_NZ_
1 260
9569 10133
11142 47238
48393 51425
51778 52242
64030 64324
67452 67731
81841 95828
96344 98414
98924 131162
142151 174487
182641 182759
185280 191160
203656 203806
207016 214490
217742 229403
230713 230811
235638 235701
238700 238890
242637 243216
249109 260966
264331 265505
267772 272142
279127 279334
281943 285615
288148 288943
289898 290612
307867 307940
316270 316481
355591 370769
375971 376101
378032 378365
397204 397396
400991 401085
409498 424099
442309 442519
457911 473173
473579 479267
482304 483155
501547 501747
504324 504384
540649 588335
601168 602437
604138 604486
605825 605999
606896 607028
610666 610876
619737 620147
621252 621399
622107 622345
623293 627435
629871 630855
631974 642709
657133 686722
686935 719516
719822 730867
730955 732666
732732 779939
Bacteroides_sp_4_3_47FAA_gi_345651631_ref_NZ_
4424 5254
5422 5728
Bacteroides_sp_4_3_47FAA_gi_345651643_ref_NZ_
1 1511
Bacteroides_sp_4_3_47FAA_gi_345651634_ref_NZ_
1 14848
18763 19534
35602 40108
40959 41956
42459 43001
43548 46029
51491 66044
66564 89113
Bacteroides_sp_4_3_47FAA_gi_345651640_ref_NZ_
1 234
27385 32670
37265 37886
40115 40410
45360 46145
48987 78382
84235 94650
95222 128548
128917 138465
162328 168130
175824 176069
218001 218924
243206 244070
245757 246473
247105 248583
249114 251599
267059 267436
287520 287591
319840 320142
343152 343406
Bacteroides_sp_4_3_47FAA_gi_345651629_ref_NZ_
1 7532
12628 36997
41959 42534
59991 110450
111746 160413
173437 174177
178658 180284
204038 204669
205351 256868
289173 289337
Bacteroides_sp_4_3_47FAA_gi_345651612_ref_NZ_
1 2358
14651 27541
38197 38275
40729 52561
53239 77586
80920 129804
129950 130371
131931 132009
134219 134288
137159 159090
185136 185677
222429 222483
237445 238288
244268 252496
Bacteroides_sp_4_3_47FAA_gi_345651632_ref_NZ_
1 3606
Bacteroides_sp_4_3_47FAA_gi_345651636_ref_NZ_
1 27621
28399 50685
51425 52204
65420 68731
76400 107149
113297 115629
Bacteroides_sp_4_3_47FAA_gi_345651622_ref_NZ_
223 5586
6159 23882
32848 36661
44261 44657
46147 46265
46766 46834
47720 103772
111740 112284
113840 114442
123324 131455
134121 136500
Bacteroides_sp_4_3_47FAA_gi_345651619_ref_NZ_
1 17569
36605 36716
51814 65849
66069 68789
75138 75472
75991 158070
159322 159426
160242 199927
201275 208733
217416 217656
248793 249056
250129 250658
259173 261711
267640 270435
271387 272534
273577 274094
275051 283510
303032 303344
303683 304295
321127 321305
326290 330609
343367 344315
345694 346190
351414 351869
351967 352600
361987 362473
387150 388046
392478 392828
398498 416543
418107 440876
450865 451822
471169 473865
491749 491798
503746 522188
538301 538458
542284 542429
543149 549420
550099 550204
552721 553009
553863 555052
555607 561026
563254 567788
568830 568980
570423 572005
580195 580330
585847 650699
651629 651941
656171 682401
687318 687713
707904 721963
723802 728191
730211 753280
761543 761605
769428 786165
796570 796859
805860 810898
814848 814936
821688 821980
822547 822637
828543 829760
847059 853744
Bacteroides_sp_4_3_47FAA_gi_345651628_ref_NZ_
1 1748
Bacteroides_sp_4_3_47FAA_gi_345651639_ref_NZ_
1 12259
12367 46477
Bacteroides_sp_4_3_47FAA_gi_345651620_ref_NZ_
1 113
2039 26259
37773 132136
Bacteroides_sp_4_3_47FAA_gi_345651625_ref_NZ_
1 8748
10329 11727
18020 21602
22556 25709
28306 28366
28831 61553
61718 65832
66508 86999
87688 137194
160079 160400
175505 175761
178358 178415
188647 207280
209944 217006
230613 230740
237940 243151
254619 254705
282938 283941
284990 286990
Bacteroides_sp_4_3_47FAA_gi_345651633_ref_NZ_
1 2275
Bacteroides_sp_4_3_47FAA_gi_345651645_ref_NZ_
1 1218
