Bacteroides_sp_4_3_47FAA_gi_345651613_ref_NZ_
1 8591
13882 14161
14678 17115
17871 18145
18708 20116
20898 22545
26503 26623
30148 30569
33385 34308
38508 38864
40566 41376
45027 45685
46549 46767
49336 51471
52038 52208
52919 53348
55118 55241
55878 56141
56863 58386
59844 63575
76777 77516
78529 78580
79154 85569
87444 87659
87762 88428
89340 90873
91434 93351
94167 96001
97616 98949
105773 105840
106486 107453
109351 110206
112907 112982
113830 113945
117172 117244
118797 119488
121255 122793
127865 127946
129483 130112
130936 131977
133428 133597
134858 135975
138731 139268
139947 140488
Bacteroides_sp_4_3_47FAA_gi_345651616_ref_NZ_
1 858
1581 1662
3436 3617
5814 6567
9756 10848
12559 12665
17631 18029
21129 21873
22902 23010
23727 23971
24943 26647
28119 38340
46122 46564
47911 48671
51917 51989
56378 56514
60196 60400
60529 60737
60976 61231
62146 65017
65520 66550
67472 67526
69171 69737
71781 73473
76998 77216
78243 83699
84367 84747
86314 87339
88257 88545
91498 91838
97305 97668
99608 102166
104908 105305
106627 107206
112064 112600
114042 114120
116922 117547
118700 120868
124466 124982
125811 125962
130711 130810
131546 131602
132874 133114
134713 135118
136823 137727
138437 138636
141347 141617
142622 144128
144841 145716
146587 147083
147905 148968
149739 151255
153620 154702
155377 155912
156451 158506
159145 159795
160730 175995
Bacteroides_sp_4_3_47FAA_gi_345651630_ref_NZ_
1 629
1861 2311
10569 10755
11648 11719
12705 12861
14174 14307
15324 15839
17308 17521
20061 20954
23554 30526
31055 33736
34315 35066
35460 35849
Bacteroides_sp_4_3_47FAA_gi_345651626_ref_NZ_
1 1333
2208 2454
4072 4302
4441 4809
5594 5684
6570 6963
7813 8514
11605 15882
16836 17762
27158 27234
28032 28182
28815 29263
33307 34831
37952 38045
39383 39691
42525 44420
47251 47318
48885 53114
Bacteroides_sp_4_3_47FAA_gi_345651623_ref_NZ_
1 4779
5256 16674
16861 16959
18698 19198
20650 20716
21244 21302
21432 21581
22102 22328
27442 37085
39051 39269
39937 40228
42750 44106
44226 44381
44503 44972
47234 48928
50587 51862
53246 53501
54441 55292
58746 59596
60172 60306
63942 64974
65753 67840
68382 68569
68819 68927
69513 69672
70297 70893
74130 74343
74881 75595
76216 76280
79045 79994
81743 81810
85793 124986
129339 129625
139704 139873
142866 143067
143595 144875
154838 154952
159480 163446
165163 165259
165971 166737
168776 169168
171279 171720
173728 174899
183857 185809
190222 194219
196924 197521
198889 200038
200221 200548
206563 207007
208339 208388
210863 212880
214209 214792
215497 216140
218034 229071
230474 230686
231463 231609
233126 233342
234171 234942
235533 235903
237556 238590
239741 240112
240682 241429
242031 243319
245724 245817
246566 246865
254477 260322
260589 260681
265139 268077
269191 269278
269894 272500
273277 274180
274697 275179
277247 277736
280126 280208
281600 282269
283121 283220
284030 284088
287312 287583
288719 289593
294985 295890
300131 300464
302141 302266
303061 303363
304091 305905
Bacteroides_sp_4_3_47FAA_gi_345651611_ref_NZ_
1 10608
14335 14480
18031 19596
20714 20850
22579 22657
25934 26911
28436 28715
31956 32072
33566 33695
36993 37126
38204 38381
39273 39379
40919 41246
41897 41980
43333 43423
44737 47945
48886 49384
50643 50815
51307 51536
53061 54110
54249 54483
54613 54878
55322 55624
58292 58395
60085 60154
60730 60872
62454 62526
65802 66373
68564 69856
70993 71212
71485 71761
71923 72089
72559 73016
73687 75278
76529 77114
77659 80718
81394 81782
82564 83236
84166 84491
85634 85790
91245 91418
92705 93885
96937 97343
99509 100248
102791 103165
104663 106085
111534 112109
112764 113274
117127 120125
120955 121284
122361 122983
123676 124357
124966 125103
125261 125441
128985 129209
130010 130223
130964 132363
134411 135666
136396 136735
137520 137999
138507 138594
142585 143405
144130 144308
144871 145458
146276 148403
149079 150107
153012 155514
158675 159098
161751 165737
166555 167522
168235 168933
174263 179782
181865 181991
190710 190785
194027 194108
195638 195712
196997 197973
198481 198631
199313 203894
Bacteroides_sp_4_3_47FAA_gi_345651614_ref_NZ_
1 1394
1926 2020
2554 2781
9277 9493
10042 10171
14842 15224
15738 15969
19520 19618
20771 21359
21718 22758
23865 24950
25481 25581
26513 27094
27886 28234
29612 30927
31483 32544
35181 35369
38304 38658
39186 39501
41786 42246
42826 50310
51417 53815
56959 57814
61081 61403
64476 65340
66620 66915
69366 69691
70374 71715
73430 73893
75973 76760
79208 81269
83309 84506
85367 86633
Bacteroides_sp_4_3_47FAA_gi_345651617_ref_NZ_
1 73543
Bacteroides_sp_4_3_47FAA_gi_345651621_ref_NZ_
1 9252
Bacteroides_sp_4_3_47FAA_gi_345651642_ref_NZ_
1 986
2346 2748
4665 4945
6536 7186
10348 10943
13057 13232
19058 19469
20078 20389
21780 22060
22941 23323
26259 26749
33333 36296
38890 39509
43272 43341
45085 45338
45997 46220
47025 48917
50056 50372
50919 51534
54008 54156
54793 55037
56430 56683
57220 57408
57897 58884
59666 60109
62040 63669
67672 71070
71835 72306
73646 85917
86410 101459
103218 103445
106993 107629
108181 108543
109353 109781
114709 115779
116706 119558
120156 121002
123677 124246
125257 125801
129126 130872
131430 131926
133217 134861
135839 136007
136185 136420
136589 136663
136899 137080
137320 138221
138791 139589
140567 140857
142416 143116
145894 149087
149262 149393
149711 150758
151000 151151
152184 152598
153664 157920
158078 158255
158351 158511
158745 158879
159064 159207
159379 161842
162819 164199
165194 165268
168725 168876
170145 170419
173009 173601
174130 174556
175795 176419
176931 177680
178653 178736
179527 179976
180187 180383
180890 181458
182084 182325
183516 183919
185545 186291
186925 187171
187794 187934
188331 188468
189069 189330
190273 190322
190593 190652
193362 193584
195517 197579
199121 199258
199962 201353
202187 202420
203903 205833
206019 206080
213030 213178
213331 213732
218656 219575
222795 223228
224839 225019
225180 225386
227180 228072
228602 231144
234102 234465
238083 238759
242882 243236
245805 245992
250329 250470
254240 254447
255121 258069
259591 260144
260909 262613
262794 262933
263154 263405
263636 263933
265578 265820
269042 269337
273628 273706
273980 274227
275183 277739
282303 284169
285026 285634
287888 290151
291304 295869
297924 298140
299121 300558
301684 302666
303041 303245
303368 303613
304167 304223
304810 305229
305707 306083
306702 307012
307478 307633
307836 307945
309588 310379
310668 310845
311059 318507
319969 320811
321966 322507
323082 323152
325602 325935
328703 329189
337742 338140
339890 339989
340653 342747
344986 352827
353499 354258
354949 355850
356686 357333
364442 366651
368573 369332
Bacteroides_sp_4_3_47FAA_gi_345651635_ref_NZ_
1 10622
Bacteroides_sp_4_3_47FAA_gi_345651638_ref_NZ_
1 16081
Bacteroides_sp_4_3_47FAA_gi_345651615_ref_NZ_
1 2734
9074 9424
11395 11751
18074 18669
19267 19493
20239 20653
21561 21630
22977 23198
24554 24926
27481 28991
29795 30018
33544 34141
35661 36098
36909 38951
42268 42450
43145 43241
44667 45185
48055 49843
55859 57342
60838 60938
61496 61595
62994 63358
64236 72766
73299 74846
75475 81668
82973 83946
84532 84677
85688 86290
86866 86961
88227 88305
88931 90696
91272 92456
93978 94544
95507 95711
97856 98652
100556 100964
101579 103387
104321 107129
107674 108331
108912 110983
112610 112688
116236 116305
118051 118830
119490 122198
122938 123120
125497 127118
127642 128092
128655 131361
132305 132945
135265 135358
137414 137497
138051 138563
139554 140857
144359 144575
145917 145995
147311 147398
148115 148211
150215 152695
Bacteroides_sp_4_3_47FAA_gi_345651647_ref_NZ_
1 19209
20218 58368
Bacteroides_sp_4_3_47FAA_gi_345651646_ref_NZ_
1 3613
Bacteroides_sp_4_3_47FAA_gi_345651637_ref_NZ_
1 2539
2978 3215
3893 16747
Bacteroides_sp_4_3_47FAA_gi_345651610_ref_NZ_
1 1405
7762 8387
9379 11905
12146 15333
15555 15743
15976 16100
21862 22040
23109 24174
28219 30728
31917 35023
42387 52363
53287 58283
60204 71818
73099 76547
78766 113506
115475 118150
119897 120281
120783 125173
127839 128094
130926 131464
131605 137642
139350 140399
142065 142189
143391 143569
144112 144575
145085 145228
145609 145946
146782 146964
147108 147235
147415 147665
147933 148165
149831 149976
150170 150468
151071 151206
152486 161987
167768 168724
169302 171134
173667 177387
178560 179002
186332 186429
187863 194968
195779 197545
198073 198478
198965 199184
199389 199580
199929 200722
201679 201892
202878 203311
204553 204667
206420 207124
209569 209880
Bacteroides_sp_4_3_47FAA_gi_345651618_ref_NZ_
1 2337
4044 4221
4866 7830
9277 11273
13412 14018
14651 14948
16356 17045
19803 20182
21942 23247
24976 25330
26256 27381
27733 27886
28128 28263
29442 30983
32061 33849
35963 38387
41064 41772
42865 42960
45255 45487
45633 46270
48633 54783
54978 57108
57640 69872
70031 70240
70380 70507
70699 73124
73655 75240
Bacteroides_sp_4_3_47FAA_gi_345651624_ref_NZ_
1 827
Bacteroides_sp_4_3_47FAA_gi_345651644_ref_NZ_
1 1237
Bacteroides_sp_4_3_47FAA_gi_345651641_ref_NZ_
1 5858
9850 9997
11138 11401
14017 14555
21788 22173
23275 24172
24700 24787
25610 25843
26092 26488
Bacteroides_sp_4_3_47FAA_gi_345651627_ref_NZ_
1 3382
3600 3802
4556 5241
6261 6339
6981 7104
8350 8584
9802 9886
10717 17107
19524 19606
21551 21627
32213 32830
34700 35157
37356 37563
38972 39050
40487 41333
44789 44859
45718 45791
50005 50203
50780 51661
52341 52640
54230 54307
54975 55221
56172 62489
63919 64316
65485 65612
69601 75269
Bacteroides_sp_4_3_47FAA_gi_345651609_ref_NZ_
1 1087
1605 2139
3271 3692
4608 4840
7017 7138
8260 8598
9779 30303
30997 34315
34949 37702
38839 39093
40393 41052
42024 42096
43284 43646
44212 44362
47798 52242
57410 57858
59072 59719
62773 64698
65754 65920
69207 69618
71708 72001
73026 73409
75283 75969
76473 78706
79736 79935
80484 81165
81689 87637
91157 91692
92325 92406
93606 93868
94967 99333
99926 101236
101929 102906
103653 104594
105296 107231
107752 108907
109471 110518
110623 111578
112263 113620
114168 115456
116235 116442
117244 119995
120496 121027
121537 121660
123897 124185
125434 126157
126706 131892
133153 134655
135324 135815
136454 138209
140048 140312
141918 144326
144936 145689
146763 147185
149327 149760
151173 151397
153212 153742
158645 158963
165025 165349
166932 175078
175816 176900
178011 179020
182348 182784
183306 183390
184373 191813
193009 194074
197519 197910
198771 199934
200442 200650
201374 201684
203037 203633
205521 214894
217564 227555
228379 231218
231795 231873
232675 232924
233449 233827
234470 234573
235251 235629
239588 239860
242982 243371
245249 245538
246094 246661
248004 248542
258906 261769
263979 264518
268386 268710
269693 272142
273434 274527
279042 279848
281766 282846
288632 288943
289898 290233
294741 294834
298034 298858
299599 300555
301635 301949
302495 304361
305322 306164
306873 308896
310885 311534
312537 312696
313438 313793
316421 316945
321746 321837
323320 324436
327060 328185
329354 329970
332059 332367
334344 339780
344356 344475
355481 360249
371435 371623
373266 373735
374551 374817
378025 378267
378982 379299
381464 382827
384463 384557
385277 385568
392205 393307
396960 397477
398025 398532
399412 399551
400757 401016
402919 403141
404391 406174
408000 408124
408796 409054
411390 411738
412359 412447
413022 413286
414327 414437
416222 417854
419277 419669
423148 424262
424811 426544
427297 427627
428566 429085
430115 430299
430814 431696
432762 433749
434394 436319
436536 436740
437072 437455
438189 438714
439365 441298
442992 443485
446069 446411
449326 450023
451281 452130
453913 454315
457001 459235
459751 459844
460398 460519
466723 467285
468587 468938
469680 470393
473308 473580
474104 474846
476634 477091
477998 479418
481271 481960
483445 483529
484166 485039
487235 487364
489549 490037
492430 492969
497479 498085
499850 500438
501547 501747
504285 506241
511738 511922
513113 514271
516462 516808
518595 519356
520208 520845
525022 526699
528883 530213
532266 535023
535628 536513
537188 537485
538205 538617
539129 539734
540264 542935
543570 545832
546367 547827
548743 548893
574301 574749
575482 575560
576577 576679
581936 582782
583294 583788
587806 588580
589994 590261
590835 591000
591595 592814
594512 594958
595519 596243
596621 596752
596957 597091
597316 597388
598117 598828
599687 604714
605278 606016
606595 606737
607240 609943
610542 612643
613539 622597
623170 627451
629628 631834
632387 633599
634609 634896
638331 639890
641139 641664
642371 643683
645764 646176
648833 648945
649590 650005
650770 650838
653730 654083
655463 655872
657131 658740
659293 659370
665635 666381
672143 672479
673784 673895
674629 677506
679233 705080
705930 706062
707626 716951
717135 724781
724911 727073
727311 727468
727877 741405
743408 767788
769655 770262
770413 770603
771006 771217
772540 772667
777453 777530
779350 779939
Bacteroides_sp_4_3_47FAA_gi_345651631_ref_NZ_
3284 5254
5422 5728
Bacteroides_sp_4_3_47FAA_gi_345651643_ref_NZ_
1 1511
Bacteroides_sp_4_3_47FAA_gi_345651634_ref_NZ_
1 13299
14966 15022
22390 23444
24220 25028
30354 31087
32301 34086
35602 36668
39390 39634
41158 41952
44314 44608
45428 49047
51215 52239
52513 52677
52792 53025
53338 53455
53663 53785
53935 54052
54186 55660
56042 56206
56422 56536
56698 56853
56985 66044
66578 76879
77634 77700
80331 81541
81782 82025
82137 82331
82450 84221
84337 84543
85051 87346
87655 87826
88107 89113
Bacteroides_sp_4_3_47FAA_gi_345651640_ref_NZ_
1 9021
21821 22215
24938 25198
27385 31851
32512 32670
37256 37877
45044 45444
45678 45890
50208 51404
53141 53462
61536 61973
66553 66627
68481 70221
70351 70510
76614 78354
79770 80237
84475 84838
85874 86319
91027 92261
92569 92778
92924 93140
93252 93518
93633 93783
94137 94318
94407 94532
95192 95358
95505 99379
100846 130701
132182 132263
132857 133056
134245 134356
136985 137431
138260 138510
139696 140085
144545 144745
145857 146157
146987 147397
149195 149273
150398 150759
155201 155393
157532 158062
160163 160793
161652 163684
166218 166871
167314 167499
167789 168040
168562 168954
169763 169849
170615 171354
172230 172388
173934 175321
175824 175959
176942 178610
180748 181769
182283 182554
183373 184947
185673 187353
187946 188308
198097 198400
200214 200688
202745 203991
208617 209795
210769 211790
214459 216346
216888 217214
218001 218418
226156 226774
227756 227960
228485 229172
230882 231162
238278 238796
243206 243515
243744 243886
246184 246245
247103 247181
247377 247497
247927 248582
250175 250874
256883 257195
259355 260124
261268 261908
263793 264533
265194 265435
266808 268296
271406 271973
273676 273881
283731 284153
286056 286404
287600 289789
301637 301976
302589 302665
306037 306177
309619 309774
315704 320661
326882 326952
332499 343406
Bacteroides_sp_4_3_47FAA_gi_345651629_ref_NZ_
1 4664
7278 7386
10907 13847
22663 22746
25791 25859
27982 28249
29236 29379
32872 33159
33823 37160
37573 37697
40081 40609
41820 42210
43576 45813
52203 52986
55086 56029
59250 59330
61989 62083
65063 65417
66955 67094
72999 73082
76143 78623
79454 80277
81751 82778
83293 83784
85168 85379
86184 86671
88292 88491
89606 90102
91226 93111
98193 100174
100756 101548
102852 103819
104237 104416
104637 105480
106409 107299
110028 110916
111432 111650
112863 136828
144133 147637
149162 149278
150649 150727
151240 151559
152347 152592
155091 155833
158099 158910
161103 161686
162310 164361
165960 166102
166489 166770
168039 168862
169217 169348
169542 170206
178082 179684
180278 180337
183299 183394
186300 186582
189445 189691
191938 192152
194246 194540
196083 196942
203697 204442
205917 206359
210397 210468
215629 222615
223582 226569
227781 228313
229559 229899
234456 234859
235490 235682
238392 238524
241005 241084
242818 245168
246202 248236
252001 252510
254494 254830
261804 262287
262817 263525
264595 265086
265688 266134
266798 267007
270171 271300
285427 285530
287440 287645
288471 288584
289167 289337
Bacteroides_sp_4_3_47FAA_gi_345651612_ref_NZ_
1 418
933 2115
4082 4338
10052 10230
11038 12113
13261 16331
16899 17560
19081 19182
20126 20364
21227 21621
22126 23415
27511 27586
28792 29107
29728 29786
30358 30649
32045 32604
33613 34621
35147 35532
36765 37231
38938 39352
40729 52453
54076 69932
70623 70964
71629 75977
90529 91796
95318 95989
98725 98808
100231 100324
102266 102331
103529 103702
110090 112086
118360 118477
119524 120028
120954 123183
128074 128488
129801 131681
131894 132160
133258 133433
134045 134238
134738 134826
136126 145007
151587 151919
152851 153196
153414 158247
158581 158867
160735 161020
162574 162787
163302 164755
168108 168895
169227 169484
170643 170732
173582 176845
178970 179407
180173 180901
181894 182365
196906 197250
203256 203477
204527 206450
207132 207509
208099 208202
209848 210574
213329 213681
215362 215863
218858 219258
221841 223827
227977 228634
229618 229861
230656 231218
232560 234351
235911 236130
237952 238345
239679 240457
241158 243755
244402 244611
245377 246001
246811 247032
247610 247914
248895 249232
250226 250301
252019 252496
Bacteroides_sp_4_3_47FAA_gi_345651632_ref_NZ_
1 3606
Bacteroides_sp_4_3_47FAA_gi_345651636_ref_NZ_
1 44739
47951 52462
53645 54688
55504 55886
56622 57018
57545 60344
61081 61166
65193 66126
67092 69524
71447 71666
72652 78811
79469 79697
80426 82148
82939 83369
84175 84638
85739 87884
92726 93419
94958 95969
98928 101866
104101 104528
105570 107137
107980 108203
108877 109300
111464 111794
115263 115629
Bacteroides_sp_4_3_47FAA_gi_345651622_ref_NZ_
1 1805
2563 5460
5614 12693
13706 14109
14634 15979
17422 17547
19196 19667
22201 22652
23278 23882
24408 24673
27671 27989
29289 29704
30312 30959
32130 34532
35048 35914
39856 40489
42813 42971
44130 44657
50859 51648
52771 52824
53393 54020
56103 56452
58204 59281
60938 61345
63176 63367
66396 67400
69396 70058
72832 73266
80065 82089
82864 83076
83593 83844
86907 87313
88477 88672
92824 93372
93961 94604
95431 95649
96754 96963
104754 104834
106215 107269
111621 111724
112352 112834
113714 117268
120889 121534
122041 122354
122865 131463
134113 136500
Bacteroides_sp_4_3_47FAA_gi_345651619_ref_NZ_
1 1119
1630 1879
10083 11564
12122 12762
13796 14993
16896 17553
18331 18384
20203 20265
30960 31275
33602 33834
36048 38321
40231 40522
46998 47054
47574 48422
50721 52563
53237 53533
55082 55473
58396 58928
63532 69432
70304 70641
72707 73295
74003 112779
116302 121242
121450 149872
150822 159996
160576 164168
166412 166505
167645 169084
170869 170954
172586 172830
173625 174148
174859 177676
178505 193770
193872 194060
194281 200030
203599 204261
205019 205548
208536 208733
209582 209744
210269 212952
214478 214582
216482 216668
217316 218659
220288 220510
223232 223408
224148 224332
224920 225851
228770 230093
230950 231582
232368 232464
233309 234243
236827 237041
238519 238681
239230 239747
241588 241778
248793 249200
249960 251028
252134 252543
255164 256437
257413 257559
258635 263522
265526 265909
266484 266608
269822 271174
272171 272255
279481 280330
280494 280671
280927 281150
281908 282065
282192 282874
283018 283159
283467 284786
285298 285426
286627 287231
288706 291087
293716 293926
301653 305394
307701 308230
309009 309240
309744 309819
310874 312185
314091 314181
314730 314844
316117 316564
317178 317442
319617 319767
320351 321419
321950 323138
325187 325342
329176 330203
330924 331429
334035 334639
343847 344973
345554 345684
347308 347403
348245 349041
350172 350284
350442 350612
350756 350963
351123 353926
354589 355163
359481 360833
362093 362261
362477 362629
362793 362918
363996 365348
366485 366890
377409 377812
378450 378766
380152 380767
381331 382470
384984 385270
386682 390106
390267 390434
391934 393492
398160 408632
412710 414735
417267 417483
422678 422882
423775 425375
429284 430982
431523 432447
433523 434520
435820 437667
438580 438703
440741 441030
441637 441780
442866 443592
443797 444020
450758 450873
451416 452260
455542 456411
458309 458909
471181 473865
481399 481903
483572 483990
489526 489976
491087 491246
493837 493950
496109 496459
498135 498312
499775 499942
502903 503064
503259 503362
503701 520407
520482 522188
522739 523199
525041 526935
528206 530509
533045 533790
534350 534573
536831 536907
539392 539634
542135 542399
543015 544189
545514 545836
546360 546903
547499 548922
549300 549541
550369 550748
552744 553339
554379 554829
554955 555098
555447 555620
555759 561452
567606 571225
571812 572718
579294 579378
583153 650907
651448 653687
654298 654490
656171 661539
662745 664075
665343 665520
668638 669159
670222 670515
671754 672078
674350 674536
674689 674830
676069 676127
676714 677881
678469 679149
680113 683410
685977 686047
688813 690494
690667 690825
690927 691049
696951 697075
697669 698029
700590 700738
701267 702249
703037 703264
704923 706121
707522 709649
710861 711646
712242 712407
714280 714352
715157 716384
719656 720131
720891 721693
724422 724663
725248 725420
727556 728269
733236 734115
735233 735619
737714 738388
739315 741426
742948 743003
753209 755643
757823 758597
761652 761794
765807 766217
768507 768715
769292 769430
769685 769858
770073 773887
779731 780053
784308 784388
786173 786858
787823 788080
788476 788874
789622 790128
790795 791142
791728 791832
792860 794425
796870 797009
797962 801589
806006 806087
809352 809812
811159 811563
814925 815003
817413 817648
820891 821029
821237 821437
821638 826073
826684 827336
828981 842743
846571 847073
848229 850339
851906 853744
Bacteroides_sp_4_3_47FAA_gi_345651628_ref_NZ_
1 1748
Bacteroides_sp_4_3_47FAA_gi_345651639_ref_NZ_
1 10071
10458 12211
12367 36084
36628 37058
38047 38118
38677 39830
40882 41689
45951 46477
Bacteroides_sp_4_3_47FAA_gi_345651620_ref_NZ_
1 4702
6513 7902
14278 15863
20465 21110
22152 22456
30039 30263
31067 31292
31828 32144
33433 36596
37773 107292
108285 109153
109709 110101
111734 111971
114428 114664
115967 124523
126436 126984
131175 132136
Bacteroides_sp_4_3_47FAA_gi_345651625_ref_NZ_
1 10387
10811 11033
11268 11470
18018 20129
20685 21527
22546 23972
24114 26921
27789 29969
30145 30365
30506 38558
38755 43124
43248 43478
43612 44104
44407 58500
61363 63747
64049 64182
64560 65268
65480 65652
66270 82043
82809 83231
84138 84274
84901 85048
85768 90520
90739 90986
91200 99394
99463 99706
99814 100028
100118 100319
100585 101383
101709 118584
120128 122673
123212 130410
130589 130717
130871 131053
131496 137194
138312 138601
140153 140299
141150 142794
147993 148157
154445 155102
159656 159728
167082 167940
173274 174930
175505 177343
179975 180902
181602 181945
183590 184538
186940 187346
188538 188618
189199 189712
195452 207903
210127 210598
212542 214315
215747 215867
216883 217559
218502 219533
222845 222991
225470 226000
226530 228222
228823 229390
230238 230985
232337 232846
234020 235125
235683 236068
236665 237021
237671 240638
242266 244410
247978 248056
250600 250693
254653 254811
257041 258622
259770 259972
260039 260771
260999 261204
261768 263102
264993 265132
266209 266540
269481 269655
270158 270576
271948 272741
273245 273461
274184 275590
277672 278300
279531 279829
280403 281207
282938 286990
Bacteroides_sp_4_3_47FAA_gi_345651633_ref_NZ_
1 2275
Bacteroides_sp_4_3_47FAA_gi_345651645_ref_NZ_
1 1218
