Bacteroides_sp_4_3_47FAA_gi_345651613_ref_NZ_
1 86914
87575 140488
Bacteroides_sp_4_3_47FAA_gi_345651616_ref_NZ_
1 68063
73505 73731
79312 82480
105150 157795
158599 175995
Bacteroides_sp_4_3_47FAA_gi_345651630_ref_NZ_
1 23502
24063 24348
29804 32249
32423 33357
35732 35849
Bacteroides_sp_4_3_47FAA_gi_345651626_ref_NZ_
1 53114
Bacteroides_sp_4_3_47FAA_gi_345651623_ref_NZ_
1 10015
29001 143951
159812 231607
233180 233342
255365 260322
266322 272496
305654 305905
Bacteroides_sp_4_3_47FAA_gi_345651611_ref_NZ_
1 26306
81456 81735
95188 117496
137950 147999
149374 179051
179624 203894
Bacteroides_sp_4_3_47FAA_gi_345651614_ref_NZ_
1 13139
35181 79548
81233 86633
Bacteroides_sp_4_3_47FAA_gi_345651617_ref_NZ_
1 73543
Bacteroides_sp_4_3_47FAA_gi_345651621_ref_NZ_
1 9252
Bacteroides_sp_4_3_47FAA_gi_345651642_ref_NZ_
1 981
6576 85207
86410 101459
103218 103445
118026 118702
123677 134302
173046 175788
204127 207117
213351 213715
256910 257219
259591 260088
263708 263933
274872 369332
Bacteroides_sp_4_3_47FAA_gi_345651635_ref_NZ_
1 10622
Bacteroides_sp_4_3_47FAA_gi_345651638_ref_NZ_
1 16081
Bacteroides_sp_4_3_47FAA_gi_345651615_ref_NZ_
1 38806
66106 66918
67578 69844
70562 79655
120984 130091
130377 130509
131337 152695
Bacteroides_sp_4_3_47FAA_gi_345651647_ref_NZ_
1 4212
4740 58368
Bacteroides_sp_4_3_47FAA_gi_345651646_ref_NZ_
1 3613
Bacteroides_sp_4_3_47FAA_gi_345651637_ref_NZ_
1 16747
Bacteroides_sp_4_3_47FAA_gi_345651610_ref_NZ_
1 7943
44783 45093
54093 121180
145166 145254
159527 159900
160491 194701
209607 209880
Bacteroides_sp_4_3_47FAA_gi_345651618_ref_NZ_
1 21270
36213 51115
51803 55837
57679 57870
58062 64745
65136 68973
71920 72520
73875 75240
Bacteroides_sp_4_3_47FAA_gi_345651624_ref_NZ_
1 827
Bacteroides_sp_4_3_47FAA_gi_345651644_ref_NZ_
1 1237
Bacteroides_sp_4_3_47FAA_gi_345651641_ref_NZ_
1 16705
26126 26488
Bacteroides_sp_4_3_47FAA_gi_345651627_ref_NZ_
1 494
1115 1214
2378 75269
Bacteroides_sp_4_3_47FAA_gi_345651609_ref_NZ_
1 52242
64086 94933
99939 102872
110623 111578
116474 137616
168103 168923
182641 218746
220655 248500
259127 259290
269693 272142
355637 358483
457358 457587
473579 588037
601258 601456
607940 621199
629652 629932
633272 694883
695658 703564
707704 719516
719822 726255
726642 727018
728889 732666
733073 768899
769710 779939
Bacteroides_sp_4_3_47FAA_gi_345651631_ref_NZ_
668 895
4781 5254
5422 5728
Bacteroides_sp_4_3_47FAA_gi_345651643_ref_NZ_
1 1511
Bacteroides_sp_4_3_47FAA_gi_345651634_ref_NZ_
1 34533
45939 46042
51546 63968
67359 76836
80331 80569
81030 81818
82874 83284
83752 84396
85108 86554
88866 89113
Bacteroides_sp_4_3_47FAA_gi_345651640_ref_NZ_
1 29082
29841 45033
50772 51348
77690 78290
94540 95931
98098 98767
102117 128827
128916 130162
157910 162438
189297 203273
243214 243515
287590 343406
Bacteroides_sp_4_3_47FAA_gi_345651629_ref_NZ_
1 8436
13515 98842
110428 264316
289191 289337
Bacteroides_sp_4_3_47FAA_gi_345651612_ref_NZ_
1 4075
15693 60817
75878 144484
144950 168895
223371 236076
252383 252496
Bacteroides_sp_4_3_47FAA_gi_345651632_ref_NZ_
1 3606
Bacteroides_sp_4_3_47FAA_gi_345651636_ref_NZ_
1 52068
67584 86878
87628 115629
Bacteroides_sp_4_3_47FAA_gi_345651622_ref_NZ_
1 7653
8164 32857
44264 44657
50905 111664
112845 136500
Bacteroides_sp_4_3_47FAA_gi_345651619_ref_NZ_
10217 11115
14803 68340
74894 189671
189758 191459
192743 208733
249065 250658
259173 261711
268525 280236
281919 281996
303683 304295
343367 352339
387776 388046
398498 412863
430656 430920
451416 451743
458909 472555
472721 472844
473634 517978
519136 539634
542284 544013
546359 548511
555020 555072
567638 570846
585847 650699
656171 691951
715200 716120
733661 798513
821568 853744
Bacteroides_sp_4_3_47FAA_gi_345651628_ref_NZ_
1 1748
Bacteroides_sp_4_3_47FAA_gi_345651639_ref_NZ_
1 12199
12367 16344
18499 35137
46337 46477
Bacteroides_sp_4_3_47FAA_gi_345651620_ref_NZ_
1 132136
Bacteroides_sp_4_3_47FAA_gi_345651625_ref_NZ_
1 255
2830 5783
28306 33102
35668 56763
58301 58500
61387 62908
66383 86894
87656 88761
89708 89943
91892 96705
97359 99906
100585 101379
101941 103063
103911 104104
105088 108225
108960 131019
132004 132277
136030 137194
175294 212795
214349 239876
281133 281186
282938 283941
284990 286990
Bacteroides_sp_4_3_47FAA_gi_345651633_ref_NZ_
1 2275
Bacteroides_sp_4_3_47FAA_gi_345651645_ref_NZ_
1 1218
