Streptococcus_infantis_X_gi_417936486_ref_NZ_
1 669
1291 2022
2274 2967
3508 3752
4124 4421
4618 4836
4917 5996
Streptococcus_infantis_X_gi_417937259_ref_NZ_
1 5077
5699 6250
6851 10178
10288 10621
11411 11851
12917 13422
14774 14904
15450 16086
16471 16991
18779 20669
22136 22334
22978 23524
24324 25439
25568 30181
31113 31199
31682 34752
36594 37239
37421 37580
37680 38156
38721 38831
39684 39799
41372 41700
42349 44428
44624 45957
46689 48747
49688 49815
50692 51723
52025 52958
53058 53898
54525 55924
56171 56309
56564 57000
58984 59645
59775 61421
61962 65116
65938 70003
70103 70406
71002 72871
73749 73901
74025 76263
77174 78824
79753 80707
80947 81309
85047 85427
88441 89428
90376 90551
91156 91636
92091 93014
94524 95098
96773 97472
98065 99048
99265 100607
101610 101726
103404 103832
106930 107353
108768 109117
109850 110906
111765 111854
Streptococcus_infantis_X_gi_417936664_ref_NZ_
1 7594
8422 8596
8663 8748
11172 11846
12780 16226
16345 16449
16557 19234
19796 23179
23294 24436
24544 27379
27922 29600
31685 34111
34672 35098
36882 42782
43972 49352
49592 52905
53224 53381
54482 55621
55894 55964
56874 57199
58087 58788
59345 60845
62482 63837
64422 67648
68175 69401
69493 69924
70432 70669
71924 72012
72670 72826
74414 75881
77733 77998
78160 78519
78707 83312
83412 85926
86361 86943
87565 89025
89723 89790
89866 90123
90562 90639
91036 92339
92744 92820
93107 96330
Streptococcus_infantis_X_gi_417936382_ref_NZ_
1 311
1085 7483
8287 12261
13216 13736
15073 17003
17337 17431
20188 21038
21827 22263
22973 23619
24278 24886
25430 26463
27062 27196
27894 27999
28224 29077
29872 31158
32057 34674
Streptococcus_infantis_X_gi_417936620_ref_NZ_
1 1809
1986 2651
5940 6208
6417 6603
7509 8866
9448 9583
9741 9864
10209 11492
13711 13936
15187 15315
16055 16221
17360 17729
18310 18506
18795 18875
19338 19521
20418 21373
21992 22454
23003 27637
29332 29704
30348 30456
31109 32535
33533 33951
Streptococcus_infantis_X_gi_417936492_ref_NZ_
1877 2267
2678 2838
3374 3907
5194 6254
6876 7840
11472 12812
12997 13114
13923 15159
17104 17239
18011 18404
20332 20861
21373 22829
23682 23794
24615 25377
26136 26649
27239 28758
29298 30392
30910 31114
31663 34112
34846 36120
37188 37477
37601 39045
40291 41036
41663 41774
43122 45621
46342 47089
48590 50048
52360 54726
55410 57192
57859 57939
59594 62721
63610 64773
65736 66589
66716 67601
69375 69424
Streptococcus_infantis_X_gi_417937140_ref_NZ_
1 1989
2222 2458
3762 7935
8747 9545
10590 10753
10958 11035
Streptococcus_infantis_X_gi_417936754_ref_NZ_
1 2130
2294 2589
3441 3551
4989 6698
7431 8054
8155 8671
10712 12742
13479 13969
15415 15522
15921 17002
17598 18262
19312 22195
22815 22886
23461 25957
26479 27864
28010 32998
33229 34198
34952 35039
35285 35337
35839 39298
39851 41066
41771 43282
44120 44366
44992 47380
48314 49643
50525 51077
52214 52483
54286 54636
55320 61112
61428 64352
64560 65721
69644 70647
71143 72313
73557 74286
75013 75857
77699 78174
78824 79252
79788 80523
80669 84351
84880 86988
88905 89876
90716 92115
93725 98507
99251 99316
99858 100718
101509 101898
102533 103036
104007 107427
108434 108780
109424 109624
109865 110110
110715 111630
112833 113157
114370 116041
117074 117166
117408 118587
119143 119203
119591 119689
119757 120227
121303 124681
125276 130537
130637 131898
133392 134513
137268 139485
139842 139918
140952 142386
144681 144940
145536 145805
147097 148533
150912 151023
152811 153317
153885 154698
155592 155744
157394 157617
158116 159509
160841 161088
161456 164164
164355 166837
166981 169377
169907 171333
171444 172226
173285 173694
174899 175763
177230 179263
180137 180462
181079 183492
184226 184389
185378 185783
188189 194756
194865 197527
198111 198350
199807 200273
205894 207495
208138 208912
210196 210771
210927 211139
212019 212251
213434 213621
214138 214487
214587 214737
215829 216668
216793 217126
217416 221617
224530 248412
249022 249681
251957 252183
254117 257404
257870 258750
259574 262176
262730 263503
264134 264758
265542 266303
266578 266716
267518 268861
269649 270586
271980 274107
275887 276664
278495 278874
280283 280607
281812 282071
282337 282489
282785 284043
284190 285801
286414 286821
287046 287465
288358 289327
290029 291492
291699 291801
292411 293033
293154 293550
293739 293970
295747 295799
297050 297290
297898 298395
299007 301070
301574 303765
304621 305660
306619 307028
307570 310878
311513 312977
313779 314040
316684 320159
320883 322434
322905 324481
324615 325354
325965 327079
328004 330918
332314 332859
333509 334738
335329 335861
336535 336808
337729 338900
340253 340606
342081 343908
344014 346524
347252 347924
348126 348781
349592 349976
352074 354536
354935 357355
358243 358337
358895 361400
362931 365366
366983 368597
369124 371076
373167 375003
375389 376476
376889 385518
389555 390426
392089 392537
393256 393398
393941 394147
394781 394953
395861 400948
Streptococcus_infantis_X_gi_417936483_ref_NZ_
1 967
Streptococcus_infantis_X_gi_417935460_ref_NZ_
1 5323
7532 8218
9176 10337
10500 12451
14684 15270
17269 17701
18206 18583
19161 20053
21085 22644
23930 24684
25551 25866
27358 28944
29862 30652
31266 38507
40124 40905
41456 42034
42829 44823
45073 48478
49068 52893
53039 53103
53498 54129
55293 90962
91187 91252
91384 93227
93446 93738
94101 94205
97708 98236
99107 103041
103206 103754
105472 106168
106937 108078
109279 110668
112864 113249
113995 114780
119760 123588
126288 127542
128689 128969
129477 130381
131249 131945
132390 136782
137382 139494
140095 140186
141642 141955
142264 142364
142786 142918
144113 144846
145673 149464
150180 152435
153395 153986
154558 156404
156658 156798
158337 158420
159038 162014
162567 162669
163872 163989
164560 165446
165979 166763
166878 167750
168722 170101
170696 171001
171722 172201
172856 173088
174339 174617
175435 179648
183057 184197
184832 185075
185939 189282
189844 190149
192527 192633
195008 195934
196703 197013
198255 198964
199498 199686
200625 201748
202950 203069
203825 203998
207580 210144
210648 210757
211660 212862
213169 214457
214557 215385
218200 218594
219355 221727
222171 223142
224471 224999
225403 225758
226289 226585
227808 228094
228446 229418
230548 230956
232131 236044
236906 237290
237819 240887
243430 243659
245138 245421
246865 247654
248201 249092
250561 250793
251341 254873
257121 257260
259941 260032
260171 260268
260835 261317
268049 268288
269060 269528
270346 270525
271239 271313
271716 272713
274275 274680
275635 276703
277306 277554
278367 281182
281372 283054
283783 283850
285021 285426
285879 285944
288023 288926
289693 290778
291493 291662
292738 295783
296159 296798
297496 299197
299610 299800
301061 306676
307476 309653
310610 311245
312546 314575
316197 321491
323438 327210
328372 328961
330033 330973
331624 333347
334825 335189
337229 338111
338210 339882
340404 341333
342901 343297
346075 348168
348959 350123
350586 351597
353595 354338
354642 356330
356907 358525
360138 360515
360672 361835
362496 365905
367069 368914
372743 373667
374222 375305
375517 375654
377889 378970
380649 381999
384537 386956
387079 387364
388101 390237
391743 393439
394096 394485
395033 395267
395370 395835
397184 397770
398427 398695
398813 401571
402149 403971
404210 405077
406033 411023
412176 414240
415256 415504
417523 418383
418729 418854
419530 419703
421068 421122
421222 423508
424499 426718
428744 429322
430859 431492
431708 431864
432438 433130
433296 433394
434329 435129
435306 436073
436746 439392
440689 441651
442197 444926
445513 449659
449764 449883
450467 450551
450648 451117
452114 453623
454249 454518
455156 457815
458353 459360
460152 460425
463851 464574
465184 465522
467988 470393
472281 472402
473182 473463
474118 476846
477380 478100
478257 478474
479996 480518
481106 483666
485570 486084
486226 486444
486578 488641
489399 491211
492262 492417
492983 493903
495480 498140
502954 503315
504257 508292
509675 516722
519292 521362
522070 522135
523197 523498
524028 524237
524511 528061
528763 530064
530420 530555
530731 533721
533906 534235
534388 539483
541733 543865
545846 549099
550405 550644
551206 553142
553523 553595
553986 554084
558148 558741
559468 560742
561757 562785
562975 564402
565841 566007
566180 568182
569366 570150
570799 573687
574211 580167
580771 586487
587528 595455
596117 596186
596741 597434
598492 599129
599838 605546
606386 607166
607911 608178
608636 609211
609632 609895
609992 612443
613721 616746
617706 617773
618338 628620
630389 630953
631602 632266
632849 633328
636200 637507
637691 637770
638310 640489
640598 640747
641547 643072
644352 647746
648390 652312
654097 656028
658911 660757
660858 661130
662837 665860
666032 666250
667090 670771
671001 679850
681067 681210
681655 683572
683682 683918
684902 685683
688174 688753
690479 692198
692723 692858
693804 694821
695384 696764
698177 698577
700107 700282
700571 712029
712621 714228
714348 721774
723511 724089
724427 725733
725933 727255
728037 728185
729903 730388
730762 731967
733289 736303
738085 739587
740112 741492
742812 753104
753226 758676
759236 759493
761099 761514
767384 767574
775398 777945
779961 780372
780471 780676
780972 781127
782029 782791
783482 784286
785358 786837
790234 790452
791168 795962
796942 799811
800479 800914
804048 804108
804193 805917
806039 806664
807742 812963
813180 814034
816697 817591
818798 818995
819898 820489
821031 821584
822439 823147
824349 824542
825218 826285
827366 828615
829255 830336
830778 832012
832591 832970
833198 833321
833875 833966
835282 835441
838695 840593
841175 844975
845936 846343
849419 849610
849809 850878
852930 854332
855890 856318
857617 858953
861472 861573
861708 863648
864389 864477
864995 865813
Streptococcus_infantis_X_gi_417936559_ref_NZ_
420 1851
2118 2727
3190 5609
5871 6357
6839 13764
Streptococcus_infantis_X_gi_417936587_ref_NZ_
1 228
341 589
795 3538
3841 7552
9547 11797
12623 12847
13032 13094
13636 14103
15374 15594
16406 20367
21781 22324
24043 24354
24454 25398
25536 25924
27609 28013
28394 29305
29637 32145
Streptococcus_infantis_X_gi_417936380_ref_NZ_
1 1688
Streptococcus_infantis_X_gi_417937154_ref_NZ_
1 1552
1672 2812
4284 4631
5497 5774
5933 6173
6943 7185
7371 9683
10276 10743
12639 14115
14785 15346
17418 18060
19109 20002
20541 21154
21876 22794
23386 24805
25432 26216
26621 28273
29085 29622
30277 32239
33205 35101
36630 36742
37487 39683
40400 42248
44042 47143
47521 47676
49342 51631
52211 52550
53476 53530
54464 54889
55493 55686
56537 56837
58225 58756
58901 60356
61783 62911
63827 64290
64800 65305
66444 69975
70645 74437
77402 79224
79736 79797
80503 80722
82378 86413
86965 91518
Streptococcus_infantis_X_gi_417936421_ref_NZ_
1 5013
5605 5936
7900 10036
10148 10205
10940 14754
14848 15139
15834 17529
17670 18577
19755 21526
22248 22366
22587 23161
24144 24701
25325 27041
27567 28335
28885 29051
30274 30517
33305 33900
34317 34442
36209 37430
40221 41633
43604 43948
45330 45437
46236 46710
47268 47348
48016 52535
53011 57537
58082 60192
61782 62807
63917 64569
65144 65460
65598 65762
66400 67030
67847 68466
68986 72680
Streptococcus_infantis_X_gi_417937379_ref_NZ_
1 1208
1581 1859
2455 2655
3276 3551
4797 6000
7049 11732
12249 14144
14632 15279
16263 20430
25200 26386
