Streptococcus_infantis_X_gi_417936486_ref_NZ_
2636 2774
4984 5996
Streptococcus_infantis_X_gi_417937259_ref_NZ_
1 7693
10721 12092
25257 25436
36546 37580
38721 38831
40355 44343
44637 45396
47025 47511
60040 70289
70597 72998
74025 78739
99270 100837
Streptococcus_infantis_X_gi_417936664_ref_NZ_
1 3819
12780 12893
13023 16360
16541 20568
20693 23184
23343 24439
24642 29775
30478 32688
32917 34558
40670 42506
44447 48083
57653 57766
58617 59286
59584 69170
69257 74137
75218 78370
78985 85926
86493 88732
89866 90308
90624 91089
91209 96330
Streptococcus_infantis_X_gi_417936382_ref_NZ_
1 311
1085 1229
2933 14367
32320 34064
Streptococcus_infantis_X_gi_417936620_ref_NZ_
1 2789
5940 6212
6545 6644
7748 8271
15415 16171
22665 28969
Streptococcus_infantis_X_gi_417936492_ref_NZ_
7949 8071
29619 36074
69375 69424
Streptococcus_infantis_X_gi_417937140_ref_NZ_
1 2458
4376 8731
9718 10046
Streptococcus_infantis_X_gi_417936754_ref_NZ_
23043 23671
27788 27853
28145 32994
40135 40391
40602 41553
41856 42683
45151 50326
50686 53036
53528 64374
64533 65721
77353 80532
80738 89154
93247 98242
99378 99999
102028 102433
102628 103483
138843 138951
151077 151126
152811 153257
161425 164180
164355 172520
195629 198930
211386 216303
216793 219067
220050 220842
221238 221617
224530 248214
248672 249101
249553 249668
251957 252183
257596 257986
266417 266753
267791 270560
271979 274107
283590 284043
284190 287331
291435 291540
302378 302947
304033 304146
304686 306951
308550 309899
310187 310753
313313 322746
323583 327551
335851 336586
337309 338818
346441 347094
349716 349963
351104 351226
352074 357355
368685 368988
376889 384053
396133 400948
Streptococcus_infantis_X_gi_417936483_ref_NZ_
1 967
Streptococcus_infantis_X_gi_417935460_ref_NZ_
1 723
1618 1956
2580 5061
7418 8312
8870 9076
27192 44823
45073 52885
55231 90962
91385 93227
120927 125221
126030 131089
132390 137462
138245 138740
138914 139052
145767 152649
152882 158492
171855 171965
183144 184433
208421 211796
213525 213724
222600 222789
225934 226189
226944 227592
236954 237749
238227 240982
250743 251634
251860 251962
252896 253541
254233 254581
268782 268937
275479 275535
285945 290778
292125 294348
295181 295783
296596 328476
329109 330041
354126 354266
360672 361344
376577 377499
400771 400832
402387 403971
405086 411032
411570 414477
416500 417202
418866 423569
426463 426718
431985 432243
452323 458124
477848 478100
478349 479382
480188 482630
492406 497180
515554 521803
522558 525768
526614 528469
528975 529339
530420 530502
537463 539601
564327 565100
566964 569977
570895 581257
581907 584075
584320 590532
591092 595204
595601 596815
597623 607166
608677 614312
616342 619666
620384 623277
623377 627508
655060 666250
666345 670774
670959 680967
681655 685683
690094 693141
693804 697909
698456 699466
700294 707402
708510 721923
723511 723927
725933 726878
732398 736424
737020 741273
743519 753103
753247 757152
757728 761514
761898 765031
765526 767284
780480 780755
786732 788785
790163 794563
804193 806030
807157 808029
819307 821652
822544 824879
829201 831057
849916 850777
Streptococcus_infantis_X_gi_417936559_ref_NZ_
303 2727
3190 5609
5871 13764
Streptococcus_infantis_X_gi_417936587_ref_NZ_
221 589
791 3417
22772 24110
26087 32145
Streptococcus_infantis_X_gi_417936380_ref_NZ_
1 1688
Streptococcus_infantis_X_gi_417937154_ref_NZ_
14978 15098
15274 17418
18247 19513
20477 22132
23572 24746
25432 27364
56537 56837
58627 60356
61796 62792
63134 65941
67240 73517
74767 75422
80227 80362
81016 91518
Streptococcus_infantis_X_gi_417936421_ref_NZ_
1 4438
8235 10051
10143 14652
15614 23599
27225 28806
47091 50668
50953 52535
53011 58774
59530 61543
61782 62947
63898 72680
Streptococcus_infantis_X_gi_417937379_ref_NZ_
1 2854
3739 3853
4049 10291
10492 11549
20162 20342
