Streptococcus_infantis_X_gi_417936486_ref_NZ_
83 5996
Streptococcus_infantis_X_gi_417937259_ref_NZ_
1 13587
13823 15314
15469 19080
19504 21528
21623 32613
33807 34050
34134 44984
45100 45292
45448 46040
46147 47036
47182 51210
51352 54221
54307 55951
56088 56946
57052 58050
58252 72473
72756 80755
80884 82644
82810 84141
84878 88421
88567 90370
90543 93254
93759 98543
98667 107364
108661 111854
Streptococcus_infantis_X_gi_417936664_ref_NZ_
1 17189
17287 27223
27318 27566
27680 29345
29712 30417
30690 33850
34073 35182
35797 48603
48696 52471
52697 60146
60400 60920
61200 62985
63139 64834
64923 66074
66215 81605
81729 83452
83577 86821
86953 89073
89612 96330
Streptococcus_infantis_X_gi_417936382_ref_NZ_
1 1892
2069 6427
6751 7419
7529 8905
9546 9865
10076 11380
11500 11625
11755 13784
14065 15737
15910 16899
17050 19452
20140 29817
30348 31767
32057 32210
32503 33863
34028 34834
Streptococcus_infantis_X_gi_417936620_ref_NZ_
1 2789
5940 7255
7855 8953
9336 11656
12193 12803
13377 16966
17471 31133
31366 32132
32275 33951
Streptococcus_infantis_X_gi_417936492_ref_NZ_
1 7938
8091 18006
18228 25433
25777 45720
46235 46356
46499 52413
52928 55989
56090 57188
57481 57948
58065 58856
59398 60123
60210 62687
62980 69424
Streptococcus_infantis_X_gi_417937140_ref_NZ_
1 8160
8302 9834
9970 10451
10590 10894
10997 11115
Streptococcus_infantis_X_gi_417936754_ref_NZ_
1 5724
5894 10399
10642 12812
12971 14440
15246 35385
35476 39376
39615 40844
41002 41162
41527 45897
46403 49151
49449 52348
52515 77835
78089 87506
88082 89384
89688 95094
95243 100172
100359 102639
102816 106824
106931 107983
108122 108447
108569 111951
112023 118371
118535 126526
126671 132693
132932 133035
133214 143049
143186 145408
145536 150223
150798 152145
152458 153947
154057 173926
174358 177891
177970 182688
183284 186999
187111 191359
192517 193498
193941 199064
199197 203997
204602 212163
212855 213597
213770 219081
220449 221617
224510 249681
251957 252746
252922 255533
255738 258114
258386 263011
263200 270763
270870 274382
274617 274680
274810 277669
278584 278674
278883 279444
280057 284043
284190 289443
289954 295847
296359 296557
296690 303231
303392 303590
303817 306479
306591 317352
317499 319679
319815 320327
320647 324481
324559 326177
326438 331743
331864 334002
334100 334309
334481 339267
340006 353749
354054 354540
354830 358089
358194 362553
362677 365395
365922 367917
368140 368231
368401 368903
369012 369306
369468 370368
370680 375292
375866 376734
376889 392354
392467 400948
Streptococcus_infantis_X_gi_417936483_ref_NZ_
1 122
228 873
Streptococcus_infantis_X_gi_417935460_ref_NZ_
1 6105
6547 13500
14040 18463
18681 33011
33302 34994
35145 35330
36039 37763
38277 41923
42056 50842
51016 53489
53707 90962
91086 94253
94475 95675
96257 96474
97475 110341
110481 114662
114832 115335
115600 118190
118468 119499
119616 122205
122335 124459
125076 125518
125671 136880
137184 139648
140151 144894
145039 151986
152116 152574
152727 153913
154035 165546
165800 179147
179778 180633
181745 190636
190832 205097
205342 205583
205822 211455
211660 228871
228977 229049
229192 243197
243430 245166
245294 249769
250296 252720
252896 255600
255708 255852
255983 256171
256296 256654
256926 257051
257148 267478
267845 270054
270125 273925
274291 274807
275013 277602
278319 278583
279174 281293
281409 282638
282882 285944
286274 288115
288321 293677
294031 294122
294574 311222
311774 312312
312715 315082
315618 320544
321470 322720
323786 326231
326540 328272
329065 343317
343430 344031
344558 345630
345900 353166
353548 359413
360216 360585
360672 361753
362031 362326
362448 363560
364186 365039
365824 375109
375290 376346
376523 386344
386857 388179
388684 389029
389438 395886
396079 396312
397028 397795
397998 398473
398664 400168
400748 400927
401597 407571
407703 414630
414809 415641
415793 417452
417571 417868
418021 420465
420537 422684
422750 423683
423925 424053
424219 434315
435041 436151
438208 439365
439707 441450
441702 442072
442228 452773
452885 453053
453243 454268
454432 455485
455577 456531
456653 457946
458113 458744
459093 460933
461662 463186
463293 463909
464055 464179
464314 465999
466571 471530
472083 472261
472437 474453
474952 476923
477037 477279
477650 480952
481340 481591
481847 484754
485383 487044
487206 511793
512085 517490
517741 519672
519837 520545
520755 523258
523359 529110
529247 533782
534340 536017
537217 539022
539182 541700
543016 544064
545405 545911
546193 555058
555892 556891
557029 557270
557459 559790
559909 570490
570737 575941
577710 578208
579027 581413
581652 583971
584136 587476
587766 594257
594651 595022
595140 603653
603876 604318
604413 606980
607217 618505
618648 619044
619345 628620
628840 628989
629102 629239
629567 629965
630248 635305
635558 644155
644238 647188
647291 647428
647691 647924
648140 649976
650397 654653
654912 657719
658724 661226
661851 662457
663090 672037
672107 672556
673685 674184
675075 675632
676382 678255
678908 679517
679746 681961
682634 683040
684026 686634
687197 689831
690094 690191
690449 692765
692978 697226
697718 698760
698927 700281
700383 701616
701687 702300
702532 702606
702728 707402
707727 711171
711329 712866
713192 713275
713433 713786
714019 718617
718870 722807
723484 724347
724523 724578
725195 725331
725699 725842
725933 726878
727149 728299
729167 729288
729761 729956
730131 731400
731982 735730
735849 736258
736424 737543
737986 741883
742076 743724
743855 746830
747501 750967
751063 752196
752511 757507
757578 759622
760159 761846
765469 766143
766721 767053
767488 767568
775216 781363
781440 782021
782625 784009
784182 785108
785226 788785
789112 789298
789705 791408
792574 795739
796007 796185
796504 799254
799568 800892
801000 801516
801967 802069
802210 802352
802490 804340
804457 809708
810276 814759
815328 815551
815705 816078
816280 818544
818738 820721
820983 821699
822034 822140
822388 825000
825170 826285
826978 837019
837737 840653
840934 848442
848548 852934
853815 859893
860219 862525
863136 865905
Streptococcus_infantis_X_gi_417936559_ref_NZ_
1 2727
3190 13764
Streptococcus_infantis_X_gi_417936587_ref_NZ_
1 7592
7940 9729
10773 11933
12147 14916
15047 17980
18161 27976
28538 29185
29387 32145
Streptococcus_infantis_X_gi_417936380_ref_NZ_
1 1688
Streptococcus_infantis_X_gi_417937154_ref_NZ_
1 673
1022 5279
5497 8685
8849 24749
25432 27151
27439 38683
38966 40344
41049 44009
44272 48279
48426 48854
49009 64296
64715 64824
64980 75742
76232 77063
77207 81084
81413 81501
81644 87450
87620 91518
Streptococcus_infantis_X_gi_417936421_ref_NZ_
1 7917
8140 8255
8402 13981
14124 18916
19080 30674
33215 35240
35463 39120
39232 41366
41575 42448
42520 50316
50521 52584
52781 53455
53757 53840
54059 55328
55599 63633
63839 65161
65275 67668
67781 72680
Streptococcus_infantis_X_gi_417937379_ref_NZ_
1 2630
2789 3400
3567 10859
11173 11790
11899 13026
13906 18177
18943 26386
