Streptococcus_infantis_X_gi_417936486_ref_NZ_
5906 5996
Streptococcus_infantis_X_gi_417937259_ref_NZ_
1 4824
5350 5775
6978 7246
9215 9602
10721 11828
15356 15870
17555 17854
18487 19161
25257 26381
27589 29142
29777 30108
31391 32310
34578 37043
38721 38831
40957 41183
43138 44363
44637 45263
49408 50577
52062 54117
55311 55556
57072 61851
62553 70289
71740 72471
73481 73683
74025 76364
78220 78373
79334 79510
80011 80115
82655 82966
84242 84752
88322 88866
90370 90635
94211 94730
96419 96805
97310 97965
102010 102108
104426 104609
105285 105658
108665 109115
Streptococcus_infantis_X_gi_417936664_ref_NZ_
1 8270
12833 16220
16367 19969
20703 23179
23280 24440
24636 24900
25560 25661
26015 27308
28010 28223
31269 34222
35958 36277
39562 42194
44448 50434
51115 53743
54679 55323
59490 59698
60511 61451
62624 63390
64069 65892
67831 68019
69077 69170
69257 70669
73065 73792
75358 76605
77305 77532
78934 80141
80794 80972
83503 85967
86746 87112
90538 91089
91418 96330
Streptococcus_infantis_X_gi_417936382_ref_NZ_
992 2447
4083 4383
4487 7469
9883 11817
12390 17047
26024 27155
28055 29108
30191 30693
31196 31365
32057 34202
Streptococcus_infantis_X_gi_417936620_ref_NZ_
1 1809
1986 5450
5975 6208
6287 6705
7311 7762
14854 15218
16806 16962
17471 18497
21891 22516
23452 26392
27551 27807
29599 29813
31521 31920
33525 33751
Streptococcus_infantis_X_gi_417936492_ref_NZ_
2886 3131
4131 5091
5795 5924
8913 9502
10299 11955
12998 13356
15066 15748
26045 26260
28032 28617
35207 36581
37088 38744
45772 45949
46708 47513
48885 50813
54411 55426
56853 57225
59631 62524
64046 64232
66794 67914
69375 69424
Streptococcus_infantis_X_gi_417937140_ref_NZ_
1 2914
3718 4838
5587 8443
9212 9575
10929 11015
Streptococcus_infantis_X_gi_417936754_ref_NZ_
12555 13302
14130 14261
16448 16794
18085 18309
23621 23812
24660 24945
27679 27853
28145 32785
34053 34340
39770 41184
42442 44489
45366 45756
46541 46866
52202 52350
55919 58946
59327 65721
71987 72420
73338 73624
74136 74936
76997 77386
79533 80532
80663 84581
85098 88394
91993 94613
95049 99402
99992 100653
101859 102195
102672 104907
105986 106509
107311 107999
110545 111001
117266 117964
119397 119581
119757 120586
121111 122973
125308 127529
128039 131563
132942 133244
135431 135636
137238 137444
142954 143578
144167 144581
152831 153297
153843 154547
157982 158929
161364 164180
164355 167459
168255 169473
170083 171301
171813 172321
176611 179249
179858 181734
186560 187029
187129 189999
193598 194560
195168 197550
198202 198450
199061 199294
201735 202634
203537 203986
208423 208620
211386 212543
214577 214825
216795 218461
221046 221617
224530 236606
237867 248214
249494 249668
251957 252183
253897 254165
257537 257937
258801 259096
260830 261082
261906 261989
264153 265248
267469 270269
271265 274107
276060 276154
279690 280001
281389 281788
283145 284043
284190 285719
286287 286812
288313 289284
290551 290732
293275 293594
293734 294048
296009 297279
300045 301272
301933 302331
304448 305442
306619 307142
309335 311412
313699 314003
318843 320038
320813 322434
323274 324481
324621 325141
326223 326467
328562 328771
329422 329866
330928 332164
333709 334662
335506 336908
337654 337769
338504 338872
343414 343742
344895 347094
348373 348804
348926 349930
352074 357355
358026 363498
364104 367061
367912 368563
369564 369766
374317 385165
393893 394191
396078 400948
Streptococcus_infantis_X_gi_417936483_ref_NZ_
1 967
Streptococcus_infantis_X_gi_417935460_ref_NZ_
249 1232
1747 1798
2602 3072
3971 5323
5405 6083
9969 11604
14720 14929
16136 16521
17478 18038
19151 21099
22660 23267
24088 26714
27398 28406
29301 29986
31961 35169
35921 36615
36925 39296
40039 40494
45531 52885
54732 54908
55293 90962
91174 93578
98981 99447
101321 101493
102070 102581
109338 109856
111040 111655
115041 115270
116495 117161
117902 118732
119501 120854
121081 123472
126262 128152
128768 130236
131872 137604
138956 139644
140314 140455
142031 142082
143827 145507
145744 145809
146540 151870
153914 154621
155675 156348
157545 157621
158338 158426
159562 160076
168301 169721
173202 173430
175443 179082
180027 180695
181749 182905
183682 185000
185757 189271
191863 192155
195991 196181
197343 198186
203674 203725
204967 205579
206395 210609
211116 211796
213310 214457
218531 219569
220819 220962
222822 223100
225867 226495
228474 229069
230047 230416
231085 234295
235166 235764
237152 237404
238175 240161
243430 245038
245602 246246
246782 248456
249322 249577
252332 252690
252896 253540
258947 259094
259739 260090
260892 260964
262074 264572
267760 268100
269900 269974
271947 273904
276412 276732
277308 277526
279821 280571
282658 283362
285425 285944
286739 290778
292602 295783
296733 299201
299701 300454
301116 304173
308517 308640
308855 309653
311274 327475
328169 330033
334170 334662
339742 339882
340460 340745
342250 342780
343434 343806
346279 347001
350584 351422
353465 353520
354179 355373
356783 357326
357983 358205
360672 361344
362613 363114
368678 368971
370201 370533
373010 374965
375510 375954
376469 376698
380005 380615
386035 386797
391378 392775
393284 393893
398243 400759
400831 400927
402387 403971
406182 410087
410633 411032
411648 411826
422488 422782
423339 423663
425442 426718
433316 433368
434712 435873
438359 439311
440079 440637
441202 441529
442124 442176
443151 443283
450746 450825
451369 456646
457156 457343
458232 458609
462666 463383
464710 464865
467374 470265
471421 471594
474097 475460
476204 476919
477848 478100
478486 479491
481443 483719
484404 484738
485412 486084
486284 486488
487236 487954
488532 488987
492667 492745
493373 497914
498139 499179
504273 507098
510427 512953
515213 515514
516690 517486
519292 521843
522657 523835
524622 525768
526138 527022
527532 528828
530420 530692
531050 533778
534344 539491
546738 547087
550536 552507
556067 556436
557888 559300
561795 562785
562975 564596
565423 568062
569069 573400
574304 576255
582934 583856
584320 586985
587489 594677
595288 598322
598492 607166
608164 608245
608636 609895
610052 613541
614209 614586
617381 617629
618307 623022
623377 629042
629545 632139
637372 637927
638765 640263
641893 642201
645077 645701
647084 651799
653976 660757
660837 661116
663094 666250
667090 670771
671435 674134
676317 680334
683783 683974
684902 685692
686176 686432
688566 689486
690088 693089
693804 694316
695524 696661
700109 700281
701031 702935
704108 707402
708374 713969
714625 722851
722970 724099
724636 724954
725933 726878
731760 732110
732243 735660
737074 737373
738759 741273
742309 742363
744420 749307
750025 753087
753251 758167
759376 759703
760941 761419
767310 767545
775585 776481
777474 777965
779268 779447
780494 780676
782555 782835
785349 786986
788321 793844
796522 799851
801687 801807
803130 803593
804747 805926
806037 807719
808081 809433
810276 810405
811210 818270
819453 820072
822446 823209
824027 824242
829408 830678
830950 831057
832658 832889
834108 834299
834849 835066
836068 837015
838005 839163
840941 845054
845621 845735
849560 849610
849777 850879
851685 852175
852893 853165
854716 855029
856454 856556
857098 857164
862535 863805
865319 865905
Streptococcus_infantis_X_gi_417936559_ref_NZ_
1 2727
3190 5609
5871 6357
6511 13764
Streptococcus_infantis_X_gi_417936587_ref_NZ_
1 102
797 3496
3841 4611
5500 7536
14208 14455
15123 17609
18463 21177
24273 24553
27385 28018
28539 32145
Streptococcus_infantis_X_gi_417936380_ref_NZ_
1 1688
Streptococcus_infantis_X_gi_417937154_ref_NZ_
1 1554
2060 2845
4240 4411
5497 5881
7956 8885
11872 12168
14302 14398
15154 15633
16873 17579
19125 19459
23092 27364
29417 30314
30831 32149
33277 33530
34942 35178
38299 38652
39710 40355
42156 42255
44798 49242
51103 51318
55902 56126
56537 56837
58496 63002
63574 64243
64794 70554
70708 73615
74523 74577
78674 78956
82632 85306
86521 88870
89520 91518
Streptococcus_infantis_X_gi_417936421_ref_NZ_
1 1912
3241 4791
7244 8681
12115 14097
14660 16037
16392 17215
17384 17532
17626 22109
23616 23939
29485 29614
37208 37600
41291 41641
45917 52535
52758 55918
56626 57209
57721 59425
61450 62990
65533 65612
65769 66083
67720 68338
69112 72680
Streptococcus_infantis_X_gi_417937379_ref_NZ_
1 1514
4002 4546
5236 5463
7178 9767
11091 11548
14705 15223
16542 17826
20154 20308
23895 24192
25754 26386
