Bacteroides_capillosus_gi_146386150_ref_NZ_
1 2311351
2311615 2578794
2588546 2588871
2590717 2591613
2592121 2592497
2593294 2597452
2599426 2599854
2600921 2601721
2602279 2606839
2607959 2608156
2610809 2611451
2614798 2621487
2627080 2634042
2634799 2637401
2637952 2639772
2641100 2641566
2652243 2653092
2653655 2654830
2656980 2657102
2657691 2854632
2855347 2856462
2857323 2978686
2978984 2979075
2979278 4007897
4008601 4009080
4009257 4010743
4011318 4068314
4068396 4120129
4120262 4241076
