Bacteroides_capillosus_gi_146386150_ref_NZ_
1 2168463
2168649 2311369
2311615 2578461
2578593 2578839
2579083 2579249
2579796 2580040
2580165 2581978
2582169 2583292
2584115 2584279
2584573 2584827
2585016 2585596
2586018 2586185
2586269 2586455
2586612 2586805
2588162 2588861
2589069 2589225
2589380 2589593
2589788 2592305
2592450 2592579
2592788 2593021
2593090 2593686
2594076 2594213
2594291 2594525
2594639 2598046
2598580 2600200
2600514 2606484
2606743 2606878
2606993 2607215
2607319 2609466
2609914 2611746
2611858 2612060
2612269 2613331
2613941 2622710
2624325 2625663
2627010 2628066
2628459 2628602
2628750 2628884
2631008 2631194
2631341 2631472
2632058 2645336
2645845 2647365
2647868 2649742
2650376 2650733
2652054 3783341
3783546 3784478
3784780 4241076
