Weissella_koreensis_KACC_15510_gi_339633914_ref_NC_
14026 14299
15337 15704
20507 20869
22710 22838
29579 29984
30862 31266
35245 35352
37059 37425
38261 38338
40379 40875
42812 42878
43669 43880
53988 54075
58299 58815
59985 60085
62151 62405
63931 64000
67316 67384
69972 70321
76895 77259
78175 78241
89322 89619
103664 104465
107759 108685
110065 110168
112116 112487
115604 115858
118743 119320
120475 120550
121675 122270
124107 124360
126089 126151
126943 127011
127914 128388
133283 133349
135572 135632
141313 141363
146045 146095
146857 147077
151872 151926
159573 159623
160840 161296
165047 165733
167902 168418
169153 169497
170037 170350
172286 172355
173625 173702
177741 177968
183029 183442
193789 194281
195775 195896
202470 202955
205145 205370
207509 207970
208834 209144
211965 212891
214533 214931
215729 215795
216698 217042
218462 218523
221472 221684
227222 227429
232887 233008
235349 236022
237056 237172
243617 244138
245731 246304
246807 247973
254950 255015
258834 259278
262709 263787
268120 268609
269280 269375
273021 273384
273920 274127
276205 276502
278635 278735
282643 282925
284724 284844
289577 290084
293775 293911
298361 298454
299223 299374
304393 304643
307275 307831
308466 308762
321304 321400
328513 328563
329798 329860
332815 333385
335863 335917
338546 338648
343598 343801
344431 344880
346154 346227
347153 347238
348696 348791
350894 351522
360884 361380
376130 376182
382137 382520
384032 384170
385013 385500
387061 387202
387742 388438
398387 398784
402511 402655
404467 404651
406419 406562
409923 409986
416434 416747
421112 422263
424241 424292
426754 426857
428269 428921
431834 431901
435465 435518
437324 437507
438385 438496
439225 439618
446724 446959
448475 448544
451146 451240
456376 457099
463435 463486
466598 466704
467937 468281
474319 474845
479759 480603
484590 485419
491249 491305
491988 492443
498317 498375
499533 499874
502321 502555
507484 507657
508997 509585
510386 511242
517474 517680
525298 525612
531329 531634
532512 532582
534911 534984
535891 536350
538116 538326
540008 540406
541876 542039
546916 546976
553573 553622
554771 554990
559296 559531
562989 563197
564532 565306
567371 567482
568512 569072
571241 571749
582727 582788
584064 584115
584862 585678
591401 591508
596339 596628
598958 599233
605000 605118
610216 610275
613400 613800
617880 617938
619253 620631
623072 623429
627811 627921
629891 630673
632989 634273
635392 635546
643714 643936
646066 646345
652183 652240
654459 654617
663328 663384
664753 665289
670151 670522
674073 674153
676778 676852
685056 685350
688535 688775
691798 692055
693436 694835
695811 695879
696851 697329
699940 700440
704308 704670
708393 708495
709467 709545
711175 711435
714781 714879
721252 721307
724094 724154
724761 725061
727078 727153
727764 728146
732975 733053
736707 736769
738568 738732
740137 740214
744884 745054
752408 752664
756625 757187
766515 766602
769489 769794
771183 771555
772669 773719
777882 778020
781093 781982
783560 783859
786140 786338
788222 788357
789221 789496
794960 795042
802203 802655
806467 806531
808716 809383
812052 812313
813786 814260
820324 820374
829444 829508
831239 831634
834465 834843
838505 839517
840991 841215
844326 844400
846496 846734
861695 862231
866055 866414
867932 868318
869281 869677
872492 872747
873487 873641
874589 874640
879428 879680
883557 883746
885467 885904
889980 890377
892629 892682
893350 894211
895453 895884
901692 901752
904084 904565
911860 912023
916381 916434
923898 924255
929106 929583
930541 930919
936142 936241
938566 938720
943318 943713
956915 956973
960641 960789
963432 963586
966787 967145
976182 976931
977671 978870
980517 981018
983091 983164
986497 986580
989861 989941
990454 991782
993492 994075
1003659 1003721
1005220 1005574
1007809 1007979
1008827 1008934
1020879 1021615
1023716 1023775
1027950 1028341
1031056 1031113
1033730 1033958
1046875 1047235
1050166 1050661
1055082 1055683
1071391 1071449
1073906 1074765
1076688 1076894
1079244 1079754
1080442 1080689
1083400 1084126
1088943 1089473
1091762 1091832
1095159 1095625
1102318 1102677
1105706 1105768
1107210 1107498
1120366 1120424
1122498 1122562
1125468 1125849
1137056 1137447
1139151 1139288
1140866 1141007
1144283 1144548
1145591 1146153
1146815 1146915
1150162 1150225
1151397 1151698
1153813 1154251
1155827 1155962
1161916 1162206
1176101 1176202
1177957 1178278
1178960 1179013
1179686 1179838
1182620 1183009
1185703 1186598
1194688 1195158
1196275 1196783
1198341 1198586
1201819 1202034
1205120 1205866
1208570 1208994
1210604 1210860
1211894 1212142
1216498 1216698
1226371 1226541
1232080 1232631
1234608 1235071
1238155 1238248
1240607 1240798
1242057 1242164
1248427 1248505
1250296 1250355
1252408 1252578
1253263 1253370
1256334 1257347
1262080 1262147
1265647 1267006
1269823 1270156
1272845 1273034
1281778 1281855
1284266 1284421
1285859 1285955
1287650 1288218
1288951 1289027
1294840 1294911
1296073 1296926
1298747 1298954
1303592 1303701
1304280 1304649
1315779 1315862
1318256 1318367
1319731 1320296
1324173 1324795
1325420 1326023
1332838 1333169
1334675 1335455
1340538 1340791
1344202 1344336
1351310 1351487
1355023 1355560
1358184 1358401
1359517 1360217
1362951 1363078
1364096 1364528
1371166 1371337
1378529 1378589
1388740 1388841
1390874 1391023
1391724 1392029
1393700 1394153
1399019 1399079
1401406 1401688
1404935 1405481
1406428 1406497
1408096 1408602
1409278 1410099
1412640 1422478
