Weissella_koreensis_KACC_15510_gi_339633914_ref_NC_
1 197
1830 9979
10438 10884
12872 13434
13959 14568
15337 15704
16255 16596
18701 19167
20352 20869
21395 21977
22710 23732
24297 24441
25609 25807
26633 26913
28800 30236
30798 32065
32661 33397
34115 36367
36968 37425
38261 38338
39549 39689
40379 40991
41989 42193
42707 42878
43669 43880
45670 46386
47497 47783
48767 48841
49716 50945
51988 52443
53988 54891
55196 55834
58299 58897
59985 60085
61207 61286
62151 62640
63312 64000
65241 66272
67174 67384
68451 69078
69674 71506
74083 74186
74745 75287
75819 76250
76895 77259
78175 78241
80386 80985
82000 82752
83526 83786
84842 85195
86039 86719
87229 88211
89223 90426
91359 91929
92863 93874
100621 100796
102487 103164
103664 105576
107502 109283
110065 110306
111845 114542
115505 115995
116680 116765
118583 119320
120475 120550
121345 122270
124107 124360
125684 126151
126943 130538
131188 131347
132455 132699
133216 134107
135376 136112
138505 138583
139543 139725
141313 141363
144843 145370
145914 147077
149651 150044
151018 151122
151681 151926
152590 153499
154490 154580
155256 155536
156125 156182
158920 158996
159573 159623
160840 161568
164976 165872
167070 167383
167902 171304
171870 172355
173625 173790
174866 174945
177741 177968
178477 178958
180721 181124
182713 183442
185006 185318
185880 186325
187048 188238
189243 189329
190199 190582
192370 192601
193617 194424
195468 196026
196676 196731
198382 198789
200629 201166
202257 203155
203695 204340
205145 205804
206522 206989
207509 207970
208564 209659
210206 210642
211407 212917
214533 214931
215729 217176
217771 218523
220158 220704
221472 222216
223349 225090
227222 227504
228133 228248
229299 229644
232846 233008
235111 236355
237056 237172
237691 238740
239314 239703
241353 242024
242715 244611
245731 246304
246807 247973
249777 250086
251446 252165
253214 253342
254614 256321
258834 259285
260671 260814
262248 263787
264530 267065
268120 269377
271846 273384
273920 274373
276147 276556
278497 278735
282643 282925
284724 285608
288116 288373
288927 290084
291707 292404
293295 295208
296414 296518
297126 297406
298190 298454
299145 300485
301298 301768
303022 303323
304393 304643
306078 306594
307275 309053
312271 312406
313981 314545
315513 315684
316368 316994
319612 320630
321304 321400
324349 325858
326580 326705
327841 328563
329798 329860
330684 330971
332721 333440
334299 334551
335377 335917
338546 338648
342318 343801
344376 345617
346154 346614
347153 347773
348528 348922
349482 349578
350894 351658
352414 352844
353768 354542
355976 356073
357363 358131
359603 359676
360884 361847
362845 363060
364256 364310
365313 365607
367854 368577
369283 369607
373268 373633
374188 374253
375105 375442
376130 376828
377861 377979
378864 379014
382137 382943
383849 385929
386532 387274
393445 393586
394560 394723
396030 397236
397783 398784
399652 399708
400852 400914
401770 401893
402482 402655
404455 405199
406083 406579
407201 407756
408504 408902
409923 409986
410962 411034
412068 412630
414732 414986
416434 416747
418096 419147
420018 420160
420963 422263
424241 425278
426246 426859
428220 428921
430261 432227
435465 436195
437324 439990
442806 443301
443899 444533
446548 447266
448475 449255
449857 450522
451145 451474
452305 452603
454624 454863
455622 457238
457921 460285
460975 462073
463283 463875
465321 465785
466598 466704
467937 469688
471239 471772
473007 475009
477363 478236
479536 480647
483322 483753
484495 485897
486865 488010
488310 488851
489992 490180
491249 493766
494326 494492
495498 496124
497177 497430
498315 498449
499533 499931
501303 501448
502177 503686
504881 505431
507385 507657
508290 509627
510386 511242
514165 514363
516166 516369
517474 517680
521850 522683
524949 528059
528794 528874
531147 531634
532512 532597
533444 533529
534072 534182
534911 534991
535891 536350
537566 538637
539430 540406
541876 542039
543915 544322
546807 546976
547926 548661
549247 550920
551934 553031
553573 553622
554771 555168
557888 559554
561155 561220
562989 563498
564382 565306
567371 567720
568512 569072
570226 571749
572804 573009
576419 577170
577476 577743
578753 578863
581007 581308
582599 584115
584860 585916
586495 586822
588512 588785
590205 590292
591401 591883
592943 593492
594891 597051
598144 598253
598958 599513
600258 601225
603637 603930
604663 605209
606997 607322
610216 610275
611459 611959
613193 613813
614501 615340
617322 621081
623072 623429
624935 625072
627257 627921
629034 630772
632197 634273
635170 635549
637666 638898
641299 641816
643146 644600
645290 645404
646066 646345
648454 648562
649983 651315
652183 652416
653374 653841
654246 655030
656818 657200
658368 658575
659378 659430
662572 662940
663328 665664
666836 666895
669035 669489
670151 670522
671131 672384
674142 675249
676192 676255
676778 677061
677602 677782
679730 680502
681301 682163
682796 682863
683390 683476
684405 684499
685039 686045
688119 688775
689372 689612
691627 692055
692753 695009
695719 695879
696427 698063
699134 701158
701946 702180
702719 705378
708393 708844
709467 709545
711046 711435
714459 716134
717225 717338
717871 718650
721252 721308
724094 724154
724761 725061
726207 728146
728743 729662
730288 730822
731343 733053
733851 734472
735128 735222
736707 736914
737597 737773
738367 738732
740137 740378
741036 742292
744190 745354
746395 747433
750576 751378
752408 755626
756625 757187
761151 761292
761865 762473
764407 764925
765568 766602
767707 769794
771183 771788
772664 774252
774755 775123
775794 776032
776638 776687
777847 778020
778574 778894
779600 779693
780362 782512
783452 783859
784920 788357
789221 789927
790579 790703
794812 795249
796271 801035
802203 802655
803811 804138
806467 806531
808698 809383
810661 810788
812052 812529
813469 815470
820324 821278
821629 822677
824280 824810
825318 826055
826981 827112
827674 828155
829444 829508
830362 831634
832431 832794
834464 834860
836948 841215
842398 842538
843899 844499
846496 846980
848301 850002
852548 853484
856700 857075
858189 858576
859600 860186
861695 862254
863149 865157
865366 869981
870963 871604
872157 872747
873487 874640
875290 875604
876840 877050
877381 877753
879034 879883
881840 883750
885467 885968
886642 886913
888908 889068
889980 890377
892629 896984
898996 899226
900945 901099
901692 901752
903610 904995
905792 906758
907511 907870
908993 909315
910608 910918
911773 912023
912569 912763
913476 915377
916310 916434
917231 917696
918318 918496
920331 920707
921646 921699
922393 922946
923898 924369
925043 925426
926191 926826
928151 928262
928847 929593
930541 930919
933247 933402
934233 934669
936048 937022
937549 937770
938556 939453
940922 941327
941881 942736
943318 944294
946120 946172
947386 948244
950882 951166
953115 953693
956915 956973
958987 960002
960641 960991
963432 963586
964639 965264
966787 967145
968114 968174
968762 969702
970276 971977
973540 974175
975716 978870
979777 981546
982621 983294
983967 984380
984919 985244
986044 986580
987318 987820
988758 989941
990454 991788
993037 994927
998545 998671
999652 1000595
1001168 1002970
1003659 1006818
1007448 1007979
1008616 1009124
1009778 1010409
1012433 1012808
1013945 1014236
1015142 1016800
1017527 1017650
1019750 1020052
1020697 1021615
1022131 1028415
1029542 1030030
1031056 1031113
1031676 1032469
1033333 1034076
1034881 1034991
1038469 1039336
1040368 1040873
1041455 1042532
1043108 1044111
1045713 1047760
1048266 1049006
1049836 1050661
1051299 1051415
1052271 1052522
1053535 1055797
1056367 1056450
1057763 1058179
1059444 1061631
1062437 1062524
1066364 1066800
1067613 1069558
1071258 1071450
1071960 1073242
1073906 1075311
1076000 1077515
1078977 1079754
1080442 1080689
1083400 1084126
1088943 1089473
1090621 1090737
1091762 1093538
1094927 1095888
1098073 1098191
1099048 1099411
1100389 1100759
1102318 1102677
1104221 1104890
1105706 1107678
1108458 1109219
1109781 1110294
1110851 1111129
1113345 1115543
1116135 1116854
1117511 1117804
1120206 1120633
1122058 1122656
1123426 1124424
1125468 1126020
1126772 1126967
1128503 1129429
1133241 1133530
1134616 1135932
1136855 1137551
1139151 1140096
1140866 1141832
1142070 1142125
1144219 1148399
1148992 1149533
1150162 1150516
1151163 1153030
1153813 1154251
1155827 1156711
1157214 1157266
1158122 1158822
1159636 1159697
1160202 1160638
1161916 1162989
1163506 1163777
1167038 1167558
1168059 1173813
1174468 1174648
1175182 1176202
1177957 1180312
1181602 1183009
1184641 1186916
1187466 1187547
1190260 1190809
1192147 1192236
1192924 1192995
1194264 1195158
1196080 1197048
1198341 1198916
1199952 1202048
1203286 1203647
1203894 1204092
1205120 1205866
1207487 1207951
1208570 1208994
1209669 1209749
1210298 1212671
1213601 1215337
1216037 1216698
1218393 1218442
1219955 1220707
1224323 1224835
1226346 1226541
1228112 1228960
1230350 1230498
1232080 1232815
1233342 1235071
1237085 1237243
1237739 1239196
1239780 1239877
1240607 1241045
1242030 1243043
1244091 1245042
1245641 1246432
1247782 1247901
1248427 1249031
1250050 1250355
1252370 1252578
1253262 1253580
1254290 1254686
1255608 1257626
1258171 1258770
1259004 1259389
1260469 1260563
1262080 1262147
1262707 1262987
1263914 1264278
1265053 1267006
1269823 1270156
1270843 1271113
1271656 1271795
1272445 1273034
1274810 1275120
1278163 1278267
1280374 1280431
1280966 1281024
1281600 1281855
1284086 1284558
1285233 1285288
1285859 1285955
1286827 1286977
1287650 1289027
1291363 1291523
1294607 1295462
1296073 1296926
1298340 1298954
1302708 1306024
1306653 1307189
1309307 1310027
1310996 1312002
1313442 1313579
1314823 1315862
1316727 1318964
1319731 1320296
1321894 1323655
1324172 1324795
1325420 1326023
1326947 1327063
1328664 1329036
1332838 1333169
1334009 1335570
1337450 1337741
1339075 1339237
1339793 1339855
1340538 1341140
1342356 1342467
1343748 1344620
1346058 1346327
1348354 1349032
1349567 1349893
1351310 1351487
1352361 1352447
1353318 1353581
1354126 1354301
1355023 1355560
1356993 1357349
1358184 1358474
1359507 1360217
1362860 1363078
1364073 1364528
1367365 1368185
1368700 1369284
1369843 1370041
1370955 1371337
1372925 1373644
1374362 1375127
1378071 1378589
1379099 1381162
1383187 1384357
1386143 1386682
1388714 1388980
1390016 1390116
1390754 1391023
1391724 1392029
1392672 1392749
1393630 1394153
1396370 1397705
1398619 1399175
1400080 1401800
1403213 1403417
1404810 1406597
1408096 1408602
1409255 1410256
1410900 1410979
1420651 1422478
