Weissella_koreensis_KACC_15510_gi_339633914_ref_NC_
1 723
1452 2900
3465 4925
5483 6573
8444 71526
72070 119502
120092 137801
138504 172981
173523 176799
177383 242031
242685 250178
250759 274471
275060 275583
276085 300508
301043 387320
388033 422267
422786 497739
498307 498899
499440 500646
501251 591963
592808 612128
612694 628196
628774 660316
660881 679208
679729 767243
767929 790012
790559 798991
800240 822942
823476 876249
876757 891392
891970 992297
992852 1023871
1024831 1096809
1097311 1168250
1169214 1169358
1169879 1221812
1222355 1222524
1223134 1228970
1229511 1279823
1280334 1347548
1348163 1385352
1385966 1422478
