Weissella_koreensis_KACC_15510_gi_339633914_ref_NC_
1 409
1742 1872
5211 11104
12067 19548
20352 38917
39418 42886
43469 46893
47489 47828
48451 48767
49340 52635
53358 57032
58293 60594
61093 66492
67155 71539
72160 75171
75766 77355
78089 78274
78827 79202
80470 82852
83458 92278
92842 98165
98684 99193
99913 101188
102462 105576
106298 106676
107560 110666
111511 113515
114093 117010
117588 119377
120085 120575
121289 134140
134729 137746
138505 139725
140385 156664
157527 159717
160830 161635
162174 164062
164652 166326
167049 172493
173560 175113
176064 176740
177358 181313
182125 182210
182827 185327
185830 188293
188884 190612
191352 191657
192349 197850
198382 198979
199617 204661
205196 206989
207501 218603
219273 219605
220120 220750
221338 225322
225950 232231
232844 233415
234904 239727
241209 242030
242686 244611
245194 248171
248869 250270
250782 253491
254021 256910
258042 259283
260768 265427
265940 267437
267981 270391
270915 279364
280464 280711
282018 283080
283868 285686
286530 292447
292971 300522
301090 301788
303003 305295
305905 311031
311695 314639
315378 317209
317762 317866
318509 322963
323893 337353
338545 340258
341366 348924
349482 352908
353669 355449
355976 356134
356653 363060
363916 376891
377625 378085
378880 379266
381389 382945
383742 388878
390121 390894
391836 392153
392857 394819
395585 400069
400612 400865
401380 405199
405706 406595
407176 407756
408350 411034
411818 413105
413768 413820
414638 415090
415607 416775
417413 419228
419867 420163
420938 422417
423130 424949
426015 426933
427440 429372
430148 432781
433352 434270
434976 441027
441585 441662
442722 444628
445265 447863
448416 450550
451097 453723
454565 462594
463195 469037
469587 470028
470582 480885
481534 482008
482646 483806
484363 490672
491227 496156
496658 497382
498256 498588
499421 500645
501252 503787
504303 505559
506180 506867
507382 509744
510348 516593
517141 518385
518900 519269
520499 520574
521283 528921
529603 529718
530446 530579
531140 537010
537551 538694
539430 544884
545549 545696
546237 551976
552562 556196
556944 558041
558548 561337
561872 565984
566736 567733
568422 571989
572726 579241
579841 581339
582006 584251
584837 586936
587539 589063
589652 591914
593150 593641
594634 603980
604638 608475
609266 610612
611355 612041
613107 615748
616324 622450
623029 625998
626516 627963
628775 634335
634860 636498
637076 640516
641299 642300
643031 643176
643713 644624
645281 645529
646053 647826
648356 651388
652170 657207
658074 660240
660882 666829
667611 669492
670129 678890
679730 684523
685039 686767
687417 688778
689285 690698
691385 692502
693337 695899
696425 705425
706147 710335
711081 718788
719370 721644
722271 728149
728714 728804
729379 734559
735079 735245
735979 751385
752036 755200
755727 757898
758655 758704
759357 760225
760829 766856
767922 769851
770449 771911
772658 777200
777795 778910
779411 789927
790560 791528
792118 792582
793104 794172
794798 799887
800669 801156
802153 802986
803570 804564
805213 807281
807902 812678
813345 819710
820251 822962
823506 823653
824360 825947
826698 833634
834458 835487
836652 841260
842062 842607
843458 844402
845033 850002
850544 853526
854104 855368
855980 858674
859213 874006
874554 876248
876774 877979
878594 888383
888944 890515
892119 897679
898185 899226
899750 902630
903255 905087
905692 908048
908566 910977
911668 919239
919765 921703
922354 926791
927591 929600
930439 937953
938466 944328
944938 946355
947292 948251
948975 950216
950783 951384
952618 956407
956910 957745
958463 960015
960624 962056
963175 965275
965944 974292
974952 981739
982571 991980
993022 997094
997764 998700
999681 1006818
1007419 1013333
1013895 1014273
1014787 1016810
1017527 1018794
1019658 1028829
1029501 1029930
1030527 1035744
1036368 1037266
1037833 1042578
1043099 1050687
1051264 1051449
1052181 1056814
1057763 1062738
1063250 1070646
1071267 1077603
1078157 1078299
1078869 1081310
1081847 1084485
1085590 1088390
1088896 1096586
1097623 1098218
1098731 1102961
1103497 1104906
1105411 1107678
1108458 1118381
1119203 1121060
1121841 1124464
1125446 1127233
1128016 1130452
1131954 1132602
1133241 1142259
1142942 1161283
1161820 1165108
1165990 1166382
1166945 1174709
1175387 1176565
1177440 1183541
1184287 1186684
1187312 1189204
1189995 1190923
1191719 1197727
1198327 1206403
1207424 1209010
1209908 1210030
1210558 1212754
1213338 1214351
1214860 1221530
1223843 1226583
1227499 1228978
1230308 1239227
1239758 1241459
1242007 1246432
1247061 1247186
1247751 1249282
1249838 1250379
1251190 1260837
1261370 1267782
1268451 1269043
1269657 1271113
1271656 1277001
1277792 1279437
1280367 1284467
1285107 1285230
1285858 1285983
1286748 1290339
1291174 1291438
1292252 1299883
1300398 1307301
1307951 1312020
1312597 1312768
1313434 1313806
1314471 1320658
1321220 1326219
1326756 1331143
1331668 1336015
1336563 1336614
1337450 1337749
1338256 1339249
1339793 1341610
1342310 1344657
1345268 1346583
1347365 1347458
1348354 1353581
1354223 1355709
1356336 1361865
1362423 1365676
1366359 1385351
1385960 1394753
1395611 1395832
1396370 1397766
1398319 1401928
1402761 1403965
1404483 1407409
1407999 1411047
1411602 1412214
1417275 1422478
