Weissella_koreensis_KACC_15510_gi_339633914_ref_NC_
1 276
1835 9979
10956 11081
12067 12130
13004 14396
15278 15961
18872 19167
20414 21815
22551 23716
25609 25807
26669 27314
28884 28933
29579 33216
33710 34608
34771 36215
37059 37425
38238 38365
39481 39689
40304 41314
41989 42177
42812 42878
43669 43977
45674 46193
47497 47770
48469 48701
49716 50320
51992 52443
53988 54794
55585 55919
58299 60539
61134 61368
62151 62407
63312 64022
67174 67384
68451 70948
73273 73614
74132 74186
74745 75149
75874 76250
76895 77259
78175 78241
80582 80853
82226 82752
83526 83688
84758 85181
86026 86776
87369 87525
88030 88178
89322 90447
92631 92861
93476 93576
97503 97930
98761 99130
100802 101159
102496 103164
103664 104897
105398 105575
107759 110168
111910 113497
114099 114542
115604 116086
116703 117094
118401 119320
120475 120550
121345 122270
124107 124360
125034 126234
126943 128736
129282 130543
131191 131324
132096 132680
133283 134107
135376 136203
138521 138583
139608 139712
141313 141363
142202 142260
144502 145252
145953 146095
146793 147077
148252 148376
149651 150044
151616 151926
152596 153747
154314 154660
155375 155577
157747 158344
159573 159623
160840 161296
162211 162828
163698 164012
165047 165815
167902 172355
173625 173783
174881 175029
177741 177968
178477 178956
180391 180713
182859 183442
184934 185032
185807 186315
187079 187594
188906 189278
190286 190582
191390 191633
192370 192676
193617 194281
195468 195994
196623 196731
198392 198758
199712 199932
200474 201166
202176 204340
205196 205635
206522 206867
207509 207970
208564 209619
210123 210470
211965 212891
213946 215167
215699 218523
219388 219598
220158 220421
221472 222210
223349 225057
227222 227480
229305 229644
231581 232013
232887 233230
235133 238729
239334 239703
242715 242887
243617 244589
245212 246304
246807 247973
249601 250086
250799 251160
251881 252528
253214 253402
254047 255475
256059 256283
258834 259278
262248 263841
264437 265228
265979 266527
268039 269440
270015 270371
271772 272254
273021 273384
273920 274373
275122 275235
276205 276502
278635 278789
282365 283000
284724 285608
287732 288145
289496 290084
292286 292391
293693 294420
294764 295208
296353 296405
298127 299374
299881 300485
301279 301685
303022 303439
304323 304643
306004 306434
307275 308802
312269 312345
314003 314632
315573 315642
316368 316994
317763 317859
321304 321400
324533 325858
326586 326705
327939 328563
329798 329914
330784 330960
331654 333481
335434 335917
337260 337339
338546 338850
342249 343061
343598 343879
344431 344941
345535 345584
346154 346605
347153 347238
348696 348791
349577 349876
350894 351609
352414 352844
353939 354542
355063 355117
356011 356073
359607 360197
360884 361867
362845 363037
365310 365707
367290 369053
371523 371745
372501 372585
373268 373604
375459 376279
376792 376891
377657 378019
378774 379075
382137 382943
383766 385929
386458 387404
388171 390143
390923 391986
394331 394714
395956 396315
396750 397219
397783 398784
401383 401893
402511 402848
404467 405176
405982 406562
407204 407716
408504 408902
409495 410055
410581 411012
411838 412607
414726 415068
416434 416747
418213 419147
420018 420103
420963 422263
423902 424911
426261 426857
428269 428921
430267 432227
433442 433537
435465 436712
437324 437816
438385 440007
443949 444533
445285 446137
446724 446959
448475 450502
451145 451240
452305 452479
454695 454814
455887 457238
457784 458092
458609 459483
459988 460402
460975 461657
463435 463798
465243 465361
466598 466707
467937 468281
468891 468955
469589 469688
470613 472135
472701 473577
474093 474845
477275 478236
479552 480603
483322 483753
484414 486091
486787 488846
490054 490533
491249 493766
495500 495696
498315 498576
499533 499880
501351 501448
502321 502971
503686 503769
504881 505545
507394 509585
510356 511880
512941 513392
514165 514338
516332 516453
517474 517680
519073 519208
523275 523627
524147 524258
524949 526034
526604 528003
528821 528874
531158 531634
532512 532582
533444 534182
534911 534984
535891 536749
537566 538637
539434 540659
541876 542039
543869 544757
546250 546976
547687 548107
549252 550571
553573 553622
554771 554990
557582 557984
558585 559531
560636 561471
562151 563197
564046 565306
567371 567560
568512 569072
571241 571832
573531 573644
574485 574628
575169 575525
576419 578208
581006 581211
582649 582954
583580 584115
584860 586123
586788 586920
588424 589055
590205 591883
593186 593604
594837 595205
596339 596857
597783 598253
598958 599504
600320 601303
602348 602548
603637 603860
604678 605342
606325 606386
607181 607280
608258 608453
610216 610275
611377 611959
613400 613844
616482 616684
617305 618253
618889 621240
622012 622406
623072 623429
624693 625072
625713 625817
627257 627921
629500 630828
632197 634273
634904 635549
637830 638891
641300 641610
643714 643936
645290 645478
646066 646345
648454 648562
650072 651315
652183 652404
653374 653841
654459 655032
658110 658400
661093 661188
662640 662770
663328 665731
667659 668172
669103 669466
670151 670522
671131 672097
673160 673225
673867 676255
676777 676919
677531 677782
678473 678837
679743 680502
681319 681531
682054 682143
683375 683476
684413 684485
685056 686247
687463 687552
688250 688775
689479 689612
691798 692055
693433 694938
695811 695879
696472 697715
699065 701143
701841 705378
706357 707111
708393 709545
711103 712125
712742 713850
714383 716134
717252 718739
720086 720498
721250 721308
722316 722634
724094 724166
724680 725379
726207 728146
730288 731955
732495 733053
733851 734455
736704 737265
738389 738732
740137 740214
741087 741651
741857 742175
744325 745409
746447 747476
748469 748553
750156 751314
752064 755165
756625 757187
757695 757787
760865 761292
761850 762414
763288 763898
766515 766602
767985 769794
770531 770657
771183 771555
772669 773719
774755 775988
776541 776688
777847 778845
779460 779661
780385 780479
781093 782971
783560 783862
784920 787305
787869 788357
789221 789913
790579 790703
794812 795042
796390 801074
802203 802655
804052 804317
805632 805891
806467 807053
808716 809383
810661 810757
811985 812313
813383 814677
815464 815590
816878 817022
820259 820600
821629 822124
824452 824796
825384 825906
826751 828488
829444 829848
830899 831634
832431 833602
834464 834843
835401 835456
837014 837210
837868 841215
842398 842534
843535 844400
845067 845203
846496 846980
847654 848988
849525 849616
851405 852103
852664 853382
856700 857058
858204 858561
859335 860186
861695 865157
867243 868642
869281 873937
874457 874976
875531 875592
876840 877050
879336 879680
880403 880590
881130 882317
883008 883746
884282 884344
885447 885904
886701 886859
888946 889068
889980 890377
892217 894936
895453 895884
896465 896984
899049 899180
900566 901100
901619 901752
903618 904974
905717 906752
908912 909462
910194 910918
911860 912023
912569 912763
913393 913467
914280 915348
916381 916434
918373 919209
920331 921675
922396 922946
923898 924571
925159 925336
927935 928161
929018 929205
930541 931384
933247 933404
934234 934616
936072 937728
938566 941199
941742 942668
943318 944294
945438 945555
947419 948043
949345 949884
950784 951346
954399 954507
956915 957063
959007 960013
960641 961998
963188 963586
964639 965025
966787 967145
968786 969702
970292 971944
973907 974223
975768 978870
979777 979889
980517 981445
982629 983417
983967 984919
986044 986580
987354 988134
988727 989371
989778 989941
990451 991782
993037 994075
994712 994927
996602 996699
997773 997895
999686 1000595
1003659 1006803
1007448 1007979
1008616 1009014
1009778 1010409
1011825 1011961
1013942 1014236
1015177 1016800
1017540 1017650
1019818 1020060
1020709 1021615
1023307 1028341
1029542 1029880
1031056 1031113
1032351 1032543
1033333 1033958
1034881 1034991
1038266 1039467
1040306 1040873
1041394 1041449
1042033 1042556
1043128 1043199
1043877 1044104
1045713 1047235
1048286 1048574
1049504 1050661
1053473 1053627
1054160 1054280
1054811 1055757
1056370 1056450
1057820 1058179
1059125 1059295
1059842 1061606
1062114 1062448
1065382 1065441
1066209 1066588
1068220 1069558
1071391 1073242
1073906 1076024
1076688 1077395
1078890 1079819
1080442 1080689
1083400 1084431
1085623 1085853
1088943 1089473
1091743 1093348
1094663 1095888
1098114 1098191
1099167 1099411
1100410 1100618
1102318 1102677
1104224 1104890
1105429 1106652
1107210 1107585
1108464 1109174
1109914 1110294
1110851 1111180
1113436 1115137
1115883 1116801
1117575 1117890
1119411 1119654
1120206 1120727
1122057 1122631
1123434 1124424
1125468 1126029
1129423 1129895
1132411 1132531
1133285 1133506
1134625 1135886
1136877 1137544
1139151 1140096
1140866 1142259
1143685 1147282
1148992 1149519
1150162 1150322
1151163 1152724
1153813 1154251
1155167 1155218
1155827 1156664
1158122 1158419
1159360 1159645
1160592 1161004
1161696 1163777
1164739 1165085
1167038 1167483
1168059 1174687
1175614 1176202
1177957 1180262
1181655 1183009
1184654 1186645
1187533 1188824
1190219 1190825
1191785 1192457
1194264 1195576
1196275 1197048
1198341 1198995
1199952 1200501
1201033 1202034
1203167 1203912
1205120 1205866
1208570 1208994
1210604 1212754
1213601 1214252
1214867 1215206
1216498 1216698
1217325 1217398
1218020 1218422
1219292 1219418
1219963 1221224
1224395 1224835
1225453 1225553
1226371 1226541
1227601 1228952
1229707 1230466
1232080 1232631
1233398 1235071
1236983 1237243
1237876 1239196
1239789 1239866
1240524 1241433
1242057 1243030
1244091 1244590
1245641 1246205
1247782 1247892
1248427 1249031
1249890 1250355
1252408 1252578
1253263 1253370
1254196 1254270
1255024 1257573
1258097 1258311
1259108 1259389
1260469 1260542
1261373 1262987
1263936 1264268
1265198 1267392
1268481 1268615
1269823 1270208
1270937 1271096
1271656 1271812
1272454 1273034
1274856 1275120
1278106 1278593
1281600 1282489
1283241 1284452
1285153 1285230
1285859 1285955
1286827 1286961
1287650 1289027
1291220 1291374
1293641 1293939
1294840 1295246
1296013 1296926
1298340 1299289
1301972 1302070
1302722 1303044
1303592 1305076
1305655 1306024
1306653 1307189
1309307 1310025
1311492 1312002
1312621 1312684
1314848 1315944
1316649 1316717
1317231 1318367
1319731 1320296
1321243 1321334
1321912 1322248
1322830 1323654
1324172 1324795
1325420 1326023
1328664 1329561
1332038 1332107
1332838 1333244
1334009 1335631
1337465 1337741
1339085 1339237
1340538 1341079
1343250 1344549
1346090 1346250
1348384 1349021
1349567 1350535
1351310 1351487
1352361 1352428
1355023 1355588
1356993 1357349
1358020 1358401
1359517 1360217
1362860 1363078
1364002 1364528
1367572 1369280
1369843 1369902
1370504 1371337
1372831 1372923
1374981 1375754
1378071 1378589
1379635 1381162
1382129 1382293
1382854 1384318
1386570 1386682
1387259 1387933
1388739 1388980
1390874 1392856
1393548 1394153
1396429 1397762
1398784 1399106
1400080 1400278
1400625 1400750
1401029 1401906
1403322 1403624
1404935 1407377
1408096 1408655
1409278 1410099
1420669 1422478
