Bacteroides_caccae_gi_423220136_ref_NZ_
1 249754
251107 254668
255270 255321
256123 257385
258123 258271
259931 568012
568205 674235
Bacteroides_caccae_gi_423221078_ref_NZ_
1 30565
34089 107400
121433 154528
155992 237058
Bacteroides_caccae_gi_423221334_ref_NZ_
1 4243
Bacteroides_caccae_gi_423221318_ref_NZ_
1 7150
Bacteroides_caccae_gi_423220654_ref_NZ_
1 28529
28629 237669
238641 399380
400016 530424
Bacteroides_caccae_gi_423216731_ref_NZ_
1 369110
370609 371090
372646 406262
414307 424099
425451 553340
553981 556690
558081 558173
559250 559623
560562 560818
561973 563021
563682 564779
571632 573900
578833 580213
582521 583174
583817 584753
585291 587306
588264 589201
590195 592913
593490 593685
595591 602419
603245 603824
604360 606015
606730 606796
607310 608172
609181 609267
610215 610419
611280 616086
617018 617605
618255 620972
621678 622875
624324 625310
626215 626512
627818 628105
629381 632675
633456 633819
634362 635108
635949 638471
639177 640692
641751 641848
647339 647855
649317 649474
661151 661956
663708 663856
666508 667957
669619 669744
671103 671272
672207 672416
673206 674003
674986 675272
675646 675727
675975 676298
677598 678209
682099 682379
683500 684115
687107 687382
694534 903329
914600 1118377
1118951 1128285
1129132 1237279
1238494 1241770
1244632 2010702
2018596 2022092
2035864 2040054
2091531 2140200
2154445 2162493
2164630 2181052
2182810 2255606
2255889 2255961
2256668 2293295
2294379 2676591
2684148 2684515
2686249 2686381
2708786 2716041
2717475 2732291
2732397 2921187
2935375 3455742
3456142 3624348
3625181 3863137
3863258 3864739
3866027 3954667
3955390 3956211
3956971 3957701
3957921 3958643
3959379 3960305
3961005 3962516
3964354 3965377
3966636 3967104
3967973 4040007
