Bacteroides_caccae_gi_423220136_ref_NZ_
1 674235
Bacteroides_caccae_gi_423221078_ref_NZ_
1 30565
34086 107400
121433 154528
155992 237058
Bacteroides_caccae_gi_423221334_ref_NZ_
1 4243
Bacteroides_caccae_gi_423221318_ref_NZ_
1 7150
Bacteroides_caccae_gi_423220654_ref_NZ_
1 530424
Bacteroides_caccae_gi_423216731_ref_NZ_
1 428010
429591 429807
430681 435694
436201 436568
439522 440003
440891 449985
450468 460518
465627 465681
468273 567196
568327 598365
598925 903264
906122 906387
908290 910051
911408 911578
913870 1243071
1244581 1245673
1251776 1431898
1433104 1435252
1436399 2010702
2014362 2015947
2017778 2022293
2022917 2023147
2024222 2025475
2028004 2028375
2031249 2031928
2034664 2043263
2043810 2049408
2050033 2051624
2052162 2053662
2054561 2057572
2058264 2059032
2060823 2061711
2062018 2067275
2067889 2068236
2068808 2070176
2070760 2071233
2072103 2073110
2073786 2075864
2076494 2076954
2077573 2077627
2078802 2080797
2084901 2141188
2144126 2148768
2153506 2159405
2161519 2163873
2164697 2165610
2166427 2171670
2172567 2178467
2179102 2179618
2180205 2181439
2182847 2504880
2506492 2676591
2684148 2684515
2686249 2690836
2692329 2692759
2698170 2698279
2708786 2717352
2720191 2731069
2731553 2921187
2935375 4040007
