Bacteroides_caccae_gi_423220136_ref_NZ_
1 248627
248841 249782
249876 258651
258797 258935
259292 285592
286363 288112
288382 674235
Bacteroides_caccae_gi_423221078_ref_NZ_
1 30565
34089 107400
118018 118616
121433 154528
155992 237058
Bacteroides_caccae_gi_423221334_ref_NZ_
1 4243
Bacteroides_caccae_gi_423221318_ref_NZ_
1 7150
Bacteroides_caccae_gi_423220654_ref_NZ_
1 31622
34029 239711
239903 268926
268992 530424
Bacteroides_caccae_gi_423216731_ref_NZ_
1 361319
361447 362669
362784 367136
367422 367599
368267 368428
368546 372260
372594 406795
407282 407890
408047 408307
408413 408609
408875 409056
409138 409300
409473 409856
410451 412929
413743 414843
416370 417042
418386 418619
418779 419258
419924 420352
420469 420714
420800 421017
421111 428233
429344 429560
430712 433391
434110 436898
438732 443789
444339 449985
450429 458907
459435 461095
463933 466341
467408 558290
558410 558602
558774 558958
559144 561461
561622 561782
561942 562134
562303 563471
563613 563747
563845 564047
564171 564641
564760 564995
565069 565314
565510 565982
566231 566372
566669 567052
568934 569124
569443 569576
569750 571125
571244 571445
571570 572304
572382 575791
576071 576322
576394 576823
576954 577167
577266 580069
580211 580425
580746 580965
581133 581626
581749 581954
582144 582342
582447 598106
598771 604096
604287 604502
604592 604831
604927 605187
605281 608609
608808 608939
609215 617638
617738 617928
618219 618417
618540 636617
636857 640222
640337 640537
640633 640839
640910 641455
641570 642066
642179 642380
642972 643137
643789 643916
644332 644397
644711 644783
645045 645193
645330 645506
645896 646456
646860 647112
647338 652574
653132 653335
653480 653661
653912 657507
657716 657897
658054 658240
658365 658551
658714 662242
662633 662890
663173 664442
664677 664802
664925 665160
665292 665726
665841 665991
666350 666533
666674 668394
668755 668939
669080 669240
669351 670029
670363 670486
670755 672277
672358 672543
672759 672973
673085 673736
673899 674037
674575 677273
677423 677616
677726 677943
678109 678215
678416 678576
678880 684983
685229 685432
685649 686222
686401 686570
686788 687002
687104 688285
688481 688688
688977 689112
689330 689550
689709 689864
690019 690193
690508 690712
691285 692095
692345 692517
692656 692878
692985 693128
693282 693474
693610 693987
694364 694528
694666 695460
695529 695770
695864 695990
696556 696624
696859 904088
907531 908153
908286 908573
909000 910534
911317 911433
911871 912042
914250 1024747
1024852 1118944
1119057 1130153
1130255 1130756
1130876 1213809
1213953 1237201
1237779 1237971
1238494 1240367
1241423 1241839
1244531 1246388
1247085 1282935
1283214 1287661
1288250 1424842
1425423 1435252
1436399 1436549
1436733 1436979
1437347 1448195
1448475 1448671
1448835 1449033
1449262 1463659
1463846 1463978
1464044 1464577
1464685 2010702
2018596 2022122
2024299 2024587
2031810 2031923
2035864 2042259
2043002 2043222
2043973 2044139
2044472 2044534
2044857 2045075
2045200 2045383
2045757 2045949
2047482 2047539
2048871 2048929
2054561 2055199
2055689 2055841
2056010 2056897
2061037 2066263
2066679 2066839
2068632 2069370
2072888 2073070
2074860 2075121
2076494 2076726
2078610 2078855
2079084 2079260
2079334 2079462
2079650 2080348
2085032 2139949
2141813 2143010
2143795 2144669
2144879 2145058
2145186 2145747
2146876 2147420
2147953 2148321
2148531 2148694
2149746 2149888
2150439 2155796
2156589 2156880
2157264 2159561
2159798 2160594
2161477 2163323
2164268 2164977
2165408 2171670
2172571 2175069
2175619 2177030
2177187 2178339
2179102 2179490
2180205 2181395
2182102 2214683
2214865 2293408
2293568 2293726
2293889 2294082
2294218 2504880
2506673 2676602
2684148 2684515
2686249 2686381
2692432 2692705
2697906 2698533
2708702 2716041
2717039 2717352
2719072 2719209
2720734 2721242
2732390 2921204
2928584 2928686
2935375 3399619
3400448 3624291
3624729 3624859
3624962 3625435
3625645 3861046
3861447 3865471
3865972 3967145
3967425 3967607
3967836 3968001
3968110 4040007
