Bacteroides_caccae_gi_423220136_ref_NZ_
1 254668
255226 255397
256223 258548
259931 297373
298103 300887
301085 301191
301381 674235
Bacteroides_caccae_gi_423221078_ref_NZ_
1 30565
34089 107400
121433 154528
155992 237058
Bacteroides_caccae_gi_423221334_ref_NZ_
1 4243
Bacteroides_caccae_gi_423221318_ref_NZ_
1 7150
Bacteroides_caccae_gi_423220654_ref_NZ_
1 399454
400307 400965
401485 530424
Bacteroides_caccae_gi_423216731_ref_NZ_
1 365154
368853 369117
370188 406262
406383 411333
412453 421633
422247 424024
425478 553069
553299 553434
554073 556389
558019 558159
559338 559618
561985 562112
562739 563024
563299 563887
564462 564779
571911 572479
573036 573193
573404 573677
574493 574566
574805 583821
584509 587306
589069 589148
590087 590184
590698 592563
595591 595668
595958 596277
596905 601428
602027 602516
603254 603532
604732 604945
605362 606015
609592 609657
610224 610621
611985 616086
618569 620423
621791 622575
624043 624971
629396 635108
635832 636165
636442 636582
637090 638506
639032 639749
641643 641848
647692 647843
649317 649641
653253 658005
659432 659686
660431 664114
665141 665331
666830 667245
667849 668031
671089 671306
672223 672381
673206 676359
677421 677609
679714 679861
683506 683642
683852 684076
695413 695539
696761 902389
914600 1204748
1206198 1210927
1211466 1241755
1244632 1342683
1342947 1417538
1417807 1463447
1463671 2010702
2018596 2022092
2035864 2040054
2091531 2145340
2154445 2171670
2172338 2253748
2254359 2254645
2255316 2255588
2255889 2255961
2256668 2293407
2294379 2676591
2684148 2684515
2686249 2686381
2708786 2716041
2731079 3624121
3624969 3631626
3631888 3862899
3865017 3865139
3866027 3947116
3947330 3947411
3947701 3953458
3954075 3956188
3956936 3961507
3962079 3962509
3968191 4040007
