Atopobium_parvulum_gi_737451757_ref_NZ_
1 7548
14699 14930
20912 21453
24357 27800
30391 30455
41248 54591
Atopobium_parvulum_gi_737452721_ref_NZ_
1 2237
2871 3172
4620 6269
8359 9666
Atopobium_parvulum_gi_737452207_ref_NZ_
3737 3936
5423 9134
11330 11955
13384 13982
14500 22007
22609 57290
57946 58019
59603 61172
62269 68163
74528 81741
82823 82952
83638 85216
89692 90518
Atopobium_parvulum_gi_737451258_ref_NZ_
646 695
Atopobium_parvulum_gi_737451366_ref_NZ_
1 6775
7633 9062
12332 12661
14777 19270
24734 25008
Atopobium_parvulum_gi_737452854_ref_NZ_
1 3851
4660 6851
8387 8942
9282 19352
Atopobium_parvulum_gi_737451268_ref_NZ_
2084 2874
4423 8567
Atopobium_parvulum_gi_737452423_ref_NZ_
1 960
Atopobium_parvulum_gi_737451378_ref_NZ_
1 72
2796 5164
Atopobium_parvulum_gi_737452699_ref_NZ_
1 1808
2674 6131
6971 11548
Atopobium_parvulum_gi_737453121_ref_NZ_
1 3095
Atopobium_parvulum_gi_737452068_ref_NZ_
1 11076
11643 17231
24707 42392
45816 53783
59009 63362
64420 82243
Atopobium_parvulum_gi_737452912_ref_NZ_
1 9879
10391 13968
17074 17229
18369 19972
23848 24179
25729 30802
33180 35989
Atopobium_parvulum_gi_737451445_ref_NZ_
1 349
11587 14771
14902 15023
16672 25520
26238 27888
28728 32593
35246 40399
42524 42720
Atopobium_parvulum_gi_737453089_ref_NZ_
1 5003
6030 6191
Atopobium_parvulum_gi_737452867_ref_NZ_
1 2151
5733 5817
Atopobium_parvulum_gi_737451930_ref_NZ_
1 1158
2300 2765
Atopobium_parvulum_gi_737451671_ref_NZ_
1 1763
9383 10370
11090 12772
17766 21870
Atopobium_parvulum_gi_737453124_ref_NZ_
Atopobium_parvulum_gi_737452364_ref_NZ_
1 88
1098 1537
10003 12097
13354 14307
16256 21351
22047 29818
31742 36427
36630 37454
37579 38256
39005 49886
51608 57550
58545 60780
61754 63968
67407 69824
74068 100468
104089 104215
105690 106117
108029 108246
Atopobium_parvulum_gi_737451627_ref_NZ_
1 4110
17902 17954
18700 19771
20891 24315
24868 26675
27628 28260
30245 31991
32599 32786
34325 34542
35050 35929
36552 37250
38594 40510
41183 41371
42083 42658
42820 43304
44749 59476
63696 64197
66716 75233
75947 81384
84508 87715
91163 94256
96431 96744
97377 104581
108850 109196
109795 110272
112398 115877
119575 121772
123251 124699
Atopobium_parvulum_gi_737451080_ref_NZ_
1 3246
Atopobium_parvulum_gi_737452603_ref_NZ_
1 11058
12310 12361
13185 13467
15520 21280
29477 30604
Atopobium_parvulum_gi_737451918_ref_NZ_
1 908
1646 10619
11524 17139
19143 20348
22184 24045
32616 33126
40174 40316
43344 43482
46914 47678
48449 48540
54821 54997
56940 57431
58524 60535
65203 67833
73167 73598
74928 75031
75622 75781
76252 76450
79220 82074
83275 95264
98512 99719
100270 102292
103181 114959
115657 121554
123237 123387
124091 124405
Atopobium_parvulum_gi_737453071_ref_NZ_
1 465
2849 4544
4872 12125
Atopobium_parvulum_gi_737453113_ref_NZ_
1 1043
Atopobium_parvulum_gi_737452552_ref_NZ_
1 10066
12988 14140
15808 16534
18955 20453
21092 21699
22010 23321
26735 26817
38011 42494
43763 44053
45426 45536
48526 49085
51270 51336
52897 55829
57035 57679
60157 60240
60922 62215
66005 69603
Atopobium_parvulum_gi_737450910_ref_NZ_
1 63
2794 5208
11292 15529
16837 16888
21074 28385
28968 31616
34503 41300
43280 54538
55600 56264
57106 57210
57809 68590
69105 69193
71256 85600
88002 91442
96897 100126
100827 103232
103732 104549
104899 104981
106426 113478
114158 116757
117754 122728
123387 130400
Atopobium_parvulum_gi_737450643_ref_NZ_
1 774
5012 7898
Atopobium_parvulum_gi_737451057_ref_NZ_
1 1161
8391 10066
10967 24035
25932 30008
31283 31738
34113 34488
36118 37208
37862 37977
41791 43170
47989 48767
50967 56861
58163 59512
67180 75211
Atopobium_parvulum_gi_737452999_ref_NZ_
1 7716
9439 13898
14434 14780
Atopobium_parvulum_gi_737452967_ref_NZ_
1 147
8521 8813
19878 20672
22484 24368
32234 32780
Atopobium_parvulum_gi_737451074_ref_NZ_
1 4196
4701 5039
Atopobium_parvulum_gi_737451318_ref_NZ_
4424 7565
12159 15207
16407 22336
23243 26156
Atopobium_parvulum_gi_737452828_ref_NZ_
1 1218
2824 13631
Atopobium_parvulum_gi_737452674_ref_NZ_
125 16628
22627 30014
30692 35408
37085 39019
41261 42070
Atopobium_parvulum_gi_737453103_ref_NZ_
678 1018
1705 2413
3719 5211
Atopobium_parvulum_gi_737450649_ref_NZ_
Atopobium_parvulum_gi_737453031_ref_NZ_
1 3402
5884 6110
12655 12710
Atopobium_parvulum_gi_737452798_ref_NZ_
1 11716
12971 13406
14917 21216
24097 31840
33151 40641
41453 46046
Atopobium_parvulum_gi_737452412_ref_NZ_
1 1542
3146 14292
22197 24462
25249 29525
33569 41306
43349 43419
Atopobium_parvulum_gi_737453049_ref_NZ_
1 1217
4512 5070
7009 7671
9061 11918
14810 15491
Atopobium_parvulum_gi_737451253_ref_NZ_
1 7225
7824 13962
24157 25040
26288 28400
32051 36574
52503 55221
57566 63061
63728 66515
68820 73199
75517 76151
79108 79494
80125 80654
82429 91154
91846 92158
101676 105142
113992 115394
121808 122100
125430 125601
127417 129279
