Atopobium_parvulum_gi_737451757_ref_NZ_
1 9399
10773 50333
50862 54591
Atopobium_parvulum_gi_737452721_ref_NZ_
1 8351
8880 9666
Atopobium_parvulum_gi_737452207_ref_NZ_
1 39190
40216 69920
71515 72472
73738 90518
Atopobium_parvulum_gi_737451258_ref_NZ_
629 1775
2299 2977
3596 4751
Atopobium_parvulum_gi_737451366_ref_NZ_
1 25008
Atopobium_parvulum_gi_737452854_ref_NZ_
1 15192
15892 17725
18434 19352
Atopobium_parvulum_gi_737451268_ref_NZ_
1 8567
Atopobium_parvulum_gi_737452423_ref_NZ_
1 380
969 7177
Atopobium_parvulum_gi_737451378_ref_NZ_
1 271
865 5164
Atopobium_parvulum_gi_737452699_ref_NZ_
1 6983
8014 10579
11388 11548
Atopobium_parvulum_gi_737453121_ref_NZ_
1 3095
Atopobium_parvulum_gi_737452068_ref_NZ_
1 20541
21255 27428
28112 29681
30338 33025
34002 35216
36403 37641
38188 54649
55736 73530
74206 82243
Atopobium_parvulum_gi_737452912_ref_NZ_
1 12961
13479 35989
Atopobium_parvulum_gi_737451445_ref_NZ_
1 1455
2222 3394
3965 42720
Atopobium_parvulum_gi_737453089_ref_NZ_
1 6191
Atopobium_parvulum_gi_737452867_ref_NZ_
1 5817
Atopobium_parvulum_gi_737451930_ref_NZ_
1 2765
Atopobium_parvulum_gi_737451671_ref_NZ_
1 21870
Atopobium_parvulum_gi_737453124_ref_NZ_
Atopobium_parvulum_gi_737452364_ref_NZ_
1 3967
4653 26221
26535 69824
74591 107033
108029 108246
Atopobium_parvulum_gi_737451627_ref_NZ_
1 5750
6253 6716
7471 9071
9585 11125
11875 41498
42066 43304
44328 55934
56883 58371
59189 66133
66669 117024
117593 118693
119476 124699
Atopobium_parvulum_gi_737451080_ref_NZ_
1 3246
Atopobium_parvulum_gi_737452603_ref_NZ_
1 14706
15386 17486
18127 23632
24447 30604
Atopobium_parvulum_gi_737451918_ref_NZ_
1 27397
27918 29595
30171 30426
31066 38548
39121 42533
43046 49672
50178 54235
54790 59558
60130 62812
63451 124405
Atopobium_parvulum_gi_737453071_ref_NZ_
1 12125
Atopobium_parvulum_gi_737453113_ref_NZ_
1 4280
Atopobium_parvulum_gi_737452552_ref_NZ_
1 302
1292 2265
2989 20770
21092 30143
30836 33041
33562 34923
36025 39881
40391 46890
47495 47997
48525 49101
49617 50161
50712 69603
Atopobium_parvulum_gi_737450910_ref_NZ_
1 354
886 1382
2115 7538
8059 17012
17538 90563
91381 92011
92611 95045
95550 103641
103732 130400
Atopobium_parvulum_gi_737450643_ref_NZ_
1 1950
2563 8417
9053 10171
Atopobium_parvulum_gi_737451057_ref_NZ_
1 1274
2059 7359
8122 11976
13410 23106
23859 24717
25224 26507
27449 33237
33800 38668
39254 44702
45278 60376
61110 64812
65377 66094
66633 75211
Atopobium_parvulum_gi_737452999_ref_NZ_
1 16277
16824 18553
Atopobium_parvulum_gi_737452967_ref_NZ_
1 6446
7531 34304
Atopobium_parvulum_gi_737451074_ref_NZ_
1 5039
Atopobium_parvulum_gi_737451318_ref_NZ_
1 9818
10360 16538
17019 26156
Atopobium_parvulum_gi_737452828_ref_NZ_
1 5148
5875 8182
8952 11517
12040 13631
Atopobium_parvulum_gi_737452674_ref_NZ_
1 17780
18282 20841
21715 42070
Atopobium_parvulum_gi_737453103_ref_NZ_
85 5211
Atopobium_parvulum_gi_737450649_ref_NZ_
1 1408
Atopobium_parvulum_gi_737453031_ref_NZ_
1 15504
Atopobium_parvulum_gi_737452798_ref_NZ_
1 21452
21966 23130
23663 46046
46144 46390
Atopobium_parvulum_gi_737452412_ref_NZ_
1 1542
2025 14588
15547 16255
16885 18956
19843 20117
20888 29554
30260 32777
33332 33865
34384 43419
Atopobium_parvulum_gi_737453049_ref_NZ_
1 10767
11292 15491
Atopobium_parvulum_gi_737451253_ref_NZ_
1 16727
17635 45136
45766 46031
46716 85272
85794 97829
98356 106538
108199 108375
109243 118159
118894 120824
121939 122020
122636 122769
123464 124795
125325 126469
127176 129279
