Atopobium_parvulum_gi_737451757_ref_NZ_
1 8544
9162 9398
11172 16119
16393 18234
18782 23176
23443 28584
28904 43964
44813 50398
51007 54591
Atopobium_parvulum_gi_737452721_ref_NZ_
1 7294
7947 8350
8860 9666
Atopobium_parvulum_gi_737452207_ref_NZ_
1 1583
2182 11955
12549 22085
22599 39419
39740 58306
58836 69453
71497 75014
75698 88102
88756 90518
Atopobium_parvulum_gi_737451258_ref_NZ_
341 434
646 821
1168 1254
1485 1752
4623 4751
Atopobium_parvulum_gi_737451366_ref_NZ_
1 7466
8103 21036
21630 22744
23101 25008
Atopobium_parvulum_gi_737452854_ref_NZ_
1 8953
9282 17410
18435 19352
Atopobium_parvulum_gi_737451268_ref_NZ_
117 5618
5792 8567
Atopobium_parvulum_gi_737452423_ref_NZ_
1 7177
Atopobium_parvulum_gi_737451378_ref_NZ_
1 340
856 5164
Atopobium_parvulum_gi_737452699_ref_NZ_
1 2068
2425 7016
7368 7596
8221 10077
11472 11548
Atopobium_parvulum_gi_737453121_ref_NZ_
1 1106
1493 3095
Atopobium_parvulum_gi_737452068_ref_NZ_
1 5491
6235 7437
7968 19690
19865 25499
25802 27428
28102 32473
32693 33018
34003 35271
36404 39885
40035 41274
41937 43814
44500 50860
51296 54284
55736 69379
70065 73262
74212 76930
77524 82243
Atopobium_parvulum_gi_737452912_ref_NZ_
1 11642
11822 16199
16748 21873
22437 26821
26966 35989
Atopobium_parvulum_gi_737451445_ref_NZ_
1 1457
2136 3393
3966 30390
30899 42720
Atopobium_parvulum_gi_737453089_ref_NZ_
1 5003
5293 6191
Atopobium_parvulum_gi_737452867_ref_NZ_
1 5817
Atopobium_parvulum_gi_737451930_ref_NZ_
1 2765
Atopobium_parvulum_gi_737451671_ref_NZ_
1 11855
12359 13184
13874 15208
15718 16166
16813 21870
Atopobium_parvulum_gi_737453124_ref_NZ_
1 878
Atopobium_parvulum_gi_737452364_ref_NZ_
1 2097
2366 2550
4692 6295
6982 8221
8743 36606
37439 57687
58270 63418
63929 69977
72067 73198
74251 74404
74591 107032
108029 108246
Atopobium_parvulum_gi_737451627_ref_NZ_
1 4664
6281 7717
8687 10566
11876 12093
12635 43383
43866 54819
54981 55934
56884 66144
66669 98083
98584 98637
99200 104981
105682 111785
112377 117128
117702 118692
119409 124699
Atopobium_parvulum_gi_737451080_ref_NZ_
1 3246
Atopobium_parvulum_gi_737452603_ref_NZ_
1 1862
2091 14989
15114 20441
20833 23632
24379 26287
26801 30604
Atopobium_parvulum_gi_737451918_ref_NZ_
1 15886
16968 28483
28705 28796
29217 33276
34926 37727
38411 38547
39119 39740
40294 41428
42017 42532
43047 48486
49213 52140
52722 52822
53230 59703
60080 60175
60388 61480
62041 79916
80562 85912
86179 114910
115014 124405
Atopobium_parvulum_gi_737453071_ref_NZ_
1 12125
Atopobium_parvulum_gi_737453113_ref_NZ_
1 4280
Atopobium_parvulum_gi_737452552_ref_NZ_
1 2315
2781 3195
3514 12399
12911 29836
30837 35692
36387 38302
38618 41186
41741 42388
42507 47809
48526 49917
50713 53497
54095 69603
Atopobium_parvulum_gi_737450910_ref_NZ_
1 353
887 1486
2293 5503
6171 7393
7964 12559
13517 16935
17403 18043
18553 20014
20558 26136
26380 30149
30684 33113
33704 34936
35553 48452
48774 50851
51461 90562
90807 90922
91382 92061
92615 94830
96029 103641
103732 130400
Atopobium_parvulum_gi_737450643_ref_NZ_
1 1858
2516 8990
9553 9646
10091 10171
Atopobium_parvulum_gi_737451057_ref_NZ_
1 1279
2060 7390
7936 9749
9943 11982
13411 23408
24275 24392
24729 37955
38777 39274
39484 40011
40773 48811
49051 60215
61322 62038
62334 64312
64568 64811
65493 75211
Atopobium_parvulum_gi_737452999_ref_NZ_
1 1530
1738 10124
10407 16396
17023 17362
18210 18553
Atopobium_parvulum_gi_737452967_ref_NZ_
1 1843
2380 5178
5971 11794
12691 23821
24265 24388
25384 27352
27945 33597
Atopobium_parvulum_gi_737451074_ref_NZ_
1 4425
4926 5039
Atopobium_parvulum_gi_737451318_ref_NZ_
1 14098
14283 17964
18299 26156
Atopobium_parvulum_gi_737452828_ref_NZ_
1 1542
2124 5129
5693 8520
8714 11516
12041 12157
12377 12548
12878 13631
Atopobium_parvulum_gi_737452674_ref_NZ_
1 5864
6370 8907
9069 13802
13938 17780
18323 19723
20427 29485
30077 39214
39766 40481
41139 42070
Atopobium_parvulum_gi_737453103_ref_NZ_
1 5211
Atopobium_parvulum_gi_737450649_ref_NZ_
376 829
1004 1408
Atopobium_parvulum_gi_737453031_ref_NZ_
1 15504
Atopobium_parvulum_gi_737452798_ref_NZ_
1 16432
17008 23129
23664 27209
28109 35233
35458 46046
46200 46390
Atopobium_parvulum_gi_737452412_ref_NZ_
1 1542
2026 4110
4482 14292
15606 15836
16886 19065
19734 20116
20824 24462
25032 27937
28155 43419
Atopobium_parvulum_gi_737453049_ref_NZ_
1 10583
11293 11561
11762 11970
12376 15491
Atopobium_parvulum_gi_737451253_ref_NZ_
1 13422
13949 14990
15641 16514
17870 20991
21513 23543
24122 28376
28918 30601
31294 34454
35293 36654
37961 45140
46067 49230
49850 53365
53755 61850
62273 77883
78496 80791
81860 97792
98672 106474
108388 108708
109255 117507
117674 117768
117989 118158
119082 119830
120687 120823
121939 122768
123465 129279
