Atopobium_parvulum_gi_737451757_ref_NZ_
1 7548
14618 14719
20850 27684
41248 41566
42518 45950
47319 49096
49878 54591
Atopobium_parvulum_gi_737452721_ref_NZ_
1 2230
3185 3333
3894 4261
4620 5941
9411 9666
Atopobium_parvulum_gi_737452207_ref_NZ_
3757 3923
5447 9134
14575 21999
22610 52381
52664 55403
56086 67941
74540 79957
81735 85301
89693 90518
Atopobium_parvulum_gi_737451258_ref_NZ_
705 1748
Atopobium_parvulum_gi_737451366_ref_NZ_
1 638
2560 6971
7633 8360
8459 8996
11582 11860
14526 25008
Atopobium_parvulum_gi_737452854_ref_NZ_
1 8942
9282 19352
Atopobium_parvulum_gi_737451268_ref_NZ_
4315 8567
Atopobium_parvulum_gi_737452423_ref_NZ_
1 3846
7128 7177
Atopobium_parvulum_gi_737451378_ref_NZ_
1 94
1609 2188
2810 5164
Atopobium_parvulum_gi_737452699_ref_NZ_
1 1694
2674 11548
Atopobium_parvulum_gi_737453121_ref_NZ_
1 3095
Atopobium_parvulum_gi_737452068_ref_NZ_
1 17203
26613 30350
30892 42408
44674 53771
60309 72651
75498 82243
Atopobium_parvulum_gi_737452912_ref_NZ_
1 14051
20636 20689
22450 24179
25652 30802
33180 35989
Atopobium_parvulum_gi_737451445_ref_NZ_
1 297
7736 7887
10634 14771
15104 15878
16897 18188
21852 25793
26558 27380
28728 31725
35202 42417
42524 42720
Atopobium_parvulum_gi_737453089_ref_NZ_
1 5003
5295 6191
Atopobium_parvulum_gi_737452867_ref_NZ_
1 2151
3930 5817
Atopobium_parvulum_gi_737451930_ref_NZ_
1 1125
1936 2765
Atopobium_parvulum_gi_737451671_ref_NZ_
1 1763
10104 12772
16832 17221
19670 21870
Atopobium_parvulum_gi_737453124_ref_NZ_
Atopobium_parvulum_gi_737452364_ref_NZ_
1 88
1098 1535
9580 12097
13204 14307
17161 21423
22047 23398
23819 29818
31808 36427
36934 37458
37579 38422
39034 46227
47107 49850
51624 57535
58454 60780
61788 63021
64921 65006
68554 69824
74596 100468
103964 104160
105157 105287
106031 106718
108029 108246
Atopobium_parvulum_gi_737451627_ref_NZ_
1 4110
15984 16320
17099 19771
20891 21614
24992 28076
30504 31991
32882 32980
34334 34542
35050 35905
36981 37297
38150 40502
41183 41364
42083 43304
44749 55812
66718 82683
84508 86427
87613 87662
88709 89100
91277 94781
96431 96829
97377 97899
99678 104580
105884 107595
109744 109943
114213 115866
121094 124699
Atopobium_parvulum_gi_737451080_ref_NZ_
1 3246
Atopobium_parvulum_gi_737452603_ref_NZ_
1 11049
12335 13190
15520 23458
29477 30604
Atopobium_parvulum_gi_737451918_ref_NZ_
1 2415
3804 15222
17209 17528
20818 23418
24662 28157
35290 35758
40316 40474
48017 48478
58911 59057
63709 63861
64951 67780
73523 73598
76252 76439
77976 78116
80603 82074
83069 95218
98512 99809
100270 114910
115288 118875
119653 120113
120647 121098
121363 121566
123011 123227
124105 124405
Atopobium_parvulum_gi_737453071_ref_NZ_
1 225
2849 4544
4691 5055
5779 12125
Atopobium_parvulum_gi_737453113_ref_NZ_
1 2189
4220 4280
Atopobium_parvulum_gi_737452552_ref_NZ_
3955 6591
13841 14137
16368 16513
18718 20438
21092 22167
26332 26817
38011 42634
43855 44594
48545 49085
51270 51336
52629 57679
60157 60240
60922 61532
61683 62290
66393 69603
Atopobium_parvulum_gi_737450910_ref_NZ_
1 243
2929 4942
6264 6392
11339 12493
14407 15633
21074 21162
22525 28461
28968 31438
34503 34781
37997 40594
41303 52131
53136 54325
55600 57210
58213 68590
69105 69436
71490 78291
79748 79998
80512 82395
83789 91426
93177 93626
96029 100126
100518 101037
101885 103232
103732 104784
104899 104981
105640 113421
114158 122717
123431 130400
Atopobium_parvulum_gi_737450643_ref_NZ_
1 774
6353 7898
10040 10171
Atopobium_parvulum_gi_737451057_ref_NZ_
1 1161
8391 10066
14142 18867
28836 30008
31222 31713
34280 34459
36118 37088
37873 37944
39681 43162
47434 54411
54941 56839
58764 58963
61376 75211
Atopobium_parvulum_gi_737452999_ref_NZ_
1 6538
9462 14771
Atopobium_parvulum_gi_737452967_ref_NZ_
1 323
15489 15756
28413 29265
31766 34304
Atopobium_parvulum_gi_737451074_ref_NZ_
1 5039
Atopobium_parvulum_gi_737451318_ref_NZ_
5344 6537
11728 12366
16407 22702
23750 26156
Atopobium_parvulum_gi_737452828_ref_NZ_
1 1218
2573 4671
6670 13631
Atopobium_parvulum_gi_737452674_ref_NZ_
76 19689
22627 29101
30692 35939
41176 42070
Atopobium_parvulum_gi_737453103_ref_NZ_
738 982
1705 2413
3719 5211
Atopobium_parvulum_gi_737450649_ref_NZ_
1277 1408
Atopobium_parvulum_gi_737453031_ref_NZ_
1 3369
5264 6072
6855 6973
10241 10770
15074 15504
Atopobium_parvulum_gi_737452798_ref_NZ_
1 11716
14446 16539
18232 21216
24193 31742
33151 40641
41453 46046
Atopobium_parvulum_gi_737452412_ref_NZ_
1 1542
3204 14160
18128 20115
22193 24462
25249 28599
33580 42566
43349 43419
Atopobium_parvulum_gi_737453049_ref_NZ_
1 524
1159 1276
4794 4997
6988 7183
11773 11895
14461 15491
Atopobium_parvulum_gi_737451253_ref_NZ_
1 6749
7384 13962
19191 19352
24157 25184
26405 28367
32326 33467
42375 43291
52043 54990
57326 60987
61616 62523
63509 73357
75571 76151
79122 80632
83201 92158
101584 101676
113866 116845
127482 129279
