Bacteroides_eggerthii_gi_482849938_ref_NZ_
1 2382
Bacteroides_eggerthii_gi_482849908_ref_NZ_
1 2933
19207 21954
25747 27861
28807 30779
49509 73794
112622 113197
124682 128129
Bacteroides_eggerthii_gi_482849930_ref_NZ_
1 4852
Bacteroides_eggerthii_gi_482849897_ref_NZ_
1 4973
43612 43897
65401 65481
187676 187825
247159 247267
291910 292167
303136 303346
311083 314639
345166 345327
374796 375471
376273 376352
377102 379368
409696 414919
540007 552027
592116 622449
629691 630106
Bacteroides_eggerthii_gi_482849893_ref_NZ_
23619 23899
44827 45105
85303 85608
86504 97545
98951 99169
103521 104023
154614 154822
158617 158808
166237 166328
172821 173103
258723 263831
264300 264440
350548 351927
363631 364160
392863 512877
541255 541447
569603 575577
580093 580194
581082 582255
595915 595994
643156 646072
653477 667745
668392 668463
688889 688958
689073 706192
716302 716590
716754 726346
763831 763972
773914 774397
781237 781578
794790 805054
850420 898614
898965 899841
900587 944571
969829 975444
982041 982738
995881 1026381
1082386 1092667
1107446 1116076
1117311 1119144
1119641 1124470
1125000 1127063
1206797 1207063
1222719 1241070
1242505 1254594
1298580 1300797
Bacteroides_eggerthii_gi_482849940_ref_NZ_
1 2244
Bacteroides_eggerthii_gi_482849899_ref_NZ_
1 878
8896 19680
31583 31767
31880 33577
33677 34187
50116 59211
73953 115989
146024 146147
189802 191496
227233 227450
262084 263140
332586 423274
475391 475519
479410 479637
482278 482377
501531 502060
525445 545498
548860 548986
580680 588745
589566 612519
Bacteroides_eggerthii_gi_482849934_ref_NZ_
1 192
1236 3294
Bacteroides_eggerthii_gi_482849918_ref_NZ_
1 1635
11818 16873
Bacteroides_eggerthii_gi_482849914_ref_NZ_
1 92
10208 10323
19316 34131
35565 36692
Bacteroides_eggerthii_gi_482849916_ref_NZ_
1 22776
Bacteroides_eggerthii_gi_482849926_ref_NZ_
1 3622
4737 5106
Bacteroides_eggerthii_gi_482849910_ref_NZ_
1 13170
14743 15513
23314 24262
25119 25493
27655 32074
33782 36639
40571 48722
49449 60337
70184 71797
Bacteroides_eggerthii_gi_482849922_ref_NZ_
1 6049
Bacteroides_eggerthii_gi_482849948_ref_NZ_
302 940
Bacteroides_eggerthii_gi_482849928_ref_NZ_
1 4931
Bacteroides_eggerthii_gi_482849912_ref_NZ_
1 51988
Bacteroides_eggerthii_gi_482849920_ref_NZ_
1 7724
Bacteroides_eggerthii_gi_482849932_ref_NZ_
1 2292
3890 4148
Bacteroides_eggerthii_gi_482849906_ref_NZ_
1 995
3247 3323
31026 32524
75503 75595
123640 141179
153107 153246
221991 222176
230971 236680
Bacteroides_eggerthii_gi_482849936_ref_NZ_
1 3026
Bacteroides_eggerthii_gi_482849942_ref_NZ_
1 2080
Bacteroides_eggerthii_gi_482849946_ref_NZ_
1 1115
Bacteroides_eggerthii_gi_482849944_ref_NZ_
1 2047
Bacteroides_eggerthii_gi_482849901_ref_NZ_
1 204
6056 7429
35864 36150
39771 39972
70847 71631
89466 89627
89791 93229
101176 106713
118534 118650
144317 148974
155081 160715
169989 170457
181300 186663
212337 216662
316655 318201
383285 383838
384804 384959
406380 430134
431984 435687
436258 452982
471659 472137
484376 513170
513656 516342
517209 551171
Bacteroides_eggerthii_gi_482849895_ref_NZ_
1 204
55373 62184
108344 108429
133259 133744
160465 212725
213099 222226
223091 223335
223948 299589
300352 305859
306414 328366
339860 352797
388451 389133
462370 462435
504455 510644
570718 572019
589150 589653
592409 594128
594354 605454
612535 617919
618298 625523
630283 631554
Bacteroides_eggerthii_gi_482849904_ref_NZ_
1 58709
70923 71069
126840 127316
131054 131108
135417 135643
138823 142097
194658 194780
195016 197347
198668 199189
204058 204316
212385 212550
219833 221638
222336 222414
223163 227369
229731 230145
231408 231840
232523 232606
242926 242997
259741 262649
Bacteroides_eggerthii_gi_482849924_ref_NZ_
