Bacteroides_eggerthii_gi_482849938_ref_NZ_
1 2382
Bacteroides_eggerthii_gi_482849908_ref_NZ_
1 4509
5025 7461
8151 11265
12553 13459
15435 15601
17494 17915
18845 23004
25747 27861
28361 28821
29207 32187
32821 34087
34676 36151
36667 37273
38280 38439
39339 41145
41729 42825
44506 44598
47295 74742
75467 75755
76402 76528
77931 78256
79401 80482
83358 85617
86985 87263
88000 88347
91024 91073
91790 92293
95000 95070
96177 97311
98296 99445
100000 100923
101724 101982
105090 105794
106920 107035
111194 111467
112622 114300
115904 116593
117303 118539
120148 120440
122506 128129
Bacteroides_eggerthii_gi_482849930_ref_NZ_
1 4852
Bacteroides_eggerthii_gi_482849897_ref_NZ_
1 4973
5843 9811
12709 13735
15069 15417
17170 17521
18430 18747
20173 20641
21495 21768
32171 33362
35238 35462
37734 37864
38809 39306
41190 42256
43589 44353
45494 45852
47806 49294
50046 51393
52534 53028
56877 59213
60095 60174
60942 61466
62003 63596
64205 64554
65306 65451
67420 68638
70045 70766
71288 71338
73329 80982
81843 82194
82819 85703
86395 88838
90742 94554
96498 97049
97739 101168
102673 104905
105712 106902
107820 108147
109237 109478
110849 112476
123015 123579
124669 125877
128635 128954
131586 131939
133770 134202
136051 136383
139356 140315
146156 146646
148148 149575
152776 153073
153906 154450
155002 156187
157277 159178
159790 160907
161990 162445
162979 166927
167598 169556
170229 171504
173039 173340
174443 174881
175762 175930
176519 177184
177861 179834
180352 181462
182129 183209
184559 185736
187202 187271
187676 187982
190501 191003
192336 194295
194829 195229
198317 198784
203405 211107
211971 212284
213932 216881
217530 219291
219836 220135
223213 223266
224405 226131
226869 228275
229543 230653
231191 231267
232001 232551
233488 233924
235510 237651
238559 239301
239888 241352
243477 243626
244476 245308
245985 248230
248742 249058
249779 249935
251213 252152
252882 254387
255618 256972
266512 267061
267753 267920
268807 270631
271461 271707
272326 272602
273113 273727
274920 275048
276612 282649
283208 284191
285399 286757
287345 298153
298900 299873
302309 303346
305128 305259
306813 307805
311083 314639
315117 317440
318862 319175
319977 321358
321996 323085
324839 325455
326455 338206
338844 338949
339789 342180
342701 342785
343299 346326
347721 351416
351939 357524
358557 361710
362861 364671
365273 369670
370557 371026
371611 373510
374198 376352
377121 380144
380661 385268
385926 396754
397361 399128
400139 400686
401390 402221
403493 403624
406546 406709
407637 407783
409696 414919
416522 416585
417274 417419
418068 418835
419812 420632
422290 423392
424834 425350
426117 426404
427071 430063
430577 431141
431796 431937
432614 436009
436965 438475
439364 439522
441290 442145
442899 442974
445805 445952
447401 447870
448831 448890
449635 450573
451574 451874
453044 453329
455452 455685
457667 458648
459127 459205
460911 461097
461639 462029
464924 464995
467516 469176
470962 471390
472546 472915
473772 474942
476174 476513
478090 478438
479229 479719
481064 481348
483063 483380
484231 484413
484904 485014
485808 486181
487546 488302
489337 490090
496695 497269
498465 498547
499188 499985
501668 508755
509661 510795
511305 511947
512461 513106
513813 514397
515547 515666
516924 517040
520375 520750
523246 524269
524872 527103
527917 528370
529641 530038
530838 531078
534633 534938
536932 537536
538433 538728
539843 552027
553264 554340
555677 555945
557624 557966
560497 560780
561923 562034
563285 564873
567481 568550
571922 572957
579133 579207
580598 581066
582402 582785
586245 586806
591795 622460
623747 623866
624926 625266
629681 630106
Bacteroides_eggerthii_gi_482849893_ref_NZ_
1 204
2090 5889
7145 7664
9001 9176
9742 10183
10703 13239
14174 40246
41357 45785
46387 47187
48053 49796
50452 50918
55433 55529
56239 56469
57741 59479
60048 60605
61685 65401
66011 67249
67970 68998
69531 70201
70764 75342
75917 83934
86578 97545
98423 106285
106901 107092
107659 112858
113662 114255
114899 116129
116761 117827
118562 122012
122600 124505
125131 125189
125752 126310
127081 127777
128401 130437
130881 136170
136854 137126
137692 137744
138261 141823
142529 142725
143834 144938
145581 149083
150069 150193
150722 150932
152740 153650
154411 156023
158369 159080
160022 160271
162097 163096
164973 165701
166613 167730
169626 170579
172521 174987
175619 178283
179349 181321
181863 182646
184463 185383
187378 188392
193200 193798
194742 195522
196348 199799
200575 201971
202500 204421
205547 206099
206733 208457
209042 210427
210874 210964
212585 213389
214294 214368
214818 215505
218909 219379
219999 221192
223335 223825
225639 228758
229302 230096
230600 230867
231380 232798
233512 233764
234809 237223
238856 240097
240960 245158
245944 246873
247848 249397
249925 251200
251794 253890
254519 255106
255831 256637
257409 257741
258723 263831
264133 267413
268261 268834
270008 270770
271605 272703
273275 274765
276136 276471
278978 281022
281981 282447
284817 285864
287864 287931
290336 292066
292732 292997
293450 294036
295925 296021
296584 305489
306027 307328
307836 311170
312461 312815
314020 315005
316455 316559
317317 318110
319081 321166
321729 323745
326126 328866
329421 329887
331052 334347
334875 335262
336131 340456
341041 342238
342789 345191
346106 347114
349003 349989
350548 352319
355771 355927
357354 358382
359148 365144
365886 367977
369890 373850
374450 375428
376217 377317
378314 380502
381453 386502
387429 388014
388601 512877
513915 514016
516900 518542
521992 522716
523382 524586
525187 526362
527287 530880
531383 533614
534805 548563
549178 551280
552043 553154
554158 556816
557468 564911
566271 569210
569603 575046
575464 575577
576592 580194
580994 584369
584919 587317
587900 588383
589878 603504
604139 610425
612175 623050
623606 625906
626443 626771
627272 627436
629327 629755
632295 633475
634039 635893
637708 639386
640120 647510
648801 651367
653306 667745
668354 668770
669450 670365
671220 675269
675827 682673
684188 686031
686731 686971
687900 706766
707558 711510
714710 715207
716216 726797
729051 729453
731783 731915
733165 733740
735162 736200
738559 739143
746058 747978
751031 751587
752450 752747
753768 754277
754979 755617
757463 757868
759243 759550
762632 762909
763564 764255
765104 765381
766530 767209
769035 770533
771249 772200
773607 775706
776252 776826
777376 778787
779353 779427
780623 787198
787763 789327
790017 792348
792924 806942
807473 808449
809124 810176
810964 812861
813362 814139
816188 817319
817855 819123
819907 820010
820598 823406
824358 824795
825645 827480
829041 829159
830196 831228
832826 835117
835846 836249
837671 839334
839930 843288
845099 845456
846518 848933
849938 856915
857887 931107
933936 946530
947373 948915
950799 951209
951800 952064
953817 954227
954977 961434
962423 963215
964300 964862
965564 967129
968179 977275
978785 979174
982041 982893
985349 985692
988379 989251
989780 990332
991679 993800
995684 1027510
1028180 1028932
1029737 1035032
1035635 1038971
1039632 1040058
1043550 1044307
1044781 1044859
1049857 1051788
1055779 1056953
1058098 1059257
1059897 1061783
1062510 1063860
1064389 1067053
1068170 1068471
1069854 1072452
1073287 1073708
1079039 1079530
1080665 1081108
1082880 1092667
1093386 1093926
1095616 1102437
1104029 1104327
1105418 1124425
1124947 1128762
1130066 1131359
1132257 1133004
1133638 1134487
1136241 1137409
1143541 1144009
1145923 1146242
1151310 1151852
1152846 1153149
1154517 1154922
1155464 1155973
1156568 1156655
1157325 1157503
1158206 1159008
1159943 1160246
1160859 1162945
1163598 1167562
1168607 1168738
1169858 1170076
1171464 1172746
1173920 1176432
1177248 1177648
1180571 1180638
1181388 1181922
1183715 1184071
1184754 1184855
1186263 1186496
1187107 1187255
1187929 1191482
1192444 1192959
1194347 1194794
1195854 1197102
1198268 1198411
1200910 1202193
1203466 1204105
1204755 1206511
1206797 1209118
1209753 1210158
1210800 1222074
1222665 1241070
1241397 1242086
1242511 1258506
1259438 1259634
1260254 1263614
1265531 1265635
1267036 1267630
1268179 1270780
1271353 1273767
1274504 1274618
1275232 1276414
1276969 1278026
1278681 1284683
1285620 1286256
1287093 1287768
1288483 1291932
1292579 1293722
1294344 1296202
1296790 1300797
Bacteroides_eggerthii_gi_482849940_ref_NZ_
1 2244
Bacteroides_eggerthii_gi_482849899_ref_NZ_
1 4585
5328 6914
8259 19885
20591 20844
21826 21951
22633 25386
26426 27030
28443 29623
31430 34770
36280 39356
42893 43097
44406 46412
49486 61759
63334 64742
66219 67386
69008 70160
71616 73538
73953 116075
117819 126321
127436 128234
128876 129637
130658 133822
134547 135095
135723 137062
138156 138446
139433 139494
145815 146126
147248 148458
149784 150273
151101 151325
151831 152243
152860 154328
156538 156886
159295 159989
162228 162688
163204 163895
167974 169528
171575 171890
172736 172930
173520 174204
175624 176855
177651 182636
183775 184062
184585 185266
187613 187913
189762 191517
192391 192695
194436 194792
195920 196484
198373 198696
202162 202682
203295 203629
205287 205610
209915 210727
211352 213082
213878 214565
216818 217773
218703 222530
223658 224545
225092 230012
230874 232307
232888 234884
236478 243435
244232 245681
246192 246255
247107 247543
250426 252991
253763 258009
258728 258827
259542 259846
260379 261083
261687 263140
263890 264017
264622 265539
266262 269368
270200 274775
275299 279788
282907 285405
287249 291677
292216 292762
293470 293918
295178 301057
302294 302645
305198 305392
307295 308010
309653 309753
315566 316725
321217 322656
323479 324071
324662 328634
328769 328884
331469 331538
332586 423274
424799 424954
426304 427316
428429 428805
429984 431052
432551 432720
433316 434114
435274 437127
437763 442684
443252 444874
445617 445937
446505 447676
448271 449012
449934 452828
453842 454281
455524 456081
456794 457029
458420 458700
459267 459696
460289 462524
463715 465285
465993 468309
469636 469688
471968 472990
474404 475684
476810 477432
478015 478378
479294 479974
481406 487133
488116 488664
489181 496241
496853 498016
498831 498907
499740 502060
503621 506538
507218 508754
509292 509572
510856 511769
513305 515966
517402 518996
520533 521263
521940 522799
524369 524725
525444 545747
547884 547953
548593 549074
549935 550788
552716 552794
553980 554342
554854 555612
556600 557910
558938 559207
559840 560349
561053 561898
563301 573360
574884 580211
580715 612519
Bacteroides_eggerthii_gi_482849934_ref_NZ_
1 3294
Bacteroides_eggerthii_gi_482849918_ref_NZ_
1 16873
Bacteroides_eggerthii_gi_482849914_ref_NZ_
1 9382
9933 11968
12531 17268
17779 18173
18746 18809
19578 20053
20531 36692
Bacteroides_eggerthii_gi_482849916_ref_NZ_
1 22776
Bacteroides_eggerthii_gi_482849926_ref_NZ_
1 3622
4737 5106
Bacteroides_eggerthii_gi_482849910_ref_NZ_
1 20176
20703 41082
42574 64236
65729 65826
70184 71797
Bacteroides_eggerthii_gi_482849922_ref_NZ_
1 6049
Bacteroides_eggerthii_gi_482849948_ref_NZ_
302 940
Bacteroides_eggerthii_gi_482849928_ref_NZ_
1 4931
Bacteroides_eggerthii_gi_482849912_ref_NZ_
1 51988
Bacteroides_eggerthii_gi_482849920_ref_NZ_
1 7724
Bacteroides_eggerthii_gi_482849932_ref_NZ_
1 4148
Bacteroides_eggerthii_gi_482849906_ref_NZ_
1 995
2554 6647
7108 7301
7863 8921
9446 10145
11954 12534
13757 14507
15080 15538
16367 16742
18223 18462
19493 19768
20274 22738
24663 26533
27508 27575
28899 29300
30075 38997
39772 40327
41049 41209
41837 41900
43563 44227
44740 47088
48470 49116
50279 50538
51364 51415
51935 52901
54325 55454
56138 57368
59711 70096
70607 71879
72599 76241
77718 79194
80488 80729
82302 82561
85185 86932
87462 87612
88494 88867
91566 92288
95024 97139
97711 98016
98693 98746
99342 99811
100969 104627
105177 105964
106482 109918
110781 110931
112019 115560
116216 118295
119462 119711
122095 122571
123581 141179
141606 142521
145024 145124
145687 145882
146571 147983
151422 152560
153140 153271
154576 156007
156601 157464
159625 160282
162118 162174
162750 166364
167829 168690
169913 170308
171861 172666
174061 175229
177606 187003
188661 192386
193467 198271
198882 199638
200410 201421
202884 203465
204831 205177
206644 207309
208364 209152
211035 211379
211977 212257
213172 213473
214078 214797
215393 215675
216873 219012
220544 220675
221981 226615
227441 227999
228849 229284
229833 230481
230971 236670
Bacteroides_eggerthii_gi_482849936_ref_NZ_
1 499
1061 1439
2214 3026
Bacteroides_eggerthii_gi_482849942_ref_NZ_
1 2080
Bacteroides_eggerthii_gi_482849946_ref_NZ_
1 1115
Bacteroides_eggerthii_gi_482849944_ref_NZ_
1 2047
Bacteroides_eggerthii_gi_482849901_ref_NZ_
1 5162
6065 7438
8280 8932
9898 10460
11107 11674
12969 13829
15058 16123
17408 18635
21455 22214
23112 23918
24782 24950
25481 30682
31255 34263
34955 42906
44939 45252
45823 46741
47302 52589
53184 55835
57749 59240
59825 60490
61246 62633
70847 72126
74464 74522
76780 77271
78181 78365
79085 82128
82799 83109
85088 87589
88131 88788
89466 93547
94494 94626
95791 96998
97758 106713
107575 111541
112163 113161
114885 116132
117026 118728
119741 121130
122081 123461
124111 129045
129662 132581
134793 135292
136716 137141
137795 138099
139639 148974
149180 153504
154746 160715
161404 163891
164635 166670
168548 168995
169583 177750
178301 185554
186526 192073
194048 194150
194802 197242
198287 198397
199007 199702
200231 200560
201145 201459
202471 203010
204419 206004
207165 208885
212337 218106
219203 219274
222241 222640
223264 223659
226654 226888
228292 228345
231567 231951
234167 235775
236383 237153
238216 238934
240237 240587
243427 243813
244464 244751
245461 245514
246453 246740
248359 249718
256916 259023
259874 261613
263130 266488
267200 267759
268417 268546
269513 272641
274051 274398
275336 275445
275987 276719
280008 280105
281976 283324
285844 286761
290571 290708
291648 295065
296835 296952
297678 299602
300140 300259
301920 302061
302853 303092
304547 306072
306640 311411
312148 319578
321271 326843
327355 336000
336681 340313
341050 341504
342348 342940
343708 343830
345589 348224
350562 350880
353872 354646
355371 356135
356692 357365
358803 359352
360184 363448
364009 370272
370912 372322
373181 374046
374647 375621
376276 380056
381068 389579
390368 390446
391161 391360
393351 394606
395488 396877
397770 398968
400158 400332
401912 433655
435317 435687
437750 453642
455512 455584
456162 457443
457997 459485
460112 460315
461330 462433
463036 466101
467300 467374
468202 472751
473347 477352
479314 479363
483440 551171
Bacteroides_eggerthii_gi_482849895_ref_NZ_
1 1028
1794 4072
4919 5601
6298 6790
7980 8194
10139 10975
14890 15514
16439 17577
19109 19621
21233 21307
23522 23867
25372 26183
27965 28032
29111 29577
30986 31100
32704 32997
34201 36433
36917 37003
38642 39496
40954 42442
44608 45157
48068 50817
51480 51749
52616 52951
53512 53636
55373 62184
68009 68059
70735 71042
72607 72809
75468 76815
79294 80148
81510 82349
82865 84117
85671 88600
89247 92381
93411 93986
94530 97244
98826 103711
104449 106385
106946 107654
108339 109742
110402 111338
112464 112585
113392 114897
116368 116641
120023 123624
124692 128235
128778 130774
131417 131857
132463 144869
145440 147274
149750 150012
150938 151915
152573 152691
153919 154013
155016 155118
156228 156675
160189 328455
332356 332648
334255 335210
338285 352854
353583 353897
358115 361009
361734 371285
372092 374689
375397 375713
376225 377249
379641 381800
382876 383232
384185 386936
388379 389845
391387 391681
392733 398145
398737 398811
399486 400058
401052 404855
405576 406373
408125 408579
412192 412900
415351 416205
417902 419548
421298 424563
425101 427409
428245 428294
429396 430824
431327 432516
433158 436769
437310 437616
439249 441688
442814 445430
446538 447267
448473 448597
449197 449604
450357 451260
451827 453299
454091 454532
457341 457796
458478 465311
465945 470495
471036 474713
475382 476150
477598 479439
479986 480602
481121 482511
483040 484452
485298 485755
486710 488465
488998 489320
490954 495376
496871 497358
499199 499384
502840 510818
512246 512588
513611 514549
515873 516536
517265 519017
520561 521494
522328 523271
524677 524923
527189 527884
528525 529180
530856 532473
533254 534323
535010 535395
537138 539166
539739 539804
540385 540679
541338 544158
545313 546405
548873 551324
552619 552969
553739 554909
556403 556584
557114 557895
558564 559455
560014 561259
563174 565408
565962 570049
570737 572019
586230 588550
589144 590235
590956 609991
611378 612110
613427 617919
618173 631554
Bacteroides_eggerthii_gi_482849904_ref_NZ_
1 58709
58998 59683
62051 74381
75621 80280
81150 82251
84236 84798
85417 86184
87426 89509
90688 90887
91850 92474
95284 95668
97654 98271
99675 100456
101069 104286
106267 108736
110118 111740
113586 114512
115613 115766
117634 118628
119251 119340
120114 120250
121007 123892
124508 126064
126840 131338
132161 135679
136540 142099
143760 147172
148394 149681
150814 151182
153800 153932
154841 156153
157023 159840
160399 163799
164821 165164
165931 168110
171427 172994
175472 176868
177721 178427
178867 179004
181389 188070
188925 193161
193842 214257
214817 229146
229738 232977
233977 237054
239005 245521
247710 248026
248607 250268
250816 255112
255720 257564
258450 259305
259864 260305
260816 262649
Bacteroides_eggerthii_gi_482849924_ref_NZ_
