Bacteroides_eggerthii_gi_482849938_ref_NZ_
1 2382
Bacteroides_eggerthii_gi_482849908_ref_NZ_
1 2948
3386 3636
3910 4087
5240 5646
8143 8598
9155 10045
10657 10839
12795 12848
12963 13178
13357 13490
14499 14764
18871 18933
19227 22718
25747 27861
29207 29418
29621 30974
33910 34063
34633 34800
35300 36181
39801 39947
41729 41851
42049 42153
47222 75501
78680 78859
79688 79844
81478 81731
82917 83737
84305 84527
94243 94366
96405 96631
98297 98563
99035 99267
100496 100969
112622 113659
115183 115415
115904 116243
117344 117488
118599 118753
122662 123062
123431 128129
Bacteroides_eggerthii_gi_482849930_ref_NZ_
1 4852
Bacteroides_eggerthii_gi_482849897_ref_NZ_
1 4973
6548 6829
7152 7319
7918 8739
8891 9104
9232 9412
9683 9805
13049 13593
17054 17276
18629 18747
19799 20042
20410 20517
21442 22422
32451 33032
39106 39306
41753 41886
43559 43733
43898 43968
45747 45826
48870 49165
49976 50941
51425 51602
57131 57200
58011 58093
61156 61389
62208 62438
64128 64533
65307 65360
67336 67394
68088 68506
73002 74235
74338 74479
74654 74878
75160 77619
78016 78222
78325 78873
81014 81075
81795 82026
82832 83058
84164 84313
84440 85620
86782 86960
87161 87288
88425 88487
91059 91213
97827 98067
98166 98351
99588 99772
99886 100169
100675 100932
103731 104000
104089 104285
104559 104615
105465 105666
109068 109327
111771 112148
148740 148854
149119 149329
154415 154620
155523 155656
159785 160352
162091 162452
164565 164808
165116 167581
170227 170586
171156 171703
176617 176827
176975 177183
178270 178460
178903 178957
179735 179789
182129 182438
182932 183096
184884 185571
187203 187270
187676 187990
190501 191742
192193 192335
192652 193315
199243 199312
202259 202446
204013 204278
204636 205411
206505 207154
208420 209100
209998 210279
210579 210788
211826 211897
214414 214564
214785 214834
218862 219010
219166 219301
220140 220370
225678 226148
229560 230459
231037 231498
232273 232518
233666 234026
234704 234869
235800 236226
238505 238770
239100 239288
240947 241097
241264 241422
242515 242917
244194 244296
245174 245247
246022 246272
246630 246848
247044 247298
247369 247839
251964 252021
256288 256442
266909 267091
277598 277855
278102 278184
278946 279026
279147 279288
279927 280145
280413 280916
281746 282095
283337 283587
283832 284632
285509 285671
286581 286849
287445 287676
288591 288735
290192 290728
291183 291233
291861 292442
293764 293926
294556 294767
295148 296091
296745 296853
297108 298280
303136 303346
305049 305259
307325 307777
310805 314639
315994 316599
318453 318534
319079 319148
321653 322547
322713 322900
325312 325520
325849 326022
326266 326520
326707 326880
327109 327654
328259 328445
328578 328715
329004 329077
329502 329776
330821 332378
334223 334441
334817 335020
337482 337707
338750 338979
341445 341569
341847 342011
344111 344272
345288 345461
345671 346621
347689 348012
348458 348642
350603 350847
351908 352049
352245 352303
352546 352711
352908 352958
353087 353340
356090 356454
356703 356858
357214 357411
357529 357612
358531 358587
359274 359630
359857 360028
360760 360976
361236 361390
362895 363085
363781 363883
366958 367321
367715 367845
368409 368716
370439 370874
371720 371864
371945 372128
372795 373020
374198 376391
377305 377474
377645 377832
378177 378400
378631 379844
380018 380187
381037 381911
384078 384258
384391 385212
386667 387035
387625 387831
387933 388927
389067 389287
389408 390888
391435 391969
392099 392340
392752 392891
393237 394623
396165 396579
397760 398290
398824 399128
401827 401964
403494 403689
409696 414919
416053 416196
417117 417419
418506 418689
418867 419595
421923 421973
423331 423396
424836 424973
429583 429875
430058 430230
433308 433990
434516 434658
435382 435448
436977 437300
439017 439376
445027 445154
447288 447861
448756 448933
457539 457789
457895 458084
458312 458473
458646 458799
460147 460237
460910 461416
464509 464622
468702 468940
470835 471262
472434 472647
474452 474633
476228 476397
478072 478121
483311 483374
496473 496720
497011 497279
502296 502796
503012 503137
503474 504699
504967 505182
505333 505519
505741 506495
507288 507457
508107 508439
511549 511806
512680 512908
515547 515940
518735 519021
524415 524499
527372 527438
527992 528304
529060 529126
530112 530185
530512 530640
532339 532523
538261 538387
539798 552027
564281 564751
567545 568098
568262 568408
592108 622441
629706 630106
Bacteroides_eggerthii_gi_482849893_ref_NZ_
1 214
2931 3126
3366 3516
4006 4155
4303 5443
5618 5759
7592 8062
8457 8598
9962 10216
10907 11152
11414 11564
11960 12226
12597 12950
14048 14275
15018 15209
15344 16789
16984 17126
17235 17443
18877 19151
19265 19411
19633 19834
20069 21690
21966 22186
23050 23209
23344 23498
23721 23976
24133 24503
24652 24925
25173 26248
26464 26620
26787 26962
27348 27669
27839 28079
28163 28921
29051 30094
30519 30724
31685 31947
32594 33296
34029 34199
34379 34541
35578 35631
35902 36166
37137 37307
37467 37724
37959 38178
38829 38968
39451 39669
40001 40187
42013 42786
44619 45476
47956 48080
57743 57808
60634 60759
63246 63442
64515 64697
67874 67979
68767 68889
71323 71821
71942 72112
72709 72759
73035 73245
73534 74120
74482 75620
76233 76473
76753 77303
77427 77636
78743 81304
81927 82009
82243 82296
83670 84272
85213 85812
86474 97545
98706 98999
100276 101571
102647 102902
103097 103759
104285 104868
105360 105887
106002 106211
107905 108051
109123 109347
110119 110712
111220 111403
113980 114117
115693 115892
118900 119343
120813 121168
125420 125913
127020 127440
128401 129517
129835 130018
130832 130976
131275 131431
132063 132254
132569 132738
132942 133156
134217 134383
134538 134665
135045 135294
135487 135641
135734 135868
137735 139036
139382 139530
139716 139929
141055 141354
144054 144464
145468 145663
145792 146256
149123 149469
150692 150869
152710 152901
153058 153226
154627 154834
155228 155471
158369 158809
160813 161021
161348 161573
161646 161859
162686 162883
166124 166300
167247 167439
170537 170749
171109 171219
172523 173681
174713 174880
175152 175446
175619 175828
177860 177978
179424 179636
180428 180771
183595 183802
184574 184710
186526 186693
191481 191553
193034 193556
196590 196751
200795 201126
201298 201476
203230 203395
207388 207519
209325 210075
210183 210416
210906 210964
215189 215479
219055 219323
226398 226566
227369 227735
228102 228245
229546 229718
232463 232532
235557 235743
236343 236468
239217 239413
239650 240418
241538 242077
242359 242512
242604 242847
243145 243382
243735 243793
244540 244703
246202 246499
248096 248918
251215 251390
252578 252846
253183 253310
253626 253777
256029 256321
257667 257740
258723 264241
264344 264563
266970 267243
269683 270026
270580 270914
273299 273371
273603 273736
274609 274807
276076 276513
280952 281202
282225 282421
283307 283515
284817 285023
285278 285529
285752 285902
290533 290724
291471 292004
292859 292910
293692 293830
298071 298206
298690 299331
299592 299716
299835 300002
300820 300930
301181 301234
303649 304401
305010 305528
306027 306335
307102 307324
307881 308067
308587 309736
310108 310267
310741 310976
311586 311859
312295 312456
314038 314217
316603 317294
320851 320997
326806 326985
327587 327904
332181 332487
333988 334280
334884 335269
336290 336990
337345 337468
338283 341334
342674 342940
343250 343501
349502 349686
349840 349988
350548 351927
357392 358137
361721 362375
363595 364848
367669 367868
371074 371240
372543 372652
372826 373105
373637 373871
376918 376967
378770 378948
379171 379903
382121 382328
382540 382729
384055 384211
384596 384742
388773 388890
390136 390378
390988 391206
391457 391778
392863 406437
408519 408931
410361 440160
446807 498978
499705 499833
500668 512908
515148 515491
517936 518013
518117 518244
523388 523665
523823 523975
525091 525256
525400 525557
527240 527441
528451 528658
529234 529555
529717 529908
532834 533488
534808 535823
537616 537869
538193 538456
539213 539302
539668 540295
541143 541692
541998 542159
542241 542483
542678 543148
543369 543546
543717 543874
544317 544560
544653 544839
545016 545248
545380 545603
546171 546402
546676 548552
549214 550753
551192 551273
552174 552375
552723 553154
555467 556373
557644 557772
558043 558231
558385 558934
559345 559608
560490 562834
563666 563888
564098 564396
564524 564664
566052 566569
567640 568051
568359 568905
569603 574488
574709 574851
575464 575577
576582 577710
578994 579774
580093 580194
581082 583275
583403 583544
585124 585359
585490 587950
589922 590061
590664 591612
591736 591963
592551 592761
592970 593095
593287 593524
593624 593770
594195 594380
594613 594799
595755 596775
596857 597365
597459 598205
598903 599061
600728 600922
601920 603161
603571 603725
604475 604601
604787 604987
605204 605254
605794 606822
607081 607491
607868 608036
608381 608549
609539 609697
610063 610425
613789 613917
614182 614383
615291 615560
615832 615898
617138 617375
617675 617849
618307 618730
619347 619522
621106 621641
621774 622044
622750 623308
623719 623951
624585 625281
632851 633236
634284 634529
637706 637974
638712 638943
639153 639383
640547 640686
640977 641645
643118 646383
646722 647120
648801 648954
649298 651348
653477 667745
668361 668463
671926 672969
674013 674150
674401 675207
676912 677462
678980 679148
679379 679514
679867 680043
680238 680461
681198 681279
681437 681665
681850 681978
682202 682332
684213 685825
686790 686947
687922 688255
688889 688958
689073 707624
709570 709905
710831 711058
716392 716486
716692 726410
746787 747890
754024 754147
757527 757867
763548 763667
763824 763975
766730 766895
769892 770052
771250 772204
773590 774416
774560 774805
774997 775192
775372 775531
776578 776826
777886 778005
780902 782110
782488 782932
784720 784878
786128 787197
787946 788140
788493 788732
788899 789254
790036 790216
790431 790774
791105 791269
791553 791738
793258 793477
793949 794151
794790 805054
805661 805815
806117 806421
807562 807699
809680 809889
810894 811131
812081 812326
812507 812696
812847 813171
813507 813638
816189 816340
818805 818969
820765 821229
822075 822440
822661 822839
823011 823346
824228 824382
825614 825821
825954 826206
832760 833028
833275 833413
833735 834822
839898 840032
840292 840489
840964 841118
841655 841928
842990 843362
844197 844398
846507 846876
847817 848381
849955 850020
850420 857558
858430 896987
897563 926277
928343 928931
929639 931288
933936 944571
944997 945290
947342 947524
947705 947767
948215 948392
950825 950979
956195 956560
956867 957033
957334 957786
959190 959376
959575 961368
962964 963021
964732 964862
965769 966206
966551 966809
969620 975444
982041 982738
988667 988803
989025 989201
991677 991970
995261 995722
995881 1026381
1026589 1026779
1028345 1028538
1029682 1029926
1030156 1030224
1030806 1031474
1032131 1032341
1032736 1032794
1033314 1033662
1033863 1034040
1034466 1034538
1038001 1038348
1044232 1044285
1047582 1048772
1049586 1050587
1050700 1050843
1055792 1055933
1056179 1056308
1056519 1056718
1056899 1057014
1058609 1059016
1060975 1061050
1063464 1063843
1065929 1066244
1068173 1068342
1072090 1072348
1079293 1079426
1080714 1080892
1082108 1092667
1093386 1093558
1095901 1097070
1097593 1097829
1098088 1098295
1099364 1100196
1101535 1101822
1103490 1103646
1105722 1105832
1105960 1106135
1106281 1124425
1125000 1127063
1130462 1130791
1132531 1132725
1132810 1133004
1136392 1137474
1138835 1139240
1156687 1156876
1157316 1157534
1160136 1160277
1161780 1161837
1162166 1162398
1165920 1166012
1166264 1166407
1168407 1168533
1171849 1172313
1173704 1173923
1174069 1174220
1175388 1176434
1186517 1186811
1189060 1189404
1189509 1189653
1189896 1190091
1190639 1190805
1192443 1192713
1192840 1193036
1194222 1194421
1196836 1197069
1205404 1205828
1206797 1207063
1207601 1208570
1209596 1209832
1211362 1211414
1212322 1212400
1213149 1213204
1213684 1213820
1214032 1214166
1214696 1214841
1215251 1216568
1217176 1217333
1217441 1217697
1217916 1220859
1221506 1222073
1222719 1241070
1241764 1241821
1242511 1254967
1255693 1256169
1260310 1260372
1260643 1260782
1260851 1261101
1261233 1261845
1261996 1262188
1262501 1262772
1263341 1263504
1263740 1263900
1267240 1267633
1268456 1268774
1270468 1270528
1270659 1270883
1272105 1272384
1272509 1272721
1273456 1273604
1275757 1276020
1277085 1277626
1278575 1278813
1279119 1279372
1280257 1280418
1280605 1284525
1288490 1289419
1289636 1290169
1290646 1290709
1290882 1291021
1291226 1291536
1292432 1292964
1293357 1293413
1294488 1294620
1295067 1296242
1296920 1297049
1298579 1300797
Bacteroides_eggerthii_gi_482849940_ref_NZ_
1 2244
Bacteroides_eggerthii_gi_482849899_ref_NZ_
1 897
1199 1494
1805 2230
3284 3401
4277 4939
5593 5859
6093 6349
8956 19929
19996 20156
21297 21406
23128 23396
23811 24492
24849 25073
25345 25660
28133 29607
31583 34444
36568 37269
38541 38700
38863 39190
44410 45136
45453 45662
49486 60350
61086 61175
68252 68377
70009 70203
71507 71634
71897 72093
72231 72536
72922 73156
73545 116373
117825 118064
118301 118462
119102 119296
119498 119837
120025 120163
120595 120767
120928 121147
121267 121489
122044 122375
123474 123625
123893 124909
125435 125613
129412 129626
130708 131009
131824 132554
134547 134676
150071 150302
152860 153717
155461 155823
170315 170695
171575 171628
173883 174189
179653 180424
189802 191496
205709 206185
210376 210427
211347 211491
212478 212707
215031 215170
217315 217697
219392 219541
221426 221563
221801 221976
222336 222494
224138 224271
225746 225920
226237 227773
227893 228034
228916 228985
230960 232308
232915 233122
233544 233748
234568 234729
234916 235037
236600 236725
237115 237581
237841 238069
238297 238441
238627 238710
239032 239085
239197 239337
239769 240762
241216 241492
243339 243466
244365 244654
244789 244898
246200 246475
248241 248397
249479 249703
250288 250953
251512 251735
254535 254983
255123 255549
255884 256042
257537 257751
259542 259845
261689 261872
261988 263140
263891 264590
265004 265255
266361 266546
267198 267419
267634 267866
268053 268665
270884 271643
273968 274103
274239 274459
277059 277978
278344 278587
279003 279143
279288 279515
281885 282078
284432 284946
287486 287694
288293 288512
289245 289496
291023 291205
292217 292348
295370 295856
296094 296331
298029 299026
299332 300219
300784 301052
315619 316115
322430 322492
323479 323640
324673 325455
326395 326698
327267 327439
328150 328755
332586 372965
373071 423274
425876 426272
434938 435133
435274 435868
436038 436247
436844 437127
438918 439116
439285 439476
439603 440627
442090 442294
443252 443674
444416 444994
448036 449041
451648 452298
452449 452711
452879 453088
453458 453670
453833 454085
455053 455209
458338 458528
459054 459364
460407 460572
461175 461327
461467 461653
463282 464322
464953 465277
466138 466270
467374 467533
467719 467786
467976 468104
470260 470794
471210 471409
472404 472461
479410 479634
481761 481908
482399 482670
482840 483048
483660 483897
483987 484134
485639 486875
488476 488574
489438 489773
490374 491400
491764 491986
493236 493291
493640 493926
494491 494695
496178 496241
497823 497907
500598 502060
504246 505004
505552 505875
507640 507696
510857 511129
518611 518731
520653 520847
522383 522798
524388 524470
525444 545498
547391 547541
548168 549207
549816 550098
551783 551922
557091 557653
558938 559252
564798 564969
565412 565599
565877 566131
566264 566458
567600 568645
570056 570265
570361 570523
570888 570945
571051 571104
572083 572366
575495 576587
577136 577626
578415 578470
578984 579053
579318 579400
579696 586548
586625 591089
591214 595423
595577 612519
Bacteroides_eggerthii_gi_482849934_ref_NZ_
1 3294
Bacteroides_eggerthii_gi_482849918_ref_NZ_
1 3074
8212 9784
11734 16873
Bacteroides_eggerthii_gi_482849914_ref_NZ_
1 350
752 986
1172 1417
2232 2298
2555 2757
2999 4695
5084 5298
6458 6632
6842 7095
7349 7526
8137 8222
8508 8727
8926 9074
9934 10230
10682 10938
13672 13721
14054 14387
15105 15634
16499 16549
17230 17447
17796 18011
30364 30872
32142 32846
33943 34567
35565 36692
Bacteroides_eggerthii_gi_482849916_ref_NZ_
1 22776
Bacteroides_eggerthii_gi_482849926_ref_NZ_
1 5106
Bacteroides_eggerthii_gi_482849910_ref_NZ_
1 18037
18796 19099
19784 25903
26605 35879
36418 38957
40503 41102
42574 42855
43859 52157
53793 60986
63857 64133
70184 70316
71428 71797
Bacteroides_eggerthii_gi_482849922_ref_NZ_
1 6049
Bacteroides_eggerthii_gi_482849948_ref_NZ_
1 940
Bacteroides_eggerthii_gi_482849928_ref_NZ_
1 4931
Bacteroides_eggerthii_gi_482849912_ref_NZ_
1 23081
23943 51988
Bacteroides_eggerthii_gi_482849920_ref_NZ_
1 7724
Bacteroides_eggerthii_gi_482849932_ref_NZ_
1 4148
Bacteroides_eggerthii_gi_482849906_ref_NZ_
1 995
2863 3336
3469 3696
3769 3974
4389 4531
5562 6063
7262 7336
12154 12513
19506 19594
20244 20363
24793 26533
27027 27197
30171 30503
31026 33116
33630 33820
34500 34890
35760 36146
36660 36896
37145 37727
39587 39767
39893 39973
41080 41247
44732 44924
45185 45564
46223 46615
51606 52028
52322 52541
54581 54860
55069 55372
60403 60550
61476 62435
62943 63137
63843 64190
64347 64495
64844 65003
66472 67099
67370 67594
67677 67828
67973 68447
69093 69299
69397 69594
69695 70087
70929 71057
72682 73020
73226 73425
75171 75383
75469 75674
79153 79278
85339 85575
86037 86314
88333 88560
88678 88885
91977 92237
96293 96998
99231 99811
100946 101795
102759 102916
104629 104770
107684 107965
109678 109811
110226 110481
110730 110853
111654 111893
112401 113174
113700 113840
114987 115168
116122 116338
117169 117668
119009 120168
123640 141179
142154 142489
143247 143454
145024 145170
147109 147406
147643 147889
152117 152479
154849 155233
156872 157465
165918 166373
170187 170348
174337 175207
177683 177842
177997 178131
178443 178854
179440 179656
180295 180550
181138 181309
182453 182677
184307 184453
185181 185337
186105 186271
187716 188341
189317 189692
189910 190105
190326 191124
193815 194256
194626 194852
195196 195450
195765 196720
199013 199241
200426 201420
205136 205189
212778 213148
213506 213744
214930 215385
216470 216848
217853 218428
220253 220674
221944 222176
222483 223663
223811 224021
224540 224911
226352 226607
227065 227473
228937 229264
230250 230481
230971 238863
Bacteroides_eggerthii_gi_482849936_ref_NZ_
1 436
1215 3026
Bacteroides_eggerthii_gi_482849942_ref_NZ_
1 2080
Bacteroides_eggerthii_gi_482849946_ref_NZ_
1 1115
Bacteroides_eggerthii_gi_482849944_ref_NZ_
1 2047
Bacteroides_eggerthii_gi_482849901_ref_NZ_
1 1391
2343 2549
3203 3329
6065 7438
8508 8699
9958 10199
10366 10455
10841 10986
12721 12835
13216 13305
13608 13844
14223 14389
14837 14945
15652 15796
16035 16212
16731 17903
18143 18310
23407 23709
24320 24708
26661 26891
27115 27544
28404 28704
28845 29093
29489 30850
31331 31486
31630 31792
32087 32207
32286 32495
32646 34144
35802 36192
37060 37208
37520 38616
38761 38937
39344 40965
41091 41340
41452 41708
44939 45067
48150 48562
49319 50161
50751 50891
51908 52100
53143 53365
53836 53950
54457 54705
54982 55445
55601 55729
57907 58090
58976 59154
59830 59898
61246 61394
61756 62625
70847 71631
80032 81155
81971 82215
82798 82952
84922 85123
85231 85405
86741 87510
89459 93229
96737 96962
97758 99588
99889 100071
101176 106713
108032 108210
108495 108722
109506 109726
111231 111390
112262 112989
114115 114625
117465 117645
117922 118038
118442 120346
122642 123461
124314 124381
124660 125069
125685 126403
126584 126735
126906 127132
127654 127885
128665 128950
129858 130062
130186 130405
131000 131068
131603 131759
131941 132075
132242 132774
137031 137100
137775 138099
144317 148974
149199 149257
149728 149897
150963 151344
151484 151667
151964 152013
152325 152511
152647 152826
154763 154919
155081 160715
161458 161923
163463 163549
164295 164445
164664 164835
165021 165813
166561 166916
167447 167518
168095 168579
168834 168995
169112 169256
169545 169771
169921 171281
171349 171533
172143 172456
173295 173484
173904 174267
174605 174752
175619 175742
175989 176143
176466 176542
178774 178980
179494 179564
179690 187027
187145 188825
189456 189890
190169 190372
191935 192071
193752 194009
194615 195034
200210 200507
202217 202332
205307 205484
205780 205917
207089 207149
207292 208468
209608 210252
212337 217799
234045 234312
234700 234903
237865 238314
261645 262376
263110 263344
263903 264143
264276 264606
264859 264988
265568 265714
266021 266239
266498 266613
269476 271504
272192 272340
276276 276699
281993 282345
282542 282741
284954 285225
286181 286380
289095 289176
292707 293208
293813 294651
297685 297816
298387 298768
299078 299284
305003 305278
306893 307094
307399 307460
307744 308876
312108 312827
312973 313118
313890 316542
316655 318511
319105 319288
322487 323496
324470 325357
325636 325823
326316 326879
328119 328563
328729 328782
329863 330662
331293 331540
331714 333133
333437 333630
334041 334109
334223 334277
334387 334437
334539 334618
335086 335588
337200 337384
337524 337603
337807 338026
339545 340657
345512 345729
345834 346616
347213 348139
360650 361022
362028 362854
364009 364984
365412 365564
366615 366970
367196 367325
367780 368231
368490 368623
369094 369270
369376 369586
369778 370853
371751 372123
373548 373741
373970 374060
374910 375041
376886 376957
377228 377395
377529 377853
378831 379012
381025 381190
381658 381813
381967 382103
382283 382554
382717 382933
383010 384727
384897 385066
385626 386403
386537 386672
387251 387468
388159 388218
388590 388770
389064 389257
390442 390583
393779 394055
396535 396666
398077 398396
401878 401937
402572 402700
403255 403458
404893 406236
406373 431037
431758 436107
436739 452975
456542 457389
458362 458488
458744 459485
461332 461566
462049 462286
463291 463661
464051 464169
465224 465397
469100 469301
469545 469821
470028 470151
471381 471512
471693 471888
472036 472142
472369 472448
474098 474334
474441 474518
476269 476694
482088 482484
484149 551171
Bacteroides_eggerthii_gi_482849895_ref_NZ_
1 328
1236 1878
2019 2219
2856 3250
3622 3820
4426 4717
6255 6765
16880 17137
19110 19412
29112 29542
35508 35808
49972 50480
52902 53550
55373 62184
75748 75835
79339 79388
80060 80110
80582 80684
85828 85908
86045 86191
86682 86798
87612 88348
89807 90036
91414 91544
91712 91931
99568 99911
101517 101655
101858 101930
104364 104615
105246 105356
105798 106642
106915 107150
107308 108374
108615 108809
114466 114712
116518 116692
119247 119468
121485 121720
122754 123250
123494 123655
124932 124990
125247 125383
126364 126624
127348 127609
128134 128265
129063 129347
130211 130449
131445 131512
132482 135259
136248 136310
136386 136473
136997 137140
137772 137985
138570 138737
139532 139657
139830 140022
140179 140593
141510 141811
142810 142945
143234 143474
143832 144869
145571 147393
150938 151360
152637 152906
155052 155118
156488 156706
160465 328425
331601 331754
338562 339056
339287 352825
358512 358753
359075 359208
359650 359718
360033 360225
362096 362304
363061 363229
363478 363648
364213 364714
365530 365694
365887 365943
366676 367124
367339 367501
367797 367993
372089 372247
373536 373761
373855 374015
374395 374652
380079 380238
380570 380868
381215 381376
384352 385215
385739 386295
388170 388373
388451 389133
394836 395028
395622 396345
396650 396807
397019 397244
397929 398117
399664 400029
409674 410405
411058 411178
411822 411953
412221 412563
416994 417246
418045 418109
418447 418564
419059 419116
422263 422342
422773 422930
423243 423410
423672 424475
425510 426046
426176 426350
426764 427360
431686 431924
433764 435233
435858 436022
436294 436465
439522 439653
440116 440277
441862 442220
443369 443887
444847 445430
449529 449620
452693 452817
459371 459900
460417 461436
461776 461904
462147 462808
463056 463401
463522 463707
464148 465313
466062 466200
466553 466795
466875 466952
467599 468056
468163 468902
469032 469213
469584 469721
469960 470203
471514 471649
472503 472888
473772 473845
475352 475809
478164 478245
479030 479517
479979 480111
480603 480815
486817 487054
490455 491550
492895 493033
493577 493706
494455 494894
496881 497106
498732 499232
504455 510818
513702 513919
517464 517911
518919 519103
520981 521364
522786 522995
527144 527344
527791 527995
528424 529379
533272 533500
534855 535194
538195 538366
540386 540679
542083 542159
543554 544533
545384 545711
547063 547192
549877 549995
550384 550687
551143 551344
552187 552984
553369 553635
557352 557560
557778 557940
558480 558547
559023 559175
559307 559493
560014 560220
560499 561253
563266 564207
564631 564834
564900 566541
567344 567492
567594 567817
568464 568677
568798 569229
569720 570169
570737 572026
578716 578818
586198 586874
587682 589662
590916 591128
591329 591549
591688 605522
606847 607036
607261 607640
609090 609287
609377 609578
610461 612540
613134 613631
614185 622243
622350 626171
626961 627096
627436 628413
628590 628810
629248 631554
Bacteroides_eggerthii_gi_482849904_ref_NZ_
1 58709
59715 59789
61804 62083
62279 63352
63935 64191
65152 65277
65478 65699
66829 67309
67750 67906
68182 71861
72556 72841
72986 73254
73675 73754
75713 76389
77061 77449
78197 80104
80307 80518
84497 84629
86797 87686
89016 89609
89713 89855
90754 90903
91295 91864
97663 98008
100017 100455
101074 101545
103356 103641
106028 106231
106649 106790
106983 107261
107994 108148
108267 108365
108897 109058
113807 114039
115849 116114
118389 118636
119148 119340
121307 121559
121727 121889
123511 123844
125049 125631
126840 127316
127738 127979
128916 129141
130500 130702
131064 131206
132144 132314
133151 133445
133810 133970
134303 134528
134901 135650
138745 142097
143928 144315
144537 144736
145252 145349
146422 146483
147102 147155
149539 149666
154835 154999
155675 155821
157097 158191
158989 159157
160636 161435
162652 163248
163817 164064
165918 166125
166457 167017
167711 168212
169612 169691
170050 170252
171078 171315
171829 172089
175870 176113
176229 176899
177721 178156
185770 185904
187008 187146
190437 191007
191223 191367
192704 192910
193808 193935
194048 200292
200494 201026
201378 201560
201701 202318
202548 202812
203009 203578
203715 203876
204001 204189
204284 204429
204543 205421
205534 206681
206829 207375
207798 208443
209252 211694
211784 214223
214632 215694
215803 216059
216222 216380
216525 216915
217011 217233
217379 227626
227759 227999
228416 228487
229663 232889
234212 234300
234626 234816
239005 240566
240717 240918
241377 241574
241718 243621
243871 244050
244499 245504
248758 249325
249747 249908
251764 251931
252265 252715
253586 253778
254329 254716
256000 257772
259315 259550
259673 262649
Bacteroides_eggerthii_gi_482849924_ref_NZ_
4625 5683
