Bacteroides_eggerthii_gi_482849938_ref_NZ_
1 2382
Bacteroides_eggerthii_gi_482849908_ref_NZ_
1 2933
19207 22714
25747 27861
29207 30779
49509 73794
96519 96611
99350 99444
112622 115113
124682 128129
Bacteroides_eggerthii_gi_482849930_ref_NZ_
1 4852
Bacteroides_eggerthii_gi_482849897_ref_NZ_
1 8053
20197 20396
43612 43897
70576 73854
74245 76935
78139 78277
104017 104107
106269 106388
109170 109289
111849 112087
178425 178946
187676 187825
205955 206058
208445 208547
303136 303346
305103 305227
311083 314639
322588 322730
343476 343717
345270 345327
350978 351117
351961 352176
363913 364104
375031 379986
384408 384621
409696 414919
429943 430029
458497 458648
505208 505712
539889 552027
592116 622449
629691 630106
Bacteroides_eggerthii_gi_482849893_ref_NZ_
4939 5692
25919 26013
80756 80846
83750 97545
139113 139614
144227 144303
145820 146138
154614 154850
158526 158808
166215 166274
167303 167404
172821 173096
196912 196995
239368 240413
258723 264472
264545 267243
301228 301337
309322 309422
320729 320881
340932 341285
350548 351927
358028 358159
363643 364134
392863 477122
477603 480094
486124 512877
539465 539961
541152 542873
544384 544528
545435 545502
546700 546873
559906 560151
561854 562314
563400 563681
569603 575577
576592 577562
580093 580194
581082 582255
586567 586932
592587 592670
593545 593744
600847 600903
604553 604641
606130 606261
619228 619449
637747 637916
641485 641550
643156 646072
653477 667745
668392 668463
672210 672431
684232 684368
684581 684708
688889 688958
689073 706192
716493 716590
716754 726346
763864 763972
774067 774490
780989 782163
793365 794149
794790 805270
821033 821690
834412 834571
837957 838055
850420 856362
856522 945024
945829 946035
959657 959812
969830 975444
982041 982738
995881 1026381
1030711 1030834
1035660 1035804
1049618 1050116
1051134 1051416
1082386 1092667
1106866 1116076
1117311 1124395
1125000 1127063
1194239 1194331
1206797 1207063
1222719 1241070
1242511 1254594
1254953 1255079
1260343 1260723
1261084 1261204
1261589 1261820
1272166 1272893
1279386 1281782
1283312 1283926
1288514 1289195
1293429 1295370
1295973 1296210
1298580 1300797
Bacteroides_eggerthii_gi_482849940_ref_NZ_
1 2244
Bacteroides_eggerthii_gi_482849899_ref_NZ_
1 878
9031 20107
23190 23279
28435 29526
31583 31767
33092 33599
50152 50262
50354 58626
58747 59202
73953 115989
118373 118438
124280 124708
134548 134633
189802 191496
226299 227415
239954 240160
261744 263140
263814 263908
273793 274047
291066 291179
332586 423274
434993 436015
444601 444880
479410 479634
483907 484072
501531 502060
524405 524463
525917 545498
547302 547442
548860 548986
549843 550075
565659 567917
580534 612519
Bacteroides_eggerthii_gi_482849934_ref_NZ_
1 2982
Bacteroides_eggerthii_gi_482849918_ref_NZ_
1 1635
11818 16873
Bacteroides_eggerthii_gi_482849914_ref_NZ_
6579 6858
19272 20527
35564 36692
Bacteroides_eggerthii_gi_482849916_ref_NZ_
1 22776
Bacteroides_eggerthii_gi_482849926_ref_NZ_
1 5106
Bacteroides_eggerthii_gi_482849910_ref_NZ_
1 22510
23336 25275
26607 26986
27580 32307
33543 60337
70184 70316
71428 71797
Bacteroides_eggerthii_gi_482849922_ref_NZ_
1 6049
Bacteroides_eggerthii_gi_482849948_ref_NZ_
1 940
Bacteroides_eggerthii_gi_482849928_ref_NZ_
1 4931
Bacteroides_eggerthii_gi_482849912_ref_NZ_
1 51988
Bacteroides_eggerthii_gi_482849920_ref_NZ_
1 7724
Bacteroides_eggerthii_gi_482849932_ref_NZ_
1 2508
3645 4148
Bacteroides_eggerthii_gi_482849906_ref_NZ_
1 1032
31026 32524
33839 34019
37159 39856
70951 71050
99231 99479
100998 101165
101402 101591
107800 107963
123640 141179
157243 157357
174819 175085
190467 190897
222003 222150
230971 238863
Bacteroides_eggerthii_gi_482849936_ref_NZ_
1 3026
Bacteroides_eggerthii_gi_482849942_ref_NZ_
1 2080
Bacteroides_eggerthii_gi_482849946_ref_NZ_
1 1115
Bacteroides_eggerthii_gi_482849944_ref_NZ_
1 2047
Bacteroides_eggerthii_gi_482849901_ref_NZ_
1 402
6065 12973
33814 34060
35989 36222
37106 37299
38215 38590
39499 40927
70847 71631
84940 85373
91526 93229
101176 106713
126603 126700
144317 148974
155081 160715
168373 168515
169938 170487
171398 171496
181300 186663
186891 187143
207330 207494
212337 217847
265987 266549
316655 318201
337591 337844
345617 346592
347781 348206
369387 369604
383285 384018
384944 385715
407255 430117
431602 435687
436163 452975
469434 470093
471514 471855
484376 513170
513460 516174
517222 551171
Bacteroides_eggerthii_gi_482849895_ref_NZ_
1 194
6653 6739
37238 37311
55373 62184
133010 133445
160465 209230
209815 212725
213465 214986
215282 216115
216624 222174
223792 224049
224700 328399
338643 343302
343655 352797
363131 363384
388451 389133
426842 426973
429413 429471
493609 493684
504455 510644
552673 552913
563336 563432
568535 569195
570718 587499
589150 589310
590971 594194
594354 605454
612535 624150
630060 631554
Bacteroides_eggerthii_gi_482849904_ref_NZ_
1 58705
70150 70448
70923 73592
75850 76169
79008 79189
79474 80106
89582 89789
126840 127316
128971 129119
138823 142097
168013 168088
192803 192880
194361 199233
199840 200028
202349 202487
202695 203087
204070 204235
212385 212550
214829 215413
217947 225345
225892 228842
229707 230390
230961 233010
234691 234791
239501 239940
242738 242835
260119 261084
261155 262649
Bacteroides_eggerthii_gi_482849924_ref_NZ_
3792 5683
