Bacteroides_sp_3_2_5_gi_384096968_ref_NZ_
1 6317
8525 20169
20846 56427
57031 63953
64562 78431
88491 110505
111043 119462
119965 141560
142179 163236
163764 185196
185850 258289
258905 270161
270779 304601
305184 349606
350658 354833
355451 376220
376757 414901
415965 465080
465717 465969
466716 474567
475234 500037
500702 581418
582161 612952
613556 616139
Bacteroides_sp_3_2_5_gi_384096969_ref_NZ_
1 55711
56357 59269
60407 61657
62281 63120
63622 109562
110447 142064
143094 146504
147010 152805
153459 181582
182250 193131
193738 195417
196178 197504
198439 212384
213087 268817
269406 283977
284753 301275
302051 303543
304131 314458
315058 322405
322925 328968
329708 337632
338247 347374
348104 370102
370620 378381
379385 385891
386532 394088
394600 420477
421070 421918
422839 431542
432947 433142
434088 471427
472083 516078
516774 524211
524976 535741
536350 544845
545469 547499
547748 555618
556540 587968
588640 610573
611104 628488
629167 637513
638319 653039
653541 656454
656976 659126
660197 661293
662005 664826
665151 678776
679537 691390
692128 707245
708574 718085
718805 719802
720407 723983
724654 763734
764322 766402
766936 767160
767753 771514
772215 783395
784105 786121
786641 787512
787939 832891
833507 887408
888079 901899
902523 910269
911022 921216
921763 968693
969339 975217
975856 1013275
1013847 1022669
1023262 1028095
1028775 1033521
1034418 1083555
1084106 1121626
1122322 1143853
1145001 1154391
1155552 1189931
1190629 1197017
1197575 1214557
1215275 1265127
1266056 1281851
1282493 1291079
1291697 1346637
1347453 1383141
1383275 1449758
1450534 1451162
1451258 1480322
1481053 1525654
1526202 1537954
1541160 1541378
1548572 1554313
1555206 1558213
1558347 1612474
1613166 1636424
1636925 1707483
1708020 1794630
1795154 1886385
1887035 1898336
1899142 1923092
1923600 1937204
1937823 1982351
1983000 2030864
2065938 2188138
2188674 2239329
2239840 2304928
2305760 2374738
2374949 2380068
2380899 2392141
2392212 2581156
2581817 2689985
2690613 2724925
2725638 2729373
2730113 2803655
2804487 2867746
2868416 2904371
2904917 2905299
2905914 2909665
2910199 2912864
2913380 2943017
2943605 2979760
2996745 3004835
3021419 3031020
3031102 3043123
3043712 3111484
3111993 3139481
3139998 3186750
3187459 3253542
Bacteroides_sp_3_2_5_gi_384096971_ref_NZ_
1 44143
44688 59396
59936 95354
96067 114034
114599 151316
151984 196979
197507 203285
204122 209367
209901 211128
211671 220284
221172 237674
238493 247903
248494 254085
254621 264419
265043 277022
278019 278850
279455 312194
312818 330289
331050 338893
339430 352278
352937 353674
354263 370330
370847 389325
Bacteroides_sp_3_2_5_gi_384096970_ref_NZ_
1 298200
298899 303839
304476 321605
322236 365790
366018 472588
473197 489149
489268 560968
561567 561809
562376 590370
591024 597226
597868 609020
609723 612489
613060 616672
617443 647857
648568 661312
662623 669705
670342 683696
684410 685803
686495 687947
688557 690524
691117 711007
711613 716030
Bacteroides_sp_3_2_5_gi_384096972_ref_NZ_
1 4995
5536 6623
7358 19391
20432 34796
35499 39324
40024 89340
90073 141246
