Bacteroides_sp_3_2_5_gi_384096968_ref_NZ_
1 10332
10601 13033
13308 79629
80501 80838
82904 83492
84200 265286
265366 616139
Bacteroides_sp_3_2_5_gi_384096969_ref_NZ_
1 1045723
1045832 1046095
1046293 1046428
1046524 1214623
1214734 1214971
1215182 1215391
1215487 1413467
1414109 1414336
1414728 1414887
1415196 1415745
1416071 1538740
1540421 1540585
1540860 1540947
1541160 1541378
1541481 1541666
1541856 1542096
1542535 1544486
1545046 2031023
2031540 2031937
2034276 2036590
2038730 2039157
2043810 2044217
2049769 2050181
2051501 2052003
2056105 2056336
2065938 2104847
2109486 2109865
2114540 2130411
2131200 2131271
2139151 2139262
2143589 2380087
2380374 2380622
2380778 2382202
2382298 2382495
2382574 2983337
2986919 2988473
2990902 2991829
2993125 2993557
2996766 2997747
2998321 2999598
3000499 3002860
3014628 3014730
3021419 3253542
Bacteroides_sp_3_2_5_gi_384096971_ref_NZ_
1 389325
Bacteroides_sp_3_2_5_gi_384096970_ref_NZ_
1 716030
Bacteroides_sp_3_2_5_gi_384096972_ref_NZ_
1 125446
125575 141246
