Bacteroides_sp_3_2_5_gi_384096968_ref_NZ_
1 2824
3326 7161
8525 20146
20846 32130
33412 38884
39563 39727
40329 42226
42891 56427
57097 60794
60876 63953
64562 78537
88491 110469
111097 119346
119965 136624
137340 146147
146825 180741
181520 185196
185850 191733
192315 258289
259069 268890
269472 272132
273314 304601
305122 305542
306034 354833
355485 355974
356697 359384
359924 363412
364125 379096
379737 389438
390848 414664
415803 465932
466716 469516
470042 474782
475479 500037
500738 515400
516144 525514
526020 539741
540244 542160
542753 581074
582443 584616
584727 604930
605474 616139
Bacteroides_sp_3_2_5_gi_384096969_ref_NZ_
1 201
761 9920
10485 18407
18977 20373
20975 55856
56357 61552
62316 63106
63624 94206
94937 103362
104349 114144
115104 123509
124165 134688
135193 142060
143013 146638
147306 152798
153460 172757
173366 181645
182208 193105
193717 195375
196413 200711
201304 217344
217880 222263
223064 244242
244731 262759
263159 268569
269676 273049
273579 274967
275396 279724
280293 283977
284874 306406
306977 314447
315073 320941
321559 323474
324055 329067
329709 337632
338145 339629
340598 347550
348104 357449
358058 371802
372375 378399
379392 384308
384908 394088
394647 431542
434003 458537
459233 461428
463149 476539
476750 476838
477053 489566
490148 512275
512840 516078
517328 517515
518040 519315
519835 520820
520958 524475
524981 544822
545469 573334
573901 577559
578150 588023
588652 592929
593632 603440
604172 632850
633388 635729
636294 636661
636832 653039
653686 659408
660226 661453
662005 678994
679081 688927
689477 691441
692769 707316
708574 719802
720426 723972
724654 761126
761636 763733
764607 766398
767786 769267
769895 783395
784478 786121
786709 796487
797111 798346
799765 841213
841737 852459
853022 859075
859689 862881
863386 880036
880644 881215
881734 887378
888094 901602
901809 901894
902558 902972
904427 904596
904838 904972
905288 910269
910972 921281
921783 928620
929386 964266
964988 966444
966959 968681
969453 972461
972998 1028086
1029062 1030239
1030901 1033521
1034269 1055875
1056421 1064002
1064107 1083624
1084106 1090388
1090971 1099722
1100257 1116081
1116697 1143648
1144955 1154367
1155556 1189887
1190641 1214557
1215511 1244787
1245298 1265076
1266063 1287435
1288213 1290752
1291697 1296709
1296976 1297125
1297341 1317621
1318221 1341975
1342631 1348016
1348558 1361754
1362404 1365720
1366067 1367821
1368323 1379340
1379511 1383106
1383275 1403067
1403650 1404007
1404556 1405136
1405651 1415177
1416114 1419847
1420128 1449749
1450389 1465262
1465842 1473153
1473876 1525331
1525470 1537692
1541167 1541373
1542104 1542202
1544181 1554313
1555093 1558213
1558372 1564636
1565636 1567668
1568269 1577443
1578111 1596770
1597389 1612616
1613167 1683442
1683999 1708820
1709596 1794630
1795473 1886163
1887035 1937204
1937862 1982311
1983008 1995876
1996448 2004208
2004729 2030864
2065938 2172730
2173249 2190078
2190606 2208876
2209402 2283262
2283859 2291406
2291970 2305006
2305797 2314830
2314979 2327469
2328175 2334194
2335291 2337110
2337662 2348888
2349399 2361047
2361627 2375999
2377068 2379724
2380899 2386099
2386654 2386756
2386990 2387092
2387351 2391866
2392096 2444033
2444499 2452882
2453514 2568407
2568970 2581288
2581845 2689985
2690638 2729312
2730076 2803655
2804497 2859387
2859894 2904199
2904917 2905285
2905864 2909665
2910280 2916546
2917287 2922671
2923195 2941008
2941217 3003752
3021419 3068259
3068814 3081593
3082664 3111480
3111994 3176115
3177075 3186446
3187942 3198248
3198447 3198567
3198834 3253542
Bacteroides_sp_3_2_5_gi_384096971_ref_NZ_
1 10566
11138 44130
44925 59441
59961 60396
61034 61302
61857 77537
78147 95354
96121 96777
97331 102410
102932 114034
114613 115189
115693 132958
133575 138218
138837 148792
149299 156403
156990 196973
197656 202334
203878 212140
212807 215030
215683 221872
222453 227502
228555 237867
238759 248203
248511 248627
248876 257867
257967 330377
331050 332672
333392 344688
345269 348988
349694 357672
358274 370330
371118 377670
378279 384259
384889 389325
Bacteroides_sp_3_2_5_gi_384096970_ref_NZ_
1 5841
6360 70530
71093 102654
103151 107226
107788 168699
169320 173265
173817 200450
200658 200792
201004 204332
204989 260642
261218 279844
280420 287914
288469 298200
298806 321603
322180 329447
329976 330426
331109 365775
366018 382705
383365 405652
406415 421979
423406 452533
452874 531206
532636 536345
537212 545083
545868 588325
588899 590323
590963 596450
597808 607632
608147 609011
609531 612563
613014 616787
617063 661637
662413 669705
670342 683242
684934 685796
686501 687947
688868 716030
Bacteroides_sp_3_2_5_gi_384096972_ref_NZ_
1 3313
3866 6623
7358 19391
19920 25141
25867 34796
35404 67362
68143 89339
90073 122519
123039 135946
136490 136757
137306 141246
