Bacteroides_cellulosilyticus_gi_423226005_ref_NZ_
1 664632
664737 672837
Bacteroides_cellulosilyticus_gi_423226969_ref_NZ_
1 391948
Bacteroides_cellulosilyticus_gi_423227589_ref_NZ_
1 36263
Bacteroides_cellulosilyticus_gi_423227526_ref_NZ_
1 38301
38396 38559
Bacteroides_cellulosilyticus_gi_423227732_ref_NZ_
1 6354
Bacteroides_cellulosilyticus_gi_423227450_ref_NZ_
1 49069
Bacteroides_cellulosilyticus_gi_423227552_ref_NZ_
1 36971
Bacteroides_cellulosilyticus_gi_423223955_ref_NZ_
1 149152
151334 155465
157773 158426
159069 160005
160543 168165
168742 168937
170843 176874
177700 180470
181185 181251
181765 184874
185735 189718
190650 191237
191887 194604
195310 196507
197956 198942
199847 200144
201449 201736
203012 206206
206987 207351
207894 208640
209481 212005
212711 214225
215283 215380
220871 221387
222849 223006
234681 235486
237238 237386
240038 244802
245737 245946
246736 247533
248516 249828
251128 251739
255629 255909
257030 257645
260637 260912
268064 1308987
Bacteroides_cellulosilyticus_gi_423227749_ref_NZ_
1 1141
Bacteroides_cellulosilyticus_gi_423227305_ref_NZ_
1 77287
Bacteroides_cellulosilyticus_gi_423227618_ref_NZ_
1 2624
2724 29271
Bacteroides_cellulosilyticus_gi_423227674_ref_NZ_
1 22397
Bacteroides_cellulosilyticus_gi_423221344_ref_NZ_
1 138843
140064 449795
450293 1144815
1145954 1146831
1147802 1212311
1213445 1217834
1219514 1258816
1259321 1294081
1294698 1297979
1298368 1298455
1299079 1299881
1300768 1303769
1304719 1305950
1306758 1307231
1307319 1316311
1317314 1317584
1319200 1614353
1614496 1616810
1617019 1854299
Bacteroides_cellulosilyticus_gi_423225019_ref_NZ_
1 563825
565583 595777
606724 1037608
Bacteroides_cellulosilyticus_gi_423227655_ref_NZ_
1 26993
Bacteroides_cellulosilyticus_gi_423227743_ref_NZ_
1 2839
Bacteroides_cellulosilyticus_gi_423227713_ref_NZ_
1 8813
Bacteroides_cellulosilyticus_gi_423227372_ref_NZ_
1 69032
Bacteroides_cellulosilyticus_gi_423222958_ref_NZ_
1 1422096
Bacteroides_cellulosilyticus_gi_423227723_ref_NZ_
1 8597
Bacteroides_cellulosilyticus_gi_423226541_ref_NZ_
1 517087
518243 519013
524369 529316
Bacteroides_cellulosilyticus_gi_423227488_ref_NZ_
1 42829
Bacteroides_cellulosilyticus_gi_423227702_ref_NZ_
1 18229
Bacteroides_cellulosilyticus_gi_423227747_ref_NZ_
1 1326
Bacteroides_cellulosilyticus_gi_423227770_ref_NZ_
1 1141
