Bacteroides_cellulosilyticus_gi_423226005_ref_NZ_
1 672837
Bacteroides_cellulosilyticus_gi_423226969_ref_NZ_
1 3673
4537 4685
7202 14254
14792 19881
21500 22539
25193 36141
37571 37983
38667 230025
230334 230600
230778 231074
232782 232848
233101 233222
233555 233713
233879 234007
234232 234289
234576 234780
235052 240867
242326 242581
245896 246050
246212 249637
250139 250523
252523 252672
254525 254756
256914 257591
258969 259137
259249 259380
259549 259957
261352 261496
261663 261822
264570 391948
Bacteroides_cellulosilyticus_gi_423227589_ref_NZ_
1 36263
Bacteroides_cellulosilyticus_gi_423227526_ref_NZ_
1 38559
Bacteroides_cellulosilyticus_gi_423227732_ref_NZ_
1 6354
Bacteroides_cellulosilyticus_gi_423227450_ref_NZ_
1 49069
Bacteroides_cellulosilyticus_gi_423227552_ref_NZ_
1 36971
Bacteroides_cellulosilyticus_gi_423223955_ref_NZ_
1 152929
153157 153324
153725 153959
154085 1306929
1308359 1308987
Bacteroides_cellulosilyticus_gi_423227749_ref_NZ_
1 1141
Bacteroides_cellulosilyticus_gi_423227305_ref_NZ_
1 77287
Bacteroides_cellulosilyticus_gi_423227618_ref_NZ_
1 16542
17046 17158
21216 25551
Bacteroides_cellulosilyticus_gi_423227674_ref_NZ_
1 22397
Bacteroides_cellulosilyticus_gi_423221344_ref_NZ_
1 139254
139985 1144893
1145599 1145768
1145912 1146107
1146195 1146394
1146507 1211771
1211896 1212371
1212563 1212725
1212820 1212977
1213159 1218675
1218831 1253002
1253578 1255953
1256083 1313454
1313775 1314018
1314368 1317436
1317529 1318168
1318340 1318599
1318769 1362142
1362425 1366619
1366711 1367004
1367516 1854299
Bacteroides_cellulosilyticus_gi_423225019_ref_NZ_
3876 5567
7472 7543
17154 17282
25212 25451
26814 31495
32272 174565
178888 178999
186879 186950
187739 204838
208392 208771
213409 242924
255200 261541
262353 262946
263808 265275
269377 269879
271199 271611
272433 273422
275867 277575
282228 282655
283591 286310
287034 287112
289451 289848
290366 564533
565240 566430
567145 571016
571566 582367
583312 590047
590840 598683
599216 599760
600352 602841
603626 1037608
Bacteroides_cellulosilyticus_gi_423227655_ref_NZ_
1 26993
Bacteroides_cellulosilyticus_gi_423227743_ref_NZ_
1 2839
Bacteroides_cellulosilyticus_gi_423227713_ref_NZ_
1 8813
Bacteroides_cellulosilyticus_gi_423227372_ref_NZ_
1 23534
24807 69032
Bacteroides_cellulosilyticus_gi_423222958_ref_NZ_
1 1422096
Bacteroides_cellulosilyticus_gi_423227723_ref_NZ_
1 8597
Bacteroides_cellulosilyticus_gi_423226541_ref_NZ_
1 517087
524369 529316
Bacteroides_cellulosilyticus_gi_423227488_ref_NZ_
1 42829
Bacteroides_cellulosilyticus_gi_423227702_ref_NZ_
1 18229
Bacteroides_cellulosilyticus_gi_423227747_ref_NZ_
1 111
776 1326
Bacteroides_cellulosilyticus_gi_423227770_ref_NZ_
1 1141
