Bacteroides_cellulosilyticus_gi_423226005_ref_NZ_
1 672837
Bacteroides_cellulosilyticus_gi_423226969_ref_NZ_
1 391948
Bacteroides_cellulosilyticus_gi_423227589_ref_NZ_
1 36263
Bacteroides_cellulosilyticus_gi_423227526_ref_NZ_
1 38559
Bacteroides_cellulosilyticus_gi_423227732_ref_NZ_
1 6354
Bacteroides_cellulosilyticus_gi_423227450_ref_NZ_
1 49069
Bacteroides_cellulosilyticus_gi_423227552_ref_NZ_
1 36971
Bacteroides_cellulosilyticus_gi_423223955_ref_NZ_
1 159073
159761 172027
172655 176971
177709 177987
179187 180470
184047 185076
186440 189718
192201 194055
195423 196207
197675 198603
203027 208640
209364 212040
212566 213930
215175 215380
221224 223173
226786 231535
232962 233216
233961 237644
238671 238861
240360 240775
241379 241561
244619 244836
245753 245911
246736 249889
250464 257606
268943 1308987
Bacteroides_cellulosilyticus_gi_423227749_ref_NZ_
1 1141
Bacteroides_cellulosilyticus_gi_423227305_ref_NZ_
1 77287
Bacteroides_cellulosilyticus_gi_423227618_ref_NZ_
1 29271
Bacteroides_cellulosilyticus_gi_423227674_ref_NZ_
1 22397
Bacteroides_cellulosilyticus_gi_423221344_ref_NZ_
1 138437
138861 138910
140064 680227
680327 1145927
1146915 1212144
1212886 1218138
1219270 1254824
1255175 1258053
1258355 1275857
1276102 1276282
1276498 1278274
1278721 1278823
1279038 1279169
1279417 1279507
1279734 1293628
1294988 1298455
1299089 1303769
1304719 1305936
1306468 1306627
1306758 1310819
1311478 1311604
1312338 1315010
1315515 1315566
1316179 1316308
1317047 1317221
1317434 1317841
1319200 1616854
1617005 1854299
Bacteroides_cellulosilyticus_gi_423225019_ref_NZ_
1 54962
55215 1037608
Bacteroides_cellulosilyticus_gi_423227655_ref_NZ_
1 26993
Bacteroides_cellulosilyticus_gi_423227743_ref_NZ_
1 2839
Bacteroides_cellulosilyticus_gi_423227713_ref_NZ_
1 8813
Bacteroides_cellulosilyticus_gi_423227372_ref_NZ_
1 69032
Bacteroides_cellulosilyticus_gi_423222958_ref_NZ_
1 1278767
1279018 1422096
Bacteroides_cellulosilyticus_gi_423227723_ref_NZ_
1 8597
Bacteroides_cellulosilyticus_gi_423226541_ref_NZ_
1 518247
524369 529316
Bacteroides_cellulosilyticus_gi_423227488_ref_NZ_
1 42829
Bacteroides_cellulosilyticus_gi_423227702_ref_NZ_
1 18229
Bacteroides_cellulosilyticus_gi_423227747_ref_NZ_
1 1326
Bacteroides_cellulosilyticus_gi_423227770_ref_NZ_
1 1141
