Campylobacter_concisus_UNSWCD_gi_416116845_ref_NZ_
1 1122
Campylobacter_concisus_UNSWCD_gi_416122241_ref_NZ_
1 225
Campylobacter_concisus_UNSWCD_gi_416122271_ref_NZ_
1 233
Campylobacter_concisus_UNSWCD_gi_416118439_ref_NZ_
1 761
Campylobacter_concisus_UNSWCD_gi_416117022_ref_NZ_
1 609
1201 2326
Campylobacter_concisus_UNSWCD_gi_416121608_ref_NZ_
1 541
Campylobacter_concisus_UNSWCD_gi_416114037_ref_NZ_
1 1459
2673 6656
7672 17238
18919 19107
30436 31091
32808 34253
36031 37755
38961 41327
42438 43258
44863 46583
47339 48197
51308 53581
54119 54838
55472 56256
58127 65934
67302 67599
Campylobacter_concisus_UNSWCD_gi_416117668_ref_NZ_
1 613
1474 4046
8022 11253
11648 11744
Campylobacter_concisus_UNSWCD_gi_416118985_ref_NZ_
1 614
1485 3649
4679 5111
6335 6740
9729 18166
21682 21927
22932 29326
29872 38583
Campylobacter_concisus_UNSWCD_gi_416119661_ref_NZ_
1 284
Campylobacter_concisus_UNSWCD_gi_416121270_ref_NZ_
1 379
Campylobacter_concisus_UNSWCD_gi_416122391_ref_NZ_
1 533
Campylobacter_concisus_UNSWCD_gi_416114184_ref_NZ_
1 12085
14716 17653
18415 22075
22768 23898
24043 28077
31517 42558
Campylobacter_concisus_UNSWCD_gi_416114428_ref_NZ_
1 412
Campylobacter_concisus_UNSWCD_gi_416115900_ref_NZ_
1 242
1175 1346
2058 3003
6630 8031
10159 10246
11487 14930
15910 20101
20689 22240
24023 24798
25540 26389
27580 31194
32382 32670
33514 34516
35416 36209
Campylobacter_concisus_UNSWCD_gi_416119836_ref_NZ_
1 7689
8413 13357
14612 19118
20348 20440
21703 22161
22744 24436
Campylobacter_concisus_UNSWCD_gi_416115264_ref_NZ_
1 2922
3982 17878
18394 26379
29531 35109
36480 37893
40811 42140
45104 45297
Campylobacter_concisus_UNSWCD_gi_416120448_ref_NZ_
1 609
Campylobacter_concisus_UNSWCD_gi_416117119_ref_NZ_
1 832
1435 5212
7736 7886
Campylobacter_concisus_UNSWCD_gi_416119753_ref_NZ_
1 803
1490 3036
3602 4098
4795 5322
6478 6675
7815 16642
Campylobacter_concisus_UNSWCD_gi_416121820_ref_NZ_
1 584
Campylobacter_concisus_UNSWCD_gi_416119868_ref_NZ_
1 272
Campylobacter_concisus_UNSWCD_gi_416116943_ref_NZ_
1 1962
Campylobacter_concisus_UNSWCD_gi_416116437_ref_NZ_
1 6686
8349 16675
20539 29693
Campylobacter_concisus_UNSWCD_gi_416117234_ref_NZ_
1 6144
8704 9257
10582 10655
11583 14694
15299 15795
16714 16913
17630 20264
21289 23098
23916 24741
25034 26630
28232 31357
31921 32066
36731 36878
40633 50468
51563 51766
53944 55626
58613 60313
62631 62793
64357 64691
65192 65280
66386 67275
70971 81055
85775 86003
87477 87979
93677 95779
96372 104644
105306 105363
106110 110953
Campylobacter_concisus_UNSWCD_gi_416117455_ref_NZ_
1 398
1571 2026
5489 8457
10661 11048
14501 16775
17973 19315
20803 21687
Campylobacter_concisus_UNSWCD_gi_416116743_ref_NZ_
1 402
6909 7335
7923 10887
Campylobacter_concisus_UNSWCD_gi_416119878_ref_NZ_
1 1181
Campylobacter_concisus_UNSWCD_gi_416113230_ref_NZ_
1 64
2469 4113
5114 6061
10758 10819
15880 20344
22638 24123
Campylobacter_concisus_UNSWCD_gi_416115538_ref_NZ_
224 10364
13578 13981
14945 16057
17958 24479
25112 27689
28557 44424
45696 73057
78742 79983
80167 87589
Campylobacter_concisus_UNSWCD_gi_416121188_ref_NZ_
1 1321
Campylobacter_concisus_UNSWCD_gi_416121724_ref_NZ_
1 50
439 524
Campylobacter_concisus_UNSWCD_gi_416120696_ref_NZ_
1 60
320 1188
Campylobacter_concisus_UNSWCD_gi_416115439_ref_NZ_
1 2810
Campylobacter_concisus_UNSWCD_gi_416119889_ref_NZ_
1 149
1622 1804
3157 3578
4932 5481
Campylobacter_concisus_UNSWCD_gi_416120895_ref_NZ_
1 499
Campylobacter_concisus_UNSWCD_gi_416120337_ref_NZ_
1 1472
11617 12772
Campylobacter_concisus_UNSWCD_gi_416118109_ref_NZ_
1 854
1093 2705
Campylobacter_concisus_UNSWCD_gi_416120126_ref_NZ_
1 635
Campylobacter_concisus_UNSWCD_gi_416113051_ref_NZ_
1 291
9929 10849
12611 13904
14645 20824
22349 35469
41063 44878
47482 51173
52108 54264
Campylobacter_concisus_UNSWCD_gi_416119238_ref_NZ_
1 475
Campylobacter_concisus_UNSWCD_gi_416119366_ref_NZ_
2350 11471
12827 27239
Campylobacter_concisus_UNSWCD_gi_416121526_ref_NZ_
1 958
Campylobacter_concisus_UNSWCD_gi_416117564_ref_NZ_
1 653
1689 1989
4332 10362
Campylobacter_concisus_UNSWCD_gi_416122319_ref_NZ_
1 1467
3094 3513
Campylobacter_concisus_UNSWCD_gi_416118196_ref_NZ_
1 2001
Campylobacter_concisus_UNSWCD_gi_416116381_ref_NZ_
2047 2178
Campylobacter_concisus_UNSWCD_gi_416122116_ref_NZ_
1 254
Campylobacter_concisus_UNSWCD_gi_416118654_ref_NZ_
1 627
Campylobacter_concisus_UNSWCD_gi_416113341_ref_NZ_
1 1208
1885 2442
3065 6303
7083 7157
7918 8365
10009 11013
Campylobacter_concisus_UNSWCD_gi_416114895_ref_NZ_
1 229
366 815
1992 2813
3734 3978
6333 10495
11300 16519
20203 20582
22292 23630
24233 26069
26706 30086
31241 31688
32479 36655
38269 38830
40097 43142
Campylobacter_concisus_UNSWCD_gi_416113625_ref_NZ_
1 7282
9808 12743
13429 26565
28314 32951
35229 36743
39372 48683
57644 59068
59166 59560
60812 73453
73972 74829
80533 85264
Campylobacter_concisus_UNSWCD_gi_416122213_ref_NZ_
1 218
Campylobacter_concisus_UNSWCD_gi_416122017_ref_NZ_
1 902
Campylobacter_concisus_UNSWCD_gi_416121343_ref_NZ_
1 211
1342 2700
Campylobacter_concisus_UNSWCD_gi_416114321_ref_NZ_
1 1595
2341 8434
9630 9819
13258 13557
15043 17513
Campylobacter_concisus_UNSWCD_gi_416117995_ref_NZ_
1 14162
Campylobacter_concisus_UNSWCD_gi_416116295_ref_NZ_
1 1084
Campylobacter_concisus_UNSWCD_gi_416113460_ref_NZ_
1 1386
8043 8578
9825 11261
13001 15174
16163 16258
19017 21346
22910 29041
30019 32375
32917 35591
37261 37541
43060 43702
45863 46809
48410 48762
50511 50629
62127 62591
Campylobacter_concisus_UNSWCD_gi_416120561_ref_NZ_
1 685
Campylobacter_concisus_UNSWCD_gi_416118862_ref_NZ_
1 1149
Campylobacter_concisus_UNSWCD_gi_416121924_ref_NZ_
1 421
Campylobacter_concisus_UNSWCD_gi_416118753_ref_NZ_
1 5721
Campylobacter_concisus_UNSWCD_gi_416122290_ref_NZ_
1 464
Campylobacter_concisus_UNSWCD_gi_416120982_ref_NZ_
1 857
1701 2008
3645 3891
5116 9455
11753 12512
13566 13683
14871 15019
15822 19074
21780 23275
Campylobacter_concisus_UNSWCD_gi_416114526_ref_NZ_
1 1640
3612 3835
5600 5771
7090 7830
8537 9826
11344 11604
12385 13001
13610 13680
15364 15438
16483 18758
20475 21006
21927 25162
27368 28068
30205 37158
38979 47534
49100 50851
53042 55417
55978 60664
63830 64758
68218 68573
77143 78699
80414 83237
84826 94334
95753 99748
101423 102773
104555 106763
107216 117495
118292 120106
120985 121045
122690 129487
Campylobacter_concisus_UNSWCD_gi_416121105_ref_NZ_
1 254
Campylobacter_concisus_UNSWCD_gi_416112930_ref_NZ_
1 446
Campylobacter_concisus_UNSWCD_gi_416119594_ref_NZ_
1 749
Campylobacter_concisus_UNSWCD_gi_416116066_ref_NZ_
1 10165
22837 34508
35293 60449
60875 62132
65920 66088
68371 73954
76489 78677
80781 88554
Campylobacter_concisus_UNSWCD_gi_416120786_ref_NZ_
1 3256
4595 5440
7358 7817
8812 10289
Campylobacter_concisus_UNSWCD_gi_416120232_ref_NZ_
2373 3929
Campylobacter_concisus_UNSWCD_gi_416117875_ref_NZ_
1 7074
8046 9559
11754 14746
15619 22399
26434 26887
Campylobacter_concisus_UNSWCD_gi_416118291_ref_NZ_
1 1317
4628 18944
22321 22755
23560 24028
25621 26012
26585 27743
29227 36179
36626 38183
41807 42431
42573 51663
64106 64874
Campylobacter_concisus_UNSWCD_gi_416117772_ref_NZ_
Campylobacter_concisus_UNSWCD_gi_416115050_ref_NZ_
1 3295
3992 6255
6861 7217
9519 9809
10676 10755
11316 12408
13509 13602
14806 16157
18619 18682
19923 22490
26644 27527
28057 28251
30041 30151
30707 30899
32068 32585
34158 34812
40368 41575
42558 51405
52435 55364
55987 56247
56863 57134
57867 58439
59429 60394
61035 76814
77943 78044
78692 82786
83295 83988
84860 102245
103596 110284
110653 112241
113589 115308
Campylobacter_concisus_UNSWCD_gi_416115854_ref_NZ_
1 3122
4108 4344
5012 7426
8841 12555
17161 18180
23110 23881
Campylobacter_concisus_UNSWCD_gi_416119514_ref_NZ_
1 2866
6061 10522
Campylobacter_concisus_UNSWCD_gi_416113823_ref_NZ_
1 2449
4204 4498
5463 5705
6001 13791
15146 16435
21082 26087
36750 43904
48077 51510
53033 53177
53847 61499
61762 62065
63348 67342
67973 70486
71085 78807
80827 80971
89148 92398
Campylobacter_concisus_UNSWCD_gi_416116574_ref_NZ_
1 916
1881 7688
18141 23588
25567 55423
59522 60209
Campylobacter_concisus_UNSWCD_gi_416115950_ref_NZ_
1 12374
15384 15538
16469 16659
19468 19538
21047 23176
25042 25124
26783 27771
28400 29091
34933 35571
40610 40676
41624 42380
43384 48280
50469 51443
51942 52324
55263 55999
Campylobacter_concisus_UNSWCD_gi_416121419_ref_NZ_
1 526
Campylobacter_concisus_UNSWCD_gi_416119145_ref_NZ_
1 613
Campylobacter_concisus_UNSWCD_gi_416115778_ref_NZ_
1 416
3520 9778
13068 13586
14097 37620
Campylobacter_concisus_UNSWCD_gi_416118553_ref_NZ_
151 5516
Campylobacter_concisus_UNSWCD_gi_416114745_ref_NZ_
1 12212
15136 17247
17601 31190
33442 37939
40199 42683
43844 47112
47652 48861
