Clostridium_sp_L2-50_gi_223667800_ref_NZ_
1 201917
209538 219067
219222 220198
220631 222031
233659 234379
237978 238124
238938 239017
239804 241916
243112 291264
291769 293193
293357 294960
298112 301986
302795 308060
308527 366384
367142 369940
370030 424852
441481 441561
443239 443391
446376 449731
454389 456846
460863 461082
465802 465954
486878 487139
500745 500819
507122 621614
621697 623845
623922 685869
685967 711366
711455 1260546
1260631 1375618
1379031 1385151
1403357 1403461
1404662 1486900
1486981 1801545
1801624 1938986
1944248 1944870
1945194 2005450
2005732 2006032
2007112 2012972
2013506 2061320
2062279 2063084
2064927 2065036
2066218 2113303
2113483 2120589
2120718 2130633
2131035 2140620
2141131 2147328
2150016 2150141
2151473 2160425
2169575 2173324
2174581 2174876
2175588 2178764
2180029 2180352
2186616 2186824
2188745 2658987
2659506 2954616
