Clostridium_sp_L2-50_gi_223667800_ref_NZ_
1 128727
133196 205343
206568 247978
249396 291264
291769 293687
294407 294952
295823 425155
426698 432097
432636 434510
436247 436668
438114 469854
470552 478220
478806 482824
483556 485343
485961 501528
502157 711366
711443 1375618
1377950 1379100
1379843 1385257
1385879 1396076
1396734 1400812
1402240 1801547
1801624 1939428
1942998 1944111
1944221 1944870
1945008 2061939
2064536 2161962
2163524 2164126
2164831 2165150
2167646 2169602
2172323 2180154
2180616 2184903
2188684 2658987
2659506 2954616
