Clostridium_sp_L2-50_gi_223667800_ref_NZ_
1 104087
105607 105810
106180 106389
106681 106843
107203 107353
107793 202957
203135 205772
207481 207662
207896 217099
217247 217399
217572 217748
217907 222671
223748 223884
225487 225629
226000 226541
226892 227082
227635 227841
228257 228530
229669 229737
230092 230258
230633 232744
232998 233630
233740 234856
235074 235266
236620 236739
237049 237294
237947 239512
239764 240237
240463 241892
242090 242553
242676 243168
243389 243591
245089 245271
247496 247716
249320 249485
249781 291264
291769 301099
301291 308180
308746 424845
426800 427156
427858 428756
430039 430285
430591 430786
432579 432955
433771 434509
438140 440499
440783 440935
441135 442475
442704 442845
443137 444957
445122 447558
447657 447828
448062 449762
449885 450110
450603 455071
455594 457378
457833 458650
458792 458927
459082 461066
461132 461276
461708 462096
462165 462337
462871 463021
463257 463481
463597 464186
464312 464532
464711 464933
465093 465162
465231 465460
465622 465874
465940 466081
466311 466448
466567 466767
466975 469462
469579 469751
471634 471817
477672 478219
478806 479159
480071 480945
481491 481727
482031 482578
483887 484120
484421 484959
485228 485373
486542 486738
486862 487482
487871 488476
489149 489800
491116 491327
491558 492186
492385 492568
492676 492787
493192 493413
493663 494017
494497 494696
495108 495831
496376 497120
497661 499022
500431 500608
504587 505133
506892 507117
507281 507429
507562 507796
507900 1375647
1376856 1377218
1378429 1379143
1381143 1385536
1385844 1386109
1387322 1387371
1387705 1387931
1388120 1388340
1388909 1389275
1389905 1390043
1390339 1390540
1390671 1390930
1391425 1392319
1392837 1393437
1393890 1394025
1394569 1395591
1395875 1395947
1397731 1398132
1402303 1402797
1403323 1403736
1404211 1404401
1404665 1940287
1943600 2009473
2009598 2009795
2009939 2012202
2012640 2012783
2012882 2013012
2013181 2130633
2130952 2148347
2148976 2150147
2150267 2150404
2150975 2152017
2152562 2153632
2153794 2160653
2161974 2162331
2162965 2164840
2165343 2166863
2167372 2169878
2172234 2172831
2173230 2173564
2174192 2181640
2182295 2188185
2189000 2658987
2659506 2954616
