Clostridium_sp_L2-50_gi_223667800_ref_NZ_
1 103102
103314 104087
107803 202023
206886 213716
214606 217370
217961 218088
218390 218576
219335 220198
220631 222030
237978 238124
238426 251723
252060 291264
291769 293376
294757 294960
298196 301071
301633 302386
302764 302898
303120 303273
303823 424846
440138 440256
440683 440818
446544 446817
447358 447534
453232 453322
455888 455945
460552 461154
462245 462360
507630 618099
618290 623845
623922 711366
711455 1260546
1260631 1375618
1379057 1384801
1404662 1486900
1486981 1801545
1801624 1939217
1943019 1944870
1945194 2013208
2013521 2063906
2064883 2113303
2113482 2130633
2131035 2140620
2141131 2145230
2150016 2150255
2151437 2163547
2174284 2179498
2179983 2180154
2188517 2658987
2659506 2954616
