Rothia_dentocariosa_gi_311111670_ref_NC_
1 2518
3865 3945
5069 5363
6252 7072
8271 11548
12050 13851
14430 15507
15938 17063
17755 17966
19056 19132
19841 20558
21289 21586
22206 23778
24836 25294
26043 26171
27253 27924
28554 30013
30617 40716
41212 41780
42125 44220
44727 46695
49519 51010
51721 52193
54503 55828
58640 59364
59995 60573
61431 63575
64576 65656
66313 69804
70757 76507
78071 78497
79213 80160
81026 82885
83718 83866
84471 84595
86795 87106
87805 89069
90105 92794
93508 94920
95438 95616
95700 98092
98981 99363
100812 104754
105564 106511
107097 114991
115930 116738
117312 117652
118251 118942
119795 124871
125017 128846
129379 133206
133729 137765
138492 139038
140061 140591
141161 141225
142518 145146
146057 153571
154887 157868
158125 158575
159092 159508
160722 161116
161667 173315
174026 175026
175912 176270
177369 178213
178654 181242
183934 184277
185131 187368
187974 190207
190629 191108
192961 194338
194565 195244
196617 201262
201864 203426
204346 205361
206288 211829
212450 212983
213902 221006
222238 223173
223728 224513
225158 227352
228498 230579
231241 232090
232619 232724
233268 233980
234970 235540
236105 236996
237832 239075
239709 244797
245621 258933
259932 264870
265518 272244
273118 273364
274237 277273
278366 280143
280847 283520
284577 290102
290657 294933
295625 299032
300144 302452
303177 306753
307287 313551
314113 314701
315778 327355
327989 329619
330047 334614
335725 337706
338386 339327
340224 340655
341288 341629
342179 345535
346188 354162
354678 356525
357410 358446
359180 363658
364225 367039
367706 368668
369219 369277
370101 370649
371284 372594
373344 376458
376999 385302
385889 393725
394016 399583
400325 401549
403168 405436
405775 406329
407189 412043
413434 413934
414623 415340
416520 420804
421552 425325
425889 425987
426771 426850
427869 429192
429896 432570
433752 434719
436012 438677
439213 439613
440208 440626
441163 444876
446587 446713
447714 448103
448629 448682
449638 456302
456960 457347
457982 458205
459515 460711
461540 464191
464795 467139
467831 470652
471193 476926
477675 480446
481636 481729
483492 483755
484074 489185
489773 495217
495866 496187
496820 498888
499274 500302
501460 513830
514721 515216
516064 518203
519175 519608
520210 524556
525711 528071
528571 530575
532974 534111
534766 535132
535909 536147
537287 549729
550998 551531
552075 554503
555391 564862
565373 565526
566243 566752
567172 568854
569039 573573
574269 575391
575998 576167
578567 579758
579865 583461
583697 584324
585197 598691
599294 600832
601585 602782
602857 603780
604646 605948
606550 610326
610830 629080
630122 633403
633833 638743
639379 639642
640091 641692
642337 643265
644105 647871
648573 656405
657859 658264
658927 662132
662863 665614
666352 673408
674390 677506
678176 681315
682171 682462
682980 685906
686947 687354
687851 688698
689359 689430
690113 696010
696721 699820
700128 706063
706693 717102
717845 719248
720241 724630
725470 725590
726678 727148
728546 728658
729291 729688
732768 733931
736086 737389
737966 738599
739220 742000
742247 747214
748222 748350
749051 749559
750584 751633
751757 754368
754966 755272
755882 756243
756829 757259
757782 758816
760110 761370
761893 762708
763870 765698
766499 773302
773856 774838
775340 776640
777260 780561
781190 783601
784136 788820
789926 790999
791485 800213
801419 804103
804633 806058
806386 810150
810740 812414
812952 814225
814806 816871
817653 820351
821233 825529
827179 827510
830412 831536
832040 832286
832846 838645
839704 842677
843275 843365
843870 845729
847363 848716
849223 854276
854609 859401
860126 860765
862020 862628
863638 864222
865665 867552
867925 868801
869510 869782
870916 870966
872403 873947
874660 875015
875859 876619
877196 879806
880594 881071
881271 881439
882085 882164
883375 883843
884670 884742
885357 886059
886984 887757
888679 891332
891698 892698
893335 895932
896521 896748
897514 917559
919176 919253
919858 921153
922232 922354
923289 924541
925423 926362
928685 933737
934395 934938
936183 936821
937360 939753
940314 942371
944096 945561
946393 947001
948036 948696
949380 950646
952151 952226
952777 953103
953879 955146
957158 957640
958943 962097
964784 965697
966992 967733
968389 969167
969714 972715
973679 976575
978307 980056
980818 982210
983510 983719
984356 986424
987589 988249
988805 994497
995547 995661
996655 998095
998855 999382
1000782 1000987
1002237 1003837
1004901 1006629
1007319 1011365
1016922 1030819
1031876 1033749
1034541 1036238
1036977 1039749
1040691 1040889
1041760 1042363
1042843 1042913
1043052 1043139
1044130 1046519
1047261 1048535
1049539 1049937
1050487 1050913
1051494 1051959
1052475 1059402
1060118 1062080
1062864 1063403
1065748 1066914
1067390 1067596
1067936 1067989
1068663 1084539
1085763 1085820
1086761 1086882
1087174 1100950
1102112 1104584
1105931 1107141
1108006 1108973
1111195 1111567
1111719 1112294
1113539 1114584
1115439 1117886
1118894 1119709
1120293 1120363
1120868 1121335
1122992 1123204
1124550 1126818
1127579 1143677
1144192 1150272
1151559 1153162
1153333 1153401
1154016 1163297
1164156 1164527
1165984 1166066
1166670 1167289
1169376 1171041
1171589 1174040
1175022 1177173
1178148 1182255
1183035 1186709
1187248 1190059
1190866 1191275
1191925 1196184
1197103 1201338
1203003 1203303
1204076 1208299
1209032 1210423
1211139 1212164
1212844 1213008
1214706 1217100
1217854 1219542
1220873 1221483
1221974 1222570
1222827 1226251
1226860 1227028
1227533 1228929
1230516 1235680
1236719 1240122
1241176 1241470
1241950 1242305
1243106 1243477
1244701 1247904
1248351 1254054
1254920 1255066
1255818 1257427
1258279 1258922
1259000 1259106
1259194 1268174
1268631 1269202
1269903 1276824
1277469 1277830
1279084 1281485
1281996 1283830
1284785 1285139
1286859 1287604
1288350 1288572
1289124 1289233
1290788 1290919
1291548 1292585
1293388 1293630
1294572 1296434
1297676 1297767
1298353 1304382
1305124 1305817
1306567 1308067
1308595 1308936
1310122 1310714
1311255 1311963
1312334 1315290
1316390 1317870
1318736 1324116
1325850 1325940
1326471 1329862
1330367 1332102
1333120 1333897
1334876 1339450
1340684 1350172
1350745 1351843
1352352 1352448
1353303 1353673
1354364 1354477
1355710 1355820
1356462 1356662
1357184 1358870
1359392 1362335
1363138 1363687
1364619 1365258
1366393 1371671
1372494 1372674
1373434 1374007
1374554 1374789
1375501 1381747
1382240 1386885
1388350 1388483
1389742 1392201
1392773 1395576
1397128 1399406
1400377 1401252
1402130 1404020
1405368 1405656
1406181 1409467
1410460 1417608
1418617 1420797
1421281 1427602
1427678 1430284
1431756 1434610
1435116 1451187
1451968 1452758
1453689 1455772
1456490 1460997
1461811 1463856
1464861 1465369
1465937 1466153
1467006 1468703
1469267 1471468
1472414 1477163
1477780 1479558
1481049 1481146
1482981 1483726
1484415 1485989
1486568 1487381
1488058 1488804
1489389 1490234
1490901 1493210
1493776 1494093
1494874 1495574
1496639 1499283
1499791 1502255
1502833 1504699
1506547 1507520
1508282 1510322
1511064 1511970
1512494 1513280
1513793 1514481
1515087 1516728
1517297 1519104
1519709 1522097
1523172 1523813
1524344 1525721
1526306 1528601
1529112 1529836
1530729 1531088
1531656 1534037
1535929 1538530
1539735 1548426
1549153 1550617
1551457 1551751
1552404 1561184
1562199 1563988
1564624 1567389
1568241 1571217
1572365 1572723
1573230 1573778
1574319 1575426
1576185 1579348
1579900 1582095
1582341 1601222
1602646 1603357
1604313 1605111
1607144 1607556
1608216 1609453
1610058 1611307
1612177 1613038
1613589 1617218
1619129 1624156
1624708 1627493
1628002 1628479
1629291 1630786
1631345 1632605
1633149 1636188
1637037 1637158
1638393 1638486
1639157 1639603
1640284 1640760
1642986 1646124
1647209 1647277
1648366 1649509
1650643 1659633
1660319 1664074
1664620 1667322
1667969 1668056
1668831 1672710
1673246 1676038
1676853 1678646
1679317 1679914
1681329 1681996
1682596 1682990
1683781 1684072
1684619 1685544
1686237 1688634
1689443 1690103
1690885 1691252
1692052 1692800
1693821 1695466
1696147 1696987
1698664 1699839
1701252 1705746
1707600 1707655
1711203 1712917
1714010 1717102
1717334 1718660
1719331 1721082
1722432 1722731
1723265 1724336
1724903 1729236
1729793 1733086
1733916 1734332
1734908 1736155
1736828 1737370
1737907 1744419
1745078 1748537
1749294 1750110
1751779 1752138
1753581 1754365
1755046 1761285
1762797 1763694
1764339 1766031
1766959 1767474
1768721 1768992
1769900 1770075
1772621 1773825
1774466 1775104
1776632 1782666
1783634 1784784
1786116 1788998
1789773 1791496
1792759 1792876
1794580 1794663
1796106 1796451
1797810 1798570
1799171 1800455
1801318 1803913
1804684 1804913
1805447 1806274
1807670 1807930
1808622 1808847
1809509 1809885
1810550 1813566
1815480 1816799
1817321 1819422
1820621 1820838
1821039 1823952
1825044 1827875
1829553 1831055
1831973 1833957
1835737 1835866
1836108 1836685
1838256 1838898
1839757 1840731
1841248 1841863
1842777 1843205
1843894 1844341
1845494 1847007
1847709 1847849
1849271 1849643
1850277 1852357
1852972 1854235
1854974 1855631
1856877 1857696
1858325 1858542
1859414 1860989
1861686 1862511
1863024 1863875
1864760 1867978
1868603 1869060
1869434 1874504
1876498 1893332
1893833 1902308
1902840 1904199
1905312 1906536
1907064 1907634
1908398 1909162
1909838 1910024
1911110 1911380
1912108 1912367
1912994 1915285
1915830 1916074
1916729 1918443
1919027 1920447
1921561 1923472
1924299 1925584
1926721 1929422
1931256 1934931
1935696 1940921
1941719 1945519
1946228 1946469
1947322 1948694
1949264 1954922
1955536 1959234
1960286 1960786
1961433 1962028
1962632 1963081
1964170 1964767
1965693 1966513
1967190 1969393
1970110 1971193
1972089 1972291
1972803 1977003
1978760 1981091
1981157 1981467
1981775 1982164
1982666 1982717
1983274 1984350
1984883 1987559
1988186 1991884
1992517 1993426
1994135 1994230
1994892 1995678
1997016 2000215
2001288 2002340
2003120 2003803
2004477 2005491
2006122 2006282
2007338 2008170
2009636 2010435
2012291 2015798
2016309 2018278
2018892 2019540
2020470 2022805
2023451 2024896
2025541 2025938
2026592 2027581
2028879 2029392
2030644 2031553
2032326 2033540
2034761 2035289
2036118 2036321
2036998 2038171
2040191 2042187
2042692 2044822
2045704 2048245
2048831 2051369
2051964 2053754
2055370 2055618
2056062 2068394
2069244 2069777
2070367 2071697
2072522 2072912
2073856 2075132
2075701 2079185
2079881 2081387
2082036 2082567
2083163 2083807
2084667 2085504
2086681 2087013
2088210 2090018
2090699 2091719
2092376 2092782
2094569 2096489
2097389 2097971
2100072 2100444
2101066 2101768
2102352 2106230
2106754 2107144
2107816 2108355
2108703 2110445
2111344 2114444
2115797 2118138
2118992 2119655
2120356 2120864
2121952 2122219
2122929 2122992
2123989 2124265
2126640 2126767
2127601 2129785
2131361 2132548
2133741 2136914
2137641 2140419
2141198 2143177
2143697 2144821
2146513 2147214
2148316 2153095
2154055 2154243
2155453 2155585
2156580 2158459
2159027 2159236
2160682 2161991
2163390 2163521
2164421 2166049
2166787 2167156
2167820 2168808
2169863 2171512
2172723 2175482
2176005 2176955
2178341 2178980
2179826 2183631
2184199 2184747
2185288 2186045
2186790 2188805
2189376 2191258
2192268 2193364
2193869 2195807
2196447 2197016
2197537 2197999
2198942 2202812
2203925 2205040
2205721 2219999
2220580 2224593
2225383 2228659
2229244 2229650
2230416 2233860
2234461 2234708
2235290 2236683
2237594 2242883
2243568 2244544
2245087 2246591
2247145 2250275
2251206 2252983
2253827 2254765
2255366 2256877
2257929 2259067
2259648 2261337
2261843 2264001
2264520 2265214
2266180 2266893
2267492 2274907
2275816 2280305
2280940 2283670
2285000 2285146
2285807 2288347
2289006 2289254
2289883 2291745
2292361 2298205
2299091 2301392
2303496 2306202
2307094 2307266
2307852 2308388
2308906 2309566
2310188 2311563
2311638 2313600
2314109 2315416
2315937 2323319
2323872 2324273
2325009 2327712
2328500 2333100
2333827 2338960
2339639 2340413
2340922 2340976
2342429 2344750
2345630 2346141
2346782 2346898
2347833 2351768
2352398 2354565
2355266 2370998
2372013 2374090
2375309 2379446
2379972 2384460
2384879 2389944
2390993 2393474
2394200 2394822
2395660 2395927
2396506 2397006
2397744 2403372
2403924 2405249
2406036 2406917
2407703 2409463
2411261 2411506
2412090 2413056
2413484 2416473
2417700 2418457
2419176 2419316
2419839 2420143
2420786 2422529
2423066 2424467
2425006 2425283
2426283 2431616
2433161 2434047
2434582 2435595
2436182 2437432
2438201 2438851
2439649 2443078
2443820 2445096
2445632 2447001
2447557 2449660
2450400 2451596
2452924 2453334
2453922 2454652
2456310 2456832
2457528 2458357
2458939 2460954
2461495 2467219
2467735 2469498
2470077 2471335
2472047 2476034
2476566 2477878
2478617 2479525
2480055 2480372
2481565 2481851
2482412 2486900
2487497 2489639
2490802 2493403
2493875 2495948
2496798 2497631
2498599 2498912
2499469 2506025
