Rothia_dentocariosa_gi_311111670_ref_NC_
1 58093
58621 182978
183783 256967
257843 259054
259146 316729
316827 482527
483259 602782
602857 688722
688997 689123
689312 706625
706693 728685
729270 762728
763405 834643
835156 921390
922096 957811
958339 962701
963239 1015172
1015773 1017424
1018006 1084303
1084439 1266989
1267211 1293701
1293985 1362512
1363051 1480364
1480891 1601225
1601800 1782289
1783022 1930683
1931025 2010435
2010717 2031697
2032315 2079446
2079645 2079737
2079985 2087098
2087669 2177105
2177725 2191295
2192125 2269543
2269785 2347162
2347488 2506025
