Rothia_dentocariosa_gi_311111670_ref_NC_
1 3934
4864 5355
6037 7072
8176 11537
12096 13851
14430 15441
15952 16971
17793 17966
19056 19411
19841 20558
20880 21550
22206 24239
24876 25281
27270 30013
30628 32693
33351 36211
36717 40716
41212 41744
42125 46695
47362 47837
49510 52181
53054 53231
54325 55828
56401 57212
59295 59364
60183 60418
61718 63575
64613 65735
66303 69804
70757 77383
78114 80160
81026 83830
84471 85189
86795 87106
87668 89263
90763 92794
93508 94036
94752 94920
95438 95616
95700 97924
98981 99906
100812 104754
106095 114975
115560 116738
117334 117528
118259 118783
119799 124720
125017 128846
129379 134735
135349 137765
138413 139038
139704 141683
142518 144916
145690 154353
154951 166453
167032 171215
171431 173297
173973 175053
175934 176270
177823 181242
183934 184381
185172 187336
187988 190207
190692 191108
191710 192219
192996 195354
196537 203426
204636 205295
206003 211903
212565 212987
213566 221382
222231 224513
225166 227345
228082 228170
228744 233458
233970 234273
234970 235540
236110 236996
237571 244797
245565 249979
250286 268820
269381 272101
272913 273319
274237 277350
277977 281752
282300 283520
284519 290102
290857 294905
295657 298418
299022 314656
315778 327356
328047 329594
330047 332067
332156 333712
334313 334863
335725 339605
340301 343820
344321 345581
346183 354162
354695 356498
357272 358446
359180 365538
366341 368637
369225 369525
370065 376458
376999 377278
377840 383412
383968 385216
385829 395554
396118 399535
400219 401680
403168 406904
407594 412809
413395 413978
414553 415340
416532 420977
423472 423936
424832 425325
425863 426027
426771 426850
427521 432570
433133 433241
433752 435156
435775 439613
440248 444876
446613 447003
447721 448103
449363 454216
454833 456302
457009 457330
457858 458191
459020 460711
461540 464185
464795 470652
471193 477108
477675 478402
479066 480539
481636 481826
483426 483755
484074 489260
489773 494393
494917 497785
498365 500302
500887 518422
519355 519516
520212 524556
525643 528071
528524 529312
529388 530637
531626 532011
532539 534091
534787 535132
535914 535995
536789 551457
552105 552717
553231 569149
569685 572967
573514 575391
575998 576167
576746 577175
578567 579758
579865 583461
583696 584191
585197 598691
599294 602782
602857 605854
606556 618851
619399 629066
629733 638026
638543 638828
639379 643150
644029 645635
646166 647871
648573 657006
657859 658290
658927 662132
662863 665576
666146 670299
670971 673817
674390 681315
682171 685695
686904 688698
690113 696004
696721 697617
698147 706063
706693 715869
716062 719215
720288 721944
722534 723385
723905 724630
725470 725735
726678 728658
729291 729688
732000 733936
736354 738599
739237 747214
748143 748356
749051 749851
750587 751491
751757 755229
755800 756243
756860 758816
760112 762516
763989 772790
773170 774838
775340 776477
777250 780561
781190 783601
784136 789379
789926 800213
801160 801811
802680 804101
804633 806071
806610 810150
810860 813596
814738 816871
817643 817941
818867 818955
819477 820351
821037 825132
826738 827573
828567 828621
829274 829912
830477 832395
832879 833990
835175 838813
839515 840523
841084 843363
843950 844949
845434 845895
846668 848189
849142 854276
854609 859393
860126 860765
861543 864222
865665 867839
867925 868761
869506 869781
870857 870916
872323 874031
874542 876657
877926 880718
881271 882371
883393 883899
884690 884742
885488 887615
888687 891332
891716 892464
893215 896597
896720 896800
897514 917559
918235 920229
920894 921222
924201 924541
925425 925967
927612 930890
932181 933802
934395 934735
936183 939753
940314 942428
944096 944295
945477 945734
946699 946992
947980 950544
951999 952214
952777 953103
953879 954845
955365 955761
957112 957715
959510 961995
964798 965491
966860 967722
968389 969145
969714 969930
970663 972708
973289 975014
975709 976523
977528 977593
978263 980056
981030 981529
982160 982786
983525 994497
995555 995983
996726 999748
1000452 1001491
1002237 1003834
1004904 1006609
1007312 1009620
1010336 1011247
1016842 1030684
1031876 1033749
1034632 1036199
1036977 1037666
1038268 1039749
1040362 1042241
1042843 1043140
1043743 1046519
1047287 1048674
1049567 1050913
1051494 1051959
1052475 1054525
1054964 1060024
1060540 1063400
1065748 1067383
1068663 1084696
1085763 1085820
1086761 1086882
1087126 1098660
1099363 1100950
1102074 1104771
1105983 1107356
1108000 1109334
1109928 1109991
1111195 1112294
1113735 1116210
1116793 1117217
1117718 1117774
1118894 1119874
1120859 1121091
1121269 1121430
1122992 1123204
1123721 1123895
1124550 1125097
1125247 1128434
1128554 1143655
1144192 1145841
1146213 1150272
1151559 1153132
1153333 1153401
1153832 1167289
1169375 1171104
1171623 1174039
1175199 1181640
1182858 1191275
1191878 1203287
1204013 1205144
1205635 1208299
1209032 1209451
1210011 1212108
1212787 1213187
1214706 1217180
1217854 1221483
1221997 1222570
1222829 1223242
1223567 1226329
1226840 1228929
1230629 1239507
1241224 1242111
1242675 1243752
1244701 1247904
1248009 1254054
1255818 1257660
1258161 1273205
1273715 1273835
1274537 1276723
1277501 1277589
1278337 1283860
1284865 1285693
1286859 1287647
1289132 1289218
1290788 1292584
1294572 1296434
1297676 1297767
1298357 1303995
1305124 1305773
1306474 1308067
1308599 1308936
1310122 1315290
1316390 1324116
1324906 1325091
1325850 1327048
1327614 1327783
1328327 1329844
1330382 1332102
1332990 1333897
1334946 1339669
1340856 1341174
1341778 1349385
1349995 1350450
1350778 1351852
1352385 1352444
1353350 1353676
1354394 1355078
1355714 1355820
1356420 1358870
1359392 1362428
1363081 1363660
1364526 1365205
1366393 1368896
1369131 1372773
1373354 1377819
1378324 1381747
1382954 1386977
1387653 1388483
1389742 1392201
1392779 1396322
1397815 1399406
1400387 1404202
1404828 1405628
1406182 1409467
1410042 1417601
1418652 1427602
1427678 1430538
1431766 1434610
1435116 1439408
1439941 1444726
1445236 1449613
1450131 1451238
1452637 1452724
1453584 1455757
1456405 1460968
1461824 1463824
1464861 1465373
1466064 1466153
1466889 1467554
1468079 1471586
1472310 1476640
1477259 1479558
1481049 1481218
1482058 1482405
1482942 1483726
1484413 1487381
1488097 1488851
1489389 1490234
1490747 1493210
1493779 1494093
1494777 1495790
1496639 1499283
1499805 1504683
1505477 1505562
1506520 1507509
1508282 1508919
1509631 1510322
1511066 1511838
1512494 1513261
1513793 1514127
1515110 1522095
1523172 1523276
1523784 1526821
1527795 1529836
1530734 1531053
1531661 1533435
1533802 1534037
1535553 1538877
1539735 1541240
1541672 1541823
1542483 1548426
1549153 1550617
1551616 1551751
1552265 1556343
1556860 1561184
1562199 1567389
1568241 1568940
1569720 1571258
1572365 1573796
1574319 1575423
1576198 1579348
1580030 1580447
1580952 1582144
1582341 1601222
1601813 1601940
1602646 1603345
1604046 1605380
1606845 1610105
1610636 1611306
1611817 1613038
1613619 1617211
1619129 1627461
1628002 1629321
1629608 1630786
1631345 1632605
1633149 1636174
1637037 1637255
1638393 1640748
1642075 1642280
1642986 1646124
1646659 1647811
1648426 1649959
1650643 1664074
1664628 1667322
1668017 1676169
1676868 1678623
1679317 1680696
1681253 1683789
1684634 1685544
1686251 1688609
1689443 1689766
1690523 1691252
1692232 1693271
1693773 1695453
1696147 1696987
1697546 1697721
1698664 1700564
1701295 1706759
1707509 1707655
1708359 1708894
1711198 1712886
1714050 1721060
1723265 1724336
1725048 1728988
1729669 1733331
1733932 1734332
1734939 1737358
1737907 1739692
1740251 1744419
1745078 1750110
1751559 1752138
1752849 1754418
1754989 1758540
1759340 1761285
1762560 1763694
1764339 1766031
1768717 1768992
1769910 1770075
1770828 1771633
1772621 1773090
1773608 1773825
1774487 1774864
1776662 1782670
1784154 1784784
1786035 1786130
1786666 1789258
1790008 1791492
1793543 1793829
1794614 1795043
1796106 1797171
1798097 1798499
1799171 1800344
1801318 1803750
1804684 1804913
1805478 1806274
1807670 1807748
1809509 1809885
1810550 1811377
1812079 1813566
1814145 1819422
1819971 1822079
1822606 1823952
1825098 1825483
1826263 1827875
1828436 1829835
1829963 1831055
1831809 1832480
1833002 1833959
1835115 1836675
1838285 1838983
1839662 1840731
1841251 1841807
1842777 1844371
1845380 1847007
1847646 1847837
1849284 1849719
1850277 1852330
1853004 1854230
1854995 1855716
1856877 1857696
1858325 1858542
1859414 1860584
1861686 1862511
1863024 1865449
1866008 1868716
1869338 1874643
1875486 1875582
1876519 1896099
1896647 1904301
1905136 1906521
1907064 1907624
1908398 1909246
1909838 1910024
1911909 1912391
1912992 1915215
1915879 1916074
1916771 1918437
1919050 1920582
1921280 1923446
1924299 1925808
1926721 1929422
1931263 1933184
1933701 1935020
1935616 1938238
1938786 1939229
1939886 1940921
1941719 1942344
1942863 1945519
1946228 1946352
1947322 1948020
1948522 1959547
1960352 1962028
1963017 1963084
1964167 1965072
1965670 1966513
1967190 1969396
1970032 1971079
1971968 1977003
1978760 1982077
1983274 1984231
1984883 1987559
1988186 1991922
1992517 1993402
1994116 1994202
1994811 1995639
1997016 2000215
2001313 2002340
2003120 2005440
2006122 2006282
2007338 2008471
2009565 2010703
2012347 2015462
2016320 2018362
2018911 2019497
2020123 2021400
2021913 2023607
2024170 2024977
2025652 2025938
2026592 2027567
2028583 2029406
2030646 2031553
2032283 2033632
2034761 2035289
2036118 2036321
2036956 2038109
2040228 2042187
2042692 2045064
2045704 2046967
2047643 2048245
2049002 2050655
2051330 2053859
2055430 2055579
2056062 2068382
2069130 2071697
2072708 2073379
2073970 2075988
2076606 2077413
2078045 2079185
2079986 2081469
2082036 2082668
2083177 2083807
2084685 2085377
2086681 2086762
2088210 2090003
2090890 2091805
2092376 2092977
2094569 2096484
2097445 2097971
2100072 2106209
2106754 2107195
2107816 2109251
2109371 2110445
2111007 2112846
2113400 2115148
2115797 2118138
2119255 2119711
2120356 2120745
2121952 2124265
2127601 2130572
2131541 2132548
2133751 2140412
2141117 2143164
2143697 2144821
2146213 2147641
2148867 2149926
2150373 2151712
2152228 2153067
2154008 2154243
2156584 2157829
2158369 2158430
2159027 2159979
2160682 2161991
2163390 2163521
2164432 2166339
2166917 2167311
2167820 2168808
2170147 2171598
2172310 2175482
2176005 2176385
2177727 2178080
2178922 2183337
2184199 2185304
2185857 2185983
2186755 2188805
2189376 2191213
2192268 2193364
2193872 2195807
2196472 2197104
2198942 2199849
2200654 2202865
2203925 2205040
2205721 2208327
2208728 2218017
2218588 2221473
2222092 2223667
2224376 2224564
2225318 2228659
2229244 2230822
2231521 2234708
2235301 2243092
2243633 2244544
2245087 2246618
2247145 2250488
2251206 2252983
2253827 2254765
2255279 2257375
2257932 2262603
2263136 2264247
2264520 2265085
2266223 2275046
2275850 2279078
2279443 2280103
2280729 2284032
2285019 2288347
2289247 2291745
2292364 2298100
2298846 2299546
2300162 2300606
2301111 2301378
2301894 2302134
2303503 2306202
2306899 2307236
2307869 2308388
2308968 2309566
2310192 2312246
2312848 2313600
2314109 2315416
2315937 2320572
2320730 2323319
2323882 2326872
2327441 2327570
2328496 2329080
2329755 2332964
2333827 2336260
2336924 2338960
2339902 2340396
2342230 2344721
2345630 2346940
2347758 2351823
2352398 2374169
2374763 2379122
2379408 2384264
2384970 2389981
2390993 2394886
2395660 2396020
2396536 2405249
2406056 2409463
2411261 2416473
2417797 2418656
2419839 2422422
2423071 2424466
2425114 2425275
2426205 2429393
2429945 2432381
2433149 2434047
2434582 2435456
2436197 2438936
2440415 2445064
2445588 2446958
2447471 2449117
2449654 2451585
2453076 2454652
2455465 2455583
2456147 2458465
2458997 2467219
2467735 2469496
2470077 2471433
2472046 2477975
2478496 2480373
2481565 2481840
2482424 2485919
2486001 2486854
2487510 2490118
2490802 2491419
2491928 2496130
2496812 2497786
2498599 2498854
2499525 2501241
2501749 2504185
2504707 2506025
