Subdoligranulum_variabile_gi_260780703_ref_NZ_
1 334640
334847 358254
361338 361864
366226 369585
371276 372363
373179 373578
373801 380150
381266 389920
393274 527480
532457 672346
674098 675273
675836 679141
680027 683658
684486 687763
691192 691335
692091 708361
709020 710704
712564 713163
714311 720245
721202 724482
724943 727584
737335 775673
775970 837570
837671 932563
932748 1103175
1103575 1160756
1160859 1178735
1178813 1357479
1358144 1358204
1358499 1374914
1375142 1411747
1412050 1528747
1528847 1811622
1812423 1819879
1820900 1936127
1936259 1939080
1941776 1942916
1944032 1945194
1945776 1946487
1946935 2111448
2111539 2515641
2515727 2562709
2563184 2563314
2563783 2564248
2566031 2868782
2868925 2939220
2939325 3245471
