Subdoligranulum_variabile_gi_260780703_ref_NZ_
1 335314
336112 363048
366226 385827
386342 389513
390013 393041
393274 527480
532583 672325
674593 674825
675308 682184
682981 699315
700405 705526
706525 707855
712564 713165
713532 713668
714311 715996
716542 716771
717958 720227
721328 726229
727021 730401
737196 831226
832464 837295
837671 1160756
1160859 1178740
1178813 1374914
1375143 1411747
1412050 1528766
1528847 1741894
1741972 1751614
1751868 1821947
1822144 1939821
1944207 1945047
1945776 1946303
1946411 2515641
2515727 2562033
2562518 2563430
2563824 2564265
2565422 2583354
2583731 2868399
2868585 3245471
