Fusobacterium_periodonticum_D10_gi_422316677_ref_NZ_
Fusobacterium_periodonticum_D10_gi_422315486_ref_NZ_
1 7872
13305 13923
14386 15869
17322 18164
20621 29021
32716 33900
34482 43365
44075 44411
61584 62019
63125 63203
70461 70573
81179 83071
83675 107061
Fusobacterium_periodonticum_D10_gi_422315014_ref_NZ_
2147 7969
8462 8612
10392 11158
12048 14025
15061 16551
Fusobacterium_periodonticum_D10_gi_422317566_ref_NZ_
Fusobacterium_periodonticum_D10_gi_422316740_ref_NZ_
Fusobacterium_periodonticum_D10_gi_422317481_ref_NZ_
Fusobacterium_periodonticum_D10_gi_422315005_ref_NZ_
717 2593
Fusobacterium_periodonticum_D10_gi_422317564_ref_NZ_
1 754
Fusobacterium_periodonticum_D10_gi_422315301_ref_NZ_
1 5610
6170 6938
8684 12517
19470 19735
Fusobacterium_periodonticum_D10_gi_422315483_ref_NZ_
1 760
866 1212
Fusobacterium_periodonticum_D10_gi_422317537_ref_NZ_
Fusobacterium_periodonticum_D10_gi_422316703_ref_NZ_
1 5744
6475 7382
Fusobacterium_periodonticum_D10_gi_422314910_ref_NZ_
1 4596
4689 7005
Fusobacterium_periodonticum_D10_gi_422315035_ref_NZ_
1 1131
2473 3162
4788 5906
8528 9246
16051 16296
22590 22840
Fusobacterium_periodonticum_D10_gi_422316791_ref_NZ_
1 2297
7696 8439
Fusobacterium_periodonticum_D10_gi_422316024_ref_NZ_
Fusobacterium_periodonticum_D10_gi_422317003_ref_NZ_
Fusobacterium_periodonticum_D10_gi_422317499_ref_NZ_
Fusobacterium_periodonticum_D10_gi_422317469_ref_NZ_
112 1054
Fusobacterium_periodonticum_D10_gi_422316433_ref_NZ_
1 4786
5566 6378
8331 10089
11335 13798
16983 23170
28978 30421
Fusobacterium_periodonticum_D10_gi_422315689_ref_NZ_
1 3614
5715 11577
Fusobacterium_periodonticum_D10_gi_422316533_ref_NZ_
5174 5820
7355 8406
8565 8689
8787 9584
10369 13724
17746 18168
22234 27567
29328 29872
31197 32613
35357 37321
38706 39141
46898 47217
54815 55041
58159 58913
80764 81831
83580 83730
89691 90827
91873 95709
97043 98059
105467 105594
Fusobacterium_periodonticum_D10_gi_422317547_ref_NZ_
75 783
Fusobacterium_periodonticum_D10_gi_422316811_ref_NZ_
3222 3715
13164 13540
14616 14783
17219 18339
22165 22349
31200 33639
38551 38660
40404 47672
54083 54384
Fusobacterium_periodonticum_D10_gi_422315686_ref_NZ_
1 106
298 675
Fusobacterium_periodonticum_D10_gi_422316768_ref_NZ_
Fusobacterium_periodonticum_D10_gi_422317485_ref_NZ_
1 715
Fusobacterium_periodonticum_D10_gi_422317425_ref_NZ_
1 1601
Fusobacterium_periodonticum_D10_gi_422316809_ref_NZ_
Fusobacterium_periodonticum_D10_gi_422315954_ref_NZ_
1292 1530
Fusobacterium_periodonticum_D10_gi_422317063_ref_NZ_
Fusobacterium_periodonticum_D10_gi_422315071_ref_NZ_
2161 2347
4340 4999
9474 13630
20164 20297
30080 33611
34546 34654
51006 57102
63417 69974
73412 73695
75203 75382
79998 80301
88924 89254
92513 99848
100375 101639
102214 104522
105150 106689
110067 110603
110900 112127
112875 112998
114444 115107
125691 126258
127954 139477
153791 156370
158648 160102
160852 166044
166704 166784
172560 174878
180924 181405
187313 188633
189958 203183
203438 203559
203858 204060
204544 204702
210966 211281
211615 212903
222791 222994
231665 232226
235432 236049
240127 240972
244173 244734
Fusobacterium_periodonticum_D10_gi_422316218_ref_NZ_
1 50
3551 30092
30223 30344
31302 36667
36826 66092
66876 78685
85573 85765
101735 101946
106164 106697
112306 112836
118736 118966
119830 120211
121888 125121
127772 128730
133638 135584
139410 139624
150206 151113
157744 157845
160822 161085
166545 169557
171244 171523
174394 176167
Fusobacterium_periodonticum_D10_gi_422315814_ref_NZ_
1 3425
3847 5502
6018 14070
15098 15602
21498 22152
23648 24812
25333 26035
Fusobacterium_periodonticum_D10_gi_422316428_ref_NZ_
Fusobacterium_periodonticum_D10_gi_422316635_ref_NZ_
2895 4197
4860 9798
Fusobacterium_periodonticum_D10_gi_422315870_ref_NZ_
Fusobacterium_periodonticum_D10_gi_422316514_ref_NZ_
1 3038
12059 12534
Fusobacterium_periodonticum_D10_gi_422314908_ref_NZ_
Fusobacterium_periodonticum_D10_gi_422314916_ref_NZ_
1743 2415
14321 17696
18213 20923
21954 22070
22482 22907
27214 32470
35613 35861
40437 43908
47318 47796
50049 53555
57847 58040
59793 61066
61414 67182
70274 70496
77539 78265
79296 81410
82752 83846
86303 86432
Fusobacterium_periodonticum_D10_gi_422317479_ref_NZ_
Fusobacterium_periodonticum_D10_gi_422316080_ref_NZ_
2351 2410
2551 3021
9075 9465
12089 12540
14321 15208
16217 16528
16665 16788
21232 21504
22769 23085
23902 25338
38578 38799
41639 41710
52172 55528
56352 57038
57853 57917
58017 58853
59506 61079
62599 63793
67634 77452
80991 81961
87252 87434
88166 93144
Fusobacterium_periodonticum_D10_gi_422316053_ref_NZ_
702 5786
6199 7260
12286 13391
14063 16376
19154 19811
Fusobacterium_periodonticum_D10_gi_422317510_ref_NZ_
1 1192
Fusobacterium_periodonticum_D10_gi_422317570_ref_NZ_
1 510
Fusobacterium_periodonticum_D10_gi_422317533_ref_NZ_
1 590
Fusobacterium_periodonticum_D10_gi_422315614_ref_NZ_
625 1524
Fusobacterium_periodonticum_D10_gi_422317222_ref_NZ_
2805 3974
6688 7783
10103 13190
14710 19136
21095 22053
Fusobacterium_periodonticum_D10_gi_422317100_ref_NZ_
254 814
Fusobacterium_periodonticum_D10_gi_422317120_ref_NZ_
1 125
21087 22229
23513 24116
33093 33373
39321 49294
61292 63238
63504 68717
72004 72342
74698 77336
78189 78527
79766 80504
82625 84221
85865 86127
Fusobacterium_periodonticum_D10_gi_422315616_ref_NZ_
4709 5031
7074 7400
12220 12602
15801 16373
Fusobacterium_periodonticum_D10_gi_422317376_ref_NZ_
600 4542
5059 5630
6444 8238
8306 8458
13435 13930
14091 14367
Fusobacterium_periodonticum_D10_gi_422317467_ref_NZ_
1 672
Fusobacterium_periodonticum_D10_gi_422316772_ref_NZ_
753 2172
3314 4385
5191 7199
7786 8175
10553 13753
Fusobacterium_periodonticum_D10_gi_422317434_ref_NZ_
1 1827
Fusobacterium_periodonticum_D10_gi_422317525_ref_NZ_
1 824
Fusobacterium_periodonticum_D10_gi_422316770_ref_NZ_
Fusobacterium_periodonticum_D10_gi_422316049_ref_NZ_
1725 1912
Fusobacterium_periodonticum_D10_gi_422315762_ref_NZ_
2382 2654
4164 4445
9791 10154
21626 30114
31370 32500
34262 34624
40254 40595
46265 47059
50558 51145
Fusobacterium_periodonticum_D10_gi_422315760_ref_NZ_
Fusobacterium_periodonticum_D10_gi_422317539_ref_NZ_
1 707
Fusobacterium_periodonticum_D10_gi_422317451_ref_NZ_
2282 2524
5498 6192
9014 9479
11629 12518
Fusobacterium_periodonticum_D10_gi_422317488_ref_NZ_
Fusobacterium_periodonticum_D10_gi_422317005_ref_NZ_
1 765
Fusobacterium_periodonticum_D10_gi_422317441_ref_NZ_
1 1079
Fusobacterium_periodonticum_D10_gi_422317492_ref_NZ_
1 751
Fusobacterium_periodonticum_D10_gi_422317475_ref_NZ_
387 587
Fusobacterium_periodonticum_D10_gi_422315889_ref_NZ_
1 773
3043 3161
10438 11144
12321 12955
19024 19722
23073 23568
28800 40857
Fusobacterium_periodonticum_D10_gi_422314906_ref_NZ_
Fusobacterium_periodonticum_D10_gi_422315872_ref_NZ_
4067 5229
6029 14847
Fusobacterium_periodonticum_D10_gi_422317472_ref_NZ_
747 845
Fusobacterium_periodonticum_D10_gi_422316950_ref_NZ_
3406 3548
11075 11201
19898 20280
29016 32220
44720 45744
Fusobacterium_periodonticum_D10_gi_422315756_ref_NZ_
1 4672
Fusobacterium_periodonticum_D10_gi_422315697_ref_NZ_
1 585
Fusobacterium_periodonticum_D10_gi_422315457_ref_NZ_
1 750
Fusobacterium_periodonticum_D10_gi_422315844_ref_NZ_
Fusobacterium_periodonticum_D10_gi_422315062_ref_NZ_
Fusobacterium_periodonticum_D10_gi_422317430_ref_NZ_
1 1447
Fusobacterium_periodonticum_D10_gi_422317504_ref_NZ_
1 1039
Fusobacterium_periodonticum_D10_gi_422317512_ref_NZ_
1 539
Fusobacterium_periodonticum_D10_gi_422315010_ref_NZ_
1 598
Fusobacterium_periodonticum_D10_gi_422315699_ref_NZ_
762 2127
16296 20518
20624 24914
25013 25810
34386 35817
38874 39080
41755 41980
43796 44255
Fusobacterium_periodonticum_D10_gi_422317397_ref_NZ_
1 8479
10349 10437
11813 12556
13104 14386
15245 16388
17209 17715
20246 21918
Fusobacterium_periodonticum_D10_gi_422315012_ref_NZ_
Fusobacterium_periodonticum_D10_gi_422317438_ref_NZ_
Fusobacterium_periodonticum_D10_gi_422317517_ref_NZ_
Fusobacterium_periodonticum_D10_gi_422317483_ref_NZ_
1 668
Fusobacterium_periodonticum_D10_gi_422317313_ref_NZ_
1 71
805 1203
6318 6919
9323 10467
10996 11993
15984 16465
37201 37982
42377 48906
53093 53681
54138 59753
Fusobacterium_periodonticum_D10_gi_422317465_ref_NZ_
Fusobacterium_periodonticum_D10_gi_422317423_ref_NZ_
1 674
Fusobacterium_periodonticum_D10_gi_422315652_ref_NZ_
20595 21457
22609 22949
33228 35951
Fusobacterium_periodonticum_D10_gi_422317477_ref_NZ_
1 439
538 958
Fusobacterium_periodonticum_D10_gi_422317568_ref_NZ_
Fusobacterium_periodonticum_D10_gi_422314805_ref_NZ_
1 80
1544 2144
5578 5828
7232 7321
8598 8735
11336 11519
13033 18377
19720 37675
38872 41245
41580 44797
49540 50918
59837 60940
73124 73196
73760 74356
74517 75571
76151 76567
83753 84394
92363 92416
96951 97695
100196 100510
103538 103611
104404 108008
Fusobacterium_periodonticum_D10_gi_422317508_ref_NZ_
1 829
Fusobacterium_periodonticum_D10_gi_422316168_ref_NZ_
1 4792
15163 15320
16182 16270
24898 25208
27792 31223
31793 32574
34683 35154
36844 39210
43104 43835
Fusobacterium_periodonticum_D10_gi_422315859_ref_NZ_
4639 8001
Fusobacterium_periodonticum_D10_gi_422317577_ref_NZ_
Fusobacterium_periodonticum_D10_gi_422315578_ref_NZ_
1 70
4725 4906
5395 5502
8041 20979
23822 31420
Fusobacterium_periodonticum_D10_gi_422317529_ref_NZ_
1 1057
Fusobacterium_periodonticum_D10_gi_422315635_ref_NZ_
1 286
2937 5993
7444 16158
Fusobacterium_periodonticum_D10_gi_422316714_ref_NZ_
1 731
Fusobacterium_periodonticum_D10_gi_422317007_ref_NZ_
2714 2877
Fusobacterium_periodonticum_D10_gi_422317575_ref_NZ_
1 623
Fusobacterium_periodonticum_D10_gi_422315980_ref_NZ_
4119 5708
9301 9406
9555 12954
13556 14265
17338 19977
21140 21432
22839 23143
24407 26643
30621 31868
32718 32931
36046 36155
37072 37461
38177 41126
41314 42549
43354 44785
Fusobacterium_periodonticum_D10_gi_422316027_ref_NZ_
6257 6470
Fusobacterium_periodonticum_D10_gi_422317018_ref_NZ_
818 1209
4246 4364
7630 7726
15263 15524
16277 17135
17998 18391
23514 24001
Fusobacterium_periodonticum_D10_gi_422317491_ref_NZ_
1 883
Fusobacterium_periodonticum_D10_gi_422317557_ref_NZ_
Fusobacterium_periodonticum_D10_gi_422316415_ref_NZ_
1 77
4220 9366
Fusobacterium_periodonticum_D10_gi_422316873_ref_NZ_
1 2604
3827 5528
5605 8778
28344 29106
31254 31584
33819 34393
35005 38154
40922 41349
48684 51284
61318 61589
61691 61800
62827 67177
68319 69262
74899 81490
Fusobacterium_periodonticum_D10_gi_422317494_ref_NZ_
1 570
Fusobacterium_periodonticum_D10_gi_422316038_ref_NZ_
6603 7069
10009 10427
Fusobacterium_periodonticum_D10_gi_422316743_ref_NZ_
1 4865
5917 7171
10956 11210
Fusobacterium_periodonticum_D10_gi_422315961_ref_NZ_
Fusobacterium_periodonticum_D10_gi_422315291_ref_NZ_
1694 2319
3306 8144
9371 10615
Fusobacterium_periodonticum_D10_gi_422317253_ref_NZ_
Fusobacterium_periodonticum_D10_gi_422317549_ref_NZ_
1 1015
Fusobacterium_periodonticum_D10_gi_422317535_ref_NZ_
1 883
Fusobacterium_periodonticum_D10_gi_422316035_ref_NZ_
Fusobacterium_periodonticum_D10_gi_422315070_ref_NZ_
3107 3389
4810 5041
Fusobacterium_periodonticum_D10_gi_422317514_ref_NZ_
1 1128
Fusobacterium_periodonticum_D10_gi_422317065_ref_NZ_
1502 1719
2102 4672
7252 7835
8227 9923
10357 14977
18831 27957
28057 29919
Fusobacterium_periodonticum_D10_gi_422317256_ref_NZ_
12894 20650
20719 20781
31260 32832
34012 34496
35546 36545
37358 38764
39974 41217
Fusobacterium_periodonticum_D10_gi_422315857_ref_NZ_
Fusobacterium_periodonticum_D10_gi_422316466_ref_NZ_
7463 7760
12684 12837
16780 17276
31078 31190
Fusobacterium_periodonticum_D10_gi_422315964_ref_NZ_
1 2828
13331 13951
Fusobacterium_periodonticum_D10_gi_422315459_ref_NZ_
1 3157
3690 3796
14180 14629
16314 19058
19379 19608
Fusobacterium_periodonticum_D10_gi_422317561_ref_NZ_
1 1385
Fusobacterium_periodonticum_D10_gi_422315335_ref_NZ_
1 1712
3909 9997
11776 12359
15272 17742
19470 21502
27428 27623
28521 28716
36555 36666
40997 41955
48486 48677
50487 57860
58827 60101
60781 61190
62652 62755
68138 77353
78021 78281
82566 92390
98106 101036
101546 125729
128375 128694
Fusobacterium_periodonticum_D10_gi_422317216_ref_NZ_
Fusobacterium_periodonticum_D10_gi_422317367_ref_NZ_
1 187
800 2351
Fusobacterium_periodonticum_D10_gi_422317497_ref_NZ_
Fusobacterium_periodonticum_D10_gi_422316656_ref_NZ_
4585 5777
11374 12534
Fusobacterium_periodonticum_D10_gi_422317559_ref_NZ_
Fusobacterium_periodonticum_D10_gi_422317218_ref_NZ_
911 2460
Fusobacterium_periodonticum_D10_gi_422317572_ref_NZ_
Fusobacterium_periodonticum_D10_gi_422317502_ref_NZ_
1 612
Fusobacterium_periodonticum_D10_gi_422317448_ref_NZ_
1 685
Fusobacterium_periodonticum_D10_gi_422316653_ref_NZ_
Fusobacterium_periodonticum_D10_gi_422316431_ref_NZ_
Fusobacterium_periodonticum_D10_gi_422317013_ref_NZ_
1 3372
Fusobacterium_periodonticum_D10_gi_422316718_ref_NZ_
7048 22442
Fusobacterium_periodonticum_D10_gi_422317531_ref_NZ_
Fusobacterium_periodonticum_D10_gi_422316680_ref_NZ_
13662 13869
15927 16089
17575 17659
17899 20397
Fusobacterium_periodonticum_D10_gi_422317552_ref_NZ_
1 1569
Fusobacterium_periodonticum_D10_gi_422317542_ref_NZ_
1 2578
Fusobacterium_periodonticum_D10_gi_422317444_ref_NZ_
1247 4440
Fusobacterium_periodonticum_D10_gi_422315932_ref_NZ_
1 294
826 1532
2939 3703
4944 5633
5960 6011
9981 11238
17686 19045
19923 20802
Fusobacterium_periodonticum_D10_gi_422317555_ref_NZ_
1 636
