Fusobacterium_periodonticum_D10_gi_422316677_ref_NZ_
Fusobacterium_periodonticum_D10_gi_422315486_ref_NZ_
1 624
3363 9681
10034 11402
11583 11830
12059 13751
14948 16477
17924 19103
19759 21178
21934 24285
26194 29021
30423 30495
32716 33900
34482 43365
44075 44411
53744 56568
61584 62019
63125 63203
68031 68885
69776 70474
70630 70893
78605 78690
81179 83071
83675 107061
Fusobacterium_periodonticum_D10_gi_422315014_ref_NZ_
2147 5761
7169 7969
8462 8612
9487 10074
10570 10986
11210 14025
14331 16551
16803 17166
Fusobacterium_periodonticum_D10_gi_422317566_ref_NZ_
Fusobacterium_periodonticum_D10_gi_422316740_ref_NZ_
Fusobacterium_periodonticum_D10_gi_422317481_ref_NZ_
Fusobacterium_periodonticum_D10_gi_422315005_ref_NZ_
187 1695
2267 2593
Fusobacterium_periodonticum_D10_gi_422317564_ref_NZ_
1 754
Fusobacterium_periodonticum_D10_gi_422315301_ref_NZ_
1 5610
6170 12517
19454 19735
Fusobacterium_periodonticum_D10_gi_422315483_ref_NZ_
1 760
866 1212
Fusobacterium_periodonticum_D10_gi_422317537_ref_NZ_
Fusobacterium_periodonticum_D10_gi_422316703_ref_NZ_
1 5792
6375 6832
7257 7382
Fusobacterium_periodonticum_D10_gi_422314910_ref_NZ_
1 7005
Fusobacterium_periodonticum_D10_gi_422315035_ref_NZ_
1 1131
2473 3162
4788 5906
8528 9246
16051 16296
21124 22838
26762 26811
Fusobacterium_periodonticum_D10_gi_422316791_ref_NZ_
1 2297
7696 8439
Fusobacterium_periodonticum_D10_gi_422316024_ref_NZ_
Fusobacterium_periodonticum_D10_gi_422317003_ref_NZ_
Fusobacterium_periodonticum_D10_gi_422317499_ref_NZ_
Fusobacterium_periodonticum_D10_gi_422317469_ref_NZ_
112 1054
Fusobacterium_periodonticum_D10_gi_422316433_ref_NZ_
1 4786
5566 6378
8331 10089
11335 13798
16983 23170
28978 30612
Fusobacterium_periodonticum_D10_gi_422315689_ref_NZ_
1 3614
5462 11577
Fusobacterium_periodonticum_D10_gi_422316533_ref_NZ_
4540 5820
7355 9584
10369 13724
17746 18168
22234 27567
29328 29872
31197 32613
35357 39141
46898 47217
54815 55041
58159 58913
80764 81831
83580 83730
89691 95709
97043 98059
105467 105594
Fusobacterium_periodonticum_D10_gi_422317547_ref_NZ_
1 783
Fusobacterium_periodonticum_D10_gi_422316811_ref_NZ_
3222 3715
13164 13540
14616 14783
17219 18339
22165 22349
31200 33639
38551 38660
40404 40493
40872 47672
49917 50088
52738 52932
54083 54384
Fusobacterium_periodonticum_D10_gi_422315686_ref_NZ_
1 675
Fusobacterium_periodonticum_D10_gi_422316768_ref_NZ_
Fusobacterium_periodonticum_D10_gi_422317485_ref_NZ_
1 715
Fusobacterium_periodonticum_D10_gi_422317425_ref_NZ_
1 1601
Fusobacterium_periodonticum_D10_gi_422316809_ref_NZ_
Fusobacterium_periodonticum_D10_gi_422315954_ref_NZ_
1292 1530
Fusobacterium_periodonticum_D10_gi_422317063_ref_NZ_
Fusobacterium_periodonticum_D10_gi_422315071_ref_NZ_
1 131
2149 2344
4349 5008
7229 7870
7950 13630
20164 20297
30080 33611
34546 34689
51006 57102
63405 69963
73412 73695
75203 76722
79998 80301
83054 84075
84822 84963
86820 86878
88708 89254
91884 104522
105102 106737
108480 139477
153119 156370
158648 160102
160852 166074
166704 166784
172560 174878
180924 181405
187313 188633
189958 199486
201401 203349
203858 204060
204127 204702
210475 210549
210643 212917
222791 222994
231665 236084
240127 240972
244173 244734
Fusobacterium_periodonticum_D10_gi_422316218_ref_NZ_
1 50
3551 30920
31219 36667
36826 78685
85571 85765
101735 101946
106164 106697
112306 112836
118872 118966
119830 120211
121841 125121
127772 128848
133638 135584
139410 139624
150103 151110
157744 157845
160822 161085
166545 169557
171244 171523
174394 176167
Fusobacterium_periodonticum_D10_gi_422315814_ref_NZ_
1 3425
3847 5502
6018 14070
15098 15602
21498 22152
23648 26035
Fusobacterium_periodonticum_D10_gi_422316428_ref_NZ_
1 133
Fusobacterium_periodonticum_D10_gi_422316635_ref_NZ_
1 9798
Fusobacterium_periodonticum_D10_gi_422315870_ref_NZ_
Fusobacterium_periodonticum_D10_gi_422316514_ref_NZ_
1 3038
12059 12534
Fusobacterium_periodonticum_D10_gi_422314908_ref_NZ_
1 728
Fusobacterium_periodonticum_D10_gi_422314916_ref_NZ_
1 90
1743 2415
8849 9151
14076 16739
16979 17754
18213 20923
22021 24135
27214 32470
35613 35861
40437 43908
47318 47796
50049 53555
54100 54389
57847 58040
59799 61072
61414 67182
68487 69529
70274 70496
77539 78265
79296 81410
82759 88359
Fusobacterium_periodonticum_D10_gi_422317479_ref_NZ_
Fusobacterium_periodonticum_D10_gi_422316080_ref_NZ_
1 629
1016 1426
1686 1864
2124 3642
3980 6820
7330 7657
7876 9288
10058 10149
10692 11377
12089 12636
13893 16539
16665 18285
18517 18669
19145 19317
20056 20417
21153 21570
21995 23095
23620 24836
25005 25338
25410 25499
25834 25938
26094 26955
27137 27204
27554 29044
29579 30045
38578 38799
41987 42181
43850 44621
45821 46338
50221 50506
50767 50887
51389 51968
52172 55285
55433 57038
58017 63793
67401 79576
80767 93144
Fusobacterium_periodonticum_D10_gi_422316053_ref_NZ_
1147 1652
4891 5835
6142 16376
19154 19811
Fusobacterium_periodonticum_D10_gi_422317510_ref_NZ_
1 1192
Fusobacterium_periodonticum_D10_gi_422317570_ref_NZ_
1 510
Fusobacterium_periodonticum_D10_gi_422317533_ref_NZ_
1 590
Fusobacterium_periodonticum_D10_gi_422315614_ref_NZ_
625 1524
Fusobacterium_periodonticum_D10_gi_422317222_ref_NZ_
2418 3406
3810 3974
4192 5390
5994 6217
6688 7831
10103 13566
13824 13947
14182 14538
14918 14999
15228 17187
17780 18726
18867 22199
Fusobacterium_periodonticum_D10_gi_422317100_ref_NZ_
1 814
Fusobacterium_periodonticum_D10_gi_422317120_ref_NZ_
1 125
21087 22229
23513 24116
33093 33373
39321 49294
51251 51820
52600 54262
54534 55570
57882 58143
58364 58668
59087 59243
60308 60898
61292 68750
71203 71293
72004 72342
73130 73214
74936 78455
79766 81231
81765 85457
85657 85878
87112 88961
89687 91143
92455 94308
Fusobacterium_periodonticum_D10_gi_422315616_ref_NZ_
4709 5031
7074 7400
12220 12602
15801 16373
Fusobacterium_periodonticum_D10_gi_422317376_ref_NZ_
1 2877
3353 3441
3588 3684
3847 3936
4214 4680
5064 5678
7698 8238
8311 9026
10316 12403
13435 13930
14052 14358
Fusobacterium_periodonticum_D10_gi_422317467_ref_NZ_
1 672
Fusobacterium_periodonticum_D10_gi_422316772_ref_NZ_
753 2172
3314 7628
8608 9583
10553 13753
Fusobacterium_periodonticum_D10_gi_422317434_ref_NZ_
1 1827
Fusobacterium_periodonticum_D10_gi_422317525_ref_NZ_
1 824
Fusobacterium_periodonticum_D10_gi_422316770_ref_NZ_
Fusobacterium_periodonticum_D10_gi_422316049_ref_NZ_
1725 1912
Fusobacterium_periodonticum_D10_gi_422315762_ref_NZ_
2382 2654
4164 4445
8960 32506
34262 34624
40254 40595
46265 47059
50532 51145
Fusobacterium_periodonticum_D10_gi_422315760_ref_NZ_
Fusobacterium_periodonticum_D10_gi_422317539_ref_NZ_
1 707
Fusobacterium_periodonticum_D10_gi_422317451_ref_NZ_
1 2524
5498 6192
9014 9479
11629 12518
Fusobacterium_periodonticum_D10_gi_422317488_ref_NZ_
Fusobacterium_periodonticum_D10_gi_422317005_ref_NZ_
1 765
Fusobacterium_periodonticum_D10_gi_422317441_ref_NZ_
469 563
Fusobacterium_periodonticum_D10_gi_422317492_ref_NZ_
1 902
Fusobacterium_periodonticum_D10_gi_422317475_ref_NZ_
288 587
Fusobacterium_periodonticum_D10_gi_422315889_ref_NZ_
688 773
3043 3161
10438 11144
12321 12955
19024 19722
23073 23568
28795 40857
Fusobacterium_periodonticum_D10_gi_422314906_ref_NZ_
Fusobacterium_periodonticum_D10_gi_422315872_ref_NZ_
4067 5876
6029 14847
Fusobacterium_periodonticum_D10_gi_422317472_ref_NZ_
1 57
747 845
Fusobacterium_periodonticum_D10_gi_422316950_ref_NZ_
3406 3797
11075 15914
19898 20280
29016 32220
44720 45744
Fusobacterium_periodonticum_D10_gi_422315756_ref_NZ_
1 4672
Fusobacterium_periodonticum_D10_gi_422315697_ref_NZ_
1 585
Fusobacterium_periodonticum_D10_gi_422315457_ref_NZ_
1 750
Fusobacterium_periodonticum_D10_gi_422315844_ref_NZ_
1 545
Fusobacterium_periodonticum_D10_gi_422315062_ref_NZ_
Fusobacterium_periodonticum_D10_gi_422317430_ref_NZ_
1 1447
Fusobacterium_periodonticum_D10_gi_422317504_ref_NZ_
1 1039
Fusobacterium_periodonticum_D10_gi_422317512_ref_NZ_
1 539
Fusobacterium_periodonticum_D10_gi_422315010_ref_NZ_
1 598
Fusobacterium_periodonticum_D10_gi_422315699_ref_NZ_
762 2127
16296 24914
25013 25810
34386 35817
38559 39080
41755 41980
43796 44255
Fusobacterium_periodonticum_D10_gi_422317397_ref_NZ_
1 7218
7535 7635
7846 8479
10122 10683
11704 14434
15245 16388
16577 16813
17109 17807
20246 23622
Fusobacterium_periodonticum_D10_gi_422315012_ref_NZ_
Fusobacterium_periodonticum_D10_gi_422317438_ref_NZ_
1 812
Fusobacterium_periodonticum_D10_gi_422317517_ref_NZ_
1 229
2972 3047
4299 5893
Fusobacterium_periodonticum_D10_gi_422317483_ref_NZ_
1 668
Fusobacterium_periodonticum_D10_gi_422317313_ref_NZ_
1 71
805 1203
6318 6919
9323 10467
10996 12244
15984 16465
37201 37982
42377 49135
49887 52544
53093 53681
54042 59753
Fusobacterium_periodonticum_D10_gi_422317465_ref_NZ_
Fusobacterium_periodonticum_D10_gi_422317423_ref_NZ_
1 674
Fusobacterium_periodonticum_D10_gi_422315652_ref_NZ_
20595 21457
22609 22949
33228 35951
Fusobacterium_periodonticum_D10_gi_422317477_ref_NZ_
1 958
Fusobacterium_periodonticum_D10_gi_422317568_ref_NZ_
Fusobacterium_periodonticum_D10_gi_422314805_ref_NZ_
1 2267
5578 5828
7232 7321
8598 8735
11336 18377
19720 21709
21926 22317
22726 22876
23628 28749
28939 31478
32249 33509
37333 37675
38872 44797
49540 50918
58012 67154
73124 73199
73760 75571
75874 75923
76151 76361
81636 82075
83753 84394
89374 90069
92363 92416
96951 97695
100196 100510
103538 103611
104404 108008
Fusobacterium_periodonticum_D10_gi_422317508_ref_NZ_
1 829
Fusobacterium_periodonticum_D10_gi_422316168_ref_NZ_
1 4792
11721 13745
15163 15320
21928 25522
26287 26981
27804 32574
34683 35154
36844 39210
43104 43835
Fusobacterium_periodonticum_D10_gi_422315859_ref_NZ_
4639 7363
Fusobacterium_periodonticum_D10_gi_422317577_ref_NZ_
Fusobacterium_periodonticum_D10_gi_422315578_ref_NZ_
1 4906
5395 5703
7991 20979
23822 31420
Fusobacterium_periodonticum_D10_gi_422317529_ref_NZ_
1 1057
Fusobacterium_periodonticum_D10_gi_422315635_ref_NZ_
1 286
890 1413
2937 7082
7344 7471
7777 16158
Fusobacterium_periodonticum_D10_gi_422316714_ref_NZ_
1 497
623 731
Fusobacterium_periodonticum_D10_gi_422317007_ref_NZ_
2714 2890
Fusobacterium_periodonticum_D10_gi_422317575_ref_NZ_
1 623
Fusobacterium_periodonticum_D10_gi_422315980_ref_NZ_
578 1235
1741 1840
2062 2133
2342 5903
6416 9454
9554 9643
11699 12380
13556 14265
16226 16498
17338 20895
21140 21432
21610 21823
22839 23670
23908 27345
29900 33639
34155 34319
34897 36155
37072 37461
38177 41126
41314 42549
43354 44785
Fusobacterium_periodonticum_D10_gi_422316027_ref_NZ_
6257 6470
Fusobacterium_periodonticum_D10_gi_422317018_ref_NZ_
818 1209
4246 4364
7630 7726
15263 15524
16277 17135
17998 18391
23514 24001
Fusobacterium_periodonticum_D10_gi_422317491_ref_NZ_
1 883
Fusobacterium_periodonticum_D10_gi_422317557_ref_NZ_
Fusobacterium_periodonticum_D10_gi_422316415_ref_NZ_
1 77
4220 9366
Fusobacterium_periodonticum_D10_gi_422316873_ref_NZ_
1 2604
3827 8778
28344 29106
31254 31584
33819 34393
35005 35241
37236 38154
40848 41441
48684 51501
55255 57736
61318 61800
62827 67177
68319 69262
74899 81490
Fusobacterium_periodonticum_D10_gi_422317494_ref_NZ_
1 570
Fusobacterium_periodonticum_D10_gi_422316038_ref_NZ_
6603 7069
10009 10427
Fusobacterium_periodonticum_D10_gi_422316743_ref_NZ_
1 53
168 307
398 7171
10956 11210
Fusobacterium_periodonticum_D10_gi_422315961_ref_NZ_
1 1178
Fusobacterium_periodonticum_D10_gi_422315291_ref_NZ_
1694 2310
3306 8144
9371 10615
Fusobacterium_periodonticum_D10_gi_422317253_ref_NZ_
Fusobacterium_periodonticum_D10_gi_422317549_ref_NZ_
1 1015
Fusobacterium_periodonticum_D10_gi_422317535_ref_NZ_
1 883
Fusobacterium_periodonticum_D10_gi_422316035_ref_NZ_
Fusobacterium_periodonticum_D10_gi_422315070_ref_NZ_
507 1610
3107 5041
Fusobacterium_periodonticum_D10_gi_422317514_ref_NZ_
1 1128
Fusobacterium_periodonticum_D10_gi_422317065_ref_NZ_
1502 1719
2102 4672
7252 7835
8227 9923
10357 14977
18831 27957
28057 29919
Fusobacterium_periodonticum_D10_gi_422317256_ref_NZ_
9125 9218
10086 17965
20546 20781
31260 32832
34012 34496
35546 36545
37358 41217
Fusobacterium_periodonticum_D10_gi_422315857_ref_NZ_
Fusobacterium_periodonticum_D10_gi_422316466_ref_NZ_
7463 7760
12684 12837
16780 17276
31078 31190
Fusobacterium_periodonticum_D10_gi_422315964_ref_NZ_
171 7064
7706 13951
Fusobacterium_periodonticum_D10_gi_422315459_ref_NZ_
1 3157
3690 3796
14180 14629
16314 19608
Fusobacterium_periodonticum_D10_gi_422317561_ref_NZ_
1 1385
Fusobacterium_periodonticum_D10_gi_422315335_ref_NZ_
1 1442
1652 1712
3909 5846
6776 9997
11776 12359
15272 17742
19470 21502
25387 27623
28503 30348
36555 37237
40997 42069
42664 43833
48014 48669
49402 58532
58827 60101
60777 62648
63167 63546
68138 92390
98106 99134
100647 101036
101546 121444
122609 125729
128242 128694
Fusobacterium_periodonticum_D10_gi_422317216_ref_NZ_
Fusobacterium_periodonticum_D10_gi_422317367_ref_NZ_
1 187
800 4790
5716 5880
6188 6672
7316 8786
Fusobacterium_periodonticum_D10_gi_422317497_ref_NZ_
108 626
Fusobacterium_periodonticum_D10_gi_422316656_ref_NZ_
4585 5846
12113 12599
Fusobacterium_periodonticum_D10_gi_422317559_ref_NZ_
2281 2370
Fusobacterium_periodonticum_D10_gi_422317218_ref_NZ_
911 2460
Fusobacterium_periodonticum_D10_gi_422317572_ref_NZ_
751 876
Fusobacterium_periodonticum_D10_gi_422317502_ref_NZ_
1 612
Fusobacterium_periodonticum_D10_gi_422317448_ref_NZ_
1 685
Fusobacterium_periodonticum_D10_gi_422316653_ref_NZ_
Fusobacterium_periodonticum_D10_gi_422316431_ref_NZ_
Fusobacterium_periodonticum_D10_gi_422317013_ref_NZ_
1 3372
Fusobacterium_periodonticum_D10_gi_422316718_ref_NZ_
7048 23965
Fusobacterium_periodonticum_D10_gi_422317531_ref_NZ_
1 538
Fusobacterium_periodonticum_D10_gi_422316680_ref_NZ_
1 595
1336 1468
1676 2035
6103 6919
7233 7470
7635 13869
15310 15481
15707 16369
17399 17777
17899 19156
20124 20397
21232 21449
Fusobacterium_periodonticum_D10_gi_422317552_ref_NZ_
1 1569
Fusobacterium_periodonticum_D10_gi_422317542_ref_NZ_
1 2578
Fusobacterium_periodonticum_D10_gi_422317444_ref_NZ_
1224 4440
Fusobacterium_periodonticum_D10_gi_422315932_ref_NZ_
1 572
1225 1610
2936 4528
4944 5633
5912 6727
8172 11339
14458 20802
Fusobacterium_periodonticum_D10_gi_422317555_ref_NZ_
1 636
