gi|48994873|gb|U00096.2|_Escherichia_coli_str._K-12_substr._MG1655__complete_genome
130407 131047
224323 226590
226926 227398
227710 228927
273420 273794
339035 339210
374291 374494
574055 574429
687315 687689
730086 732327
733784 734268
736653 737864
779831 780857
1096239 1096738
1268373 1269216
1286164 1286316
1394647 1395021
1416980 1418299
1419043 1419313
1419820 1421602
1423329 1423604
1425676 1426239
1427473 1428336
1430353 1431950
1436074 1436126
1436797 1436864
1438795 1439289
1441212 1441553
1442036 1443315
1444961 1446634
1447277 1447483
1448075 1448186
1448693 1448789
1451038 1452852
1453500 1460944
1464313 1464840
1465988 1468485
1530059 1530884
1557885 1570913
1601361 1601694
1620831 1621075
1623141 1623326
1624351 1626622
1627387 1629421
1630639 1634861
1639528 1639693
1640407 1640659
1698397 1698482
1749068 1749700
1750827 1751027
1752053 1862622
1863134 1863378
1864001 1864474
1865388 1865752
1870763 1871054
1871766 1871973
1875309 1875423
2064424 2064798
2100014 2100388
2287182 2287556
2302477 2302760
2512350 2513585
2516113 2516172
2519006 2519332
2566222 2566275
2724139 2724199
2725063 2725511
2726095 2728627
2815852 2816493
2995089 2995661
3128747 3129121
3267959 3268035
3363819 3364193
3421336 3426232
3618495 3620806
3622824 3623445
3650300 3650674
3760414 3763797
3923164 3923536
3926640 3926784
3927922 3928390
3929041 3932137
3932763 3935435
3936065 3938599
3939485 3944917
4034106 4038768
4164591 4169888
4206722 4211134
4294083 4294366
4323926 4324170
4390573 4390628
