gi|48994873|gb|U00096.2|_Escherichia_coli_str._K-12_substr._MG1655__complete_genome
130420 130917
224323 224518
224756 228950
269820 270930
279105 279280
687906 688219
695708 696085
730086 732089
735661 736609
779832 780591
1096239 1096740
1269205 1269684
1394486 1395003
1415869 1415930
1417611 1418299
1418973 1419192
1419737 1420385
1421046 1421559
1425676 1426763
1427443 1428322
1430353 1431950
1436010 1436126
1436797 1436958
1438795 1438865
1441212 1441362
1442568 1443325
1445170 1445473
1445973 1446229
1448693 1448789
1451038 1452852
1453500 1459136
1459684 1460944
1464221 1464840
1465988 1468485
1529872 1530401
1557885 1570465
1601278 1601694
1620837 1621075
1623141 1623324
1624351 1625938
1626470 1626622
1627387 1629421
1630639 1634861
1640407 1640659
1706702 1706898
1750827 1751027
1752053 1862622
1863164 1863378
1864001 1864474
1865393 1865752
1870763 1871057
2302702 2303041
2512350 2513587
2516113 2516172
2519274 2519332
2724139 2728627
2816159 2816218
2995092 2995661
3421371 3426232
3618495 3620498
3622344 3622962
3761486 3763489
3923176 3923536
3926640 3926784
3928010 3928390
3929041 3932136
3932772 3935435
3936066 3938599
3939485 3944917
4034106 4038733
4164591 4169853
4206722 4211133
4294083 4294366
4324011 4324306
4390575 4390630
4505537 4506647
