Haemophilus_parainfluenzae_ATCC_33392_gi_325580572_ref_NZ_
1 115
Haemophilus_parainfluenzae_ATCC_33392_gi_325580446_ref_NZ_
1 668
Haemophilus_parainfluenzae_ATCC_33392_gi_325580263_ref_NZ_
1 1229
Haemophilus_parainfluenzae_ATCC_33392_gi_325579880_ref_NZ_
80 160
707 13597
16903 17770
22964 27701
27991 48784
52090 53209
54397 54510
54751 56790
58934 59225
60147 60210
61052 62031
63048 63646
64988 65440
66588 66840
67363 69345
71044 71179
72270 76162
78225 79316
81248 83403
83927 87197
87737 88231
88708 88884
89761 89928
90301 91137
92426 92537
92714 94911
96722 98645
98950 102424
109308 112590
114147 114488
116447 116537
116987 120160
120578 120683
122095 124361
126029 126896
130319 132668
133223 138340
140346 141399
142666 149711
150417 151014
151981 152226
152815 153994
154981 155720
156407 164319
166164 166459
169095 170169
170677 176865
177068 179148
182100 183946
184759 185586
185739 186262
187222 187920
188749 190930
192847 195265
196589 199361
201694 213053
213146 213522
213870 218058
218403 221732
224155 226941
228072 233983
234142 235870
236920 237141
239319 239406
240016 244955
245185 252471
254294 254374
255851 257265
257796 258511
260659 261535
262520 265380
268755 269525
269776 276613
278002 278693
279393 281476
282121 283806
284251 285970
288518 289096
289279 289637
290366 290657
291290 291396
292167 296253
299249 300845
301010 308693
309595 309675
310568 310753
313175 316286
319787 319886
320199 322251
323796 323856
325457 332123
333223 333331
333932 334457
335865 336553
337671 343454
345000 345702
346860 348269
348510 348857
349416 350828
359441 361111
363205 370182
385753 392106
392248 394843
395046 400001
400716 408348
409182 409676
410049 413437
414130 417131
420875 421159
421660 425330
425695 426417
426495 431956
432540 433408
434306 442295
443151 444522
445349 451226
451492 451800
452925 454376
457438 458186
460375 466868
467452 467982
469987 475246
476006 482475
483085 483225
485975 487430
488317 488371
490910 491706
492221 492520
495104 495195
495461 496259
498668 502717
503177 503387
505063 511331
513692 516343
517457 517562
519100 523473
524097 526683
527206 527318
527945 529217
529997 533241
533981 535901
538423 540734
542030 561496
562228 570698
570906 573010
573701 579881
580466 580720
580828 581117
581935 582124
582684 582812
583671 583851
585667 610481
613352 615129
617084 617653
618177 619755
621034 622508
623134 623313
626326 627473
630813 631373
631914 632324
633916 636433
637559 637735
638818 639295
640958 641350
642462 643673
644440 644690
645507 648302
648951 649340
651978 657624
659592 660282
661845 664579
664921 668128
669392 669908
670717 671325
674040 680590
681705 683364
685853 689732
690687 690895
692609 694651
696093 698305
698927 705135
706136 709370
709678 711447
713052 713160
713928 714441
715794 715897
717655 719078
719756 720345
721649 722486
723155 725611
726158 726517
726866 727737
730074 730226
732052 732136
733362 733920
734301 735171
735636 736971
738363 739327
740481 740594
740866 741555
742745 742837
743362 744367
744957 751641
751895 753384
756232 757302
765613 766983
767565 772093
774372 777033
777668 778538
783725 789149
789445 790858
792430 797331
801976 802029
803158 803677
804016 807320
810408 812526
815669 819995
820566 823289
825119 825231
826258 826629
828052 830550
830861 831267
831929 833538
834218 834559
834952 835320
835548 835670
836361 837694
838361 844722
846270 846981
849873 850694
851228 851343
851878 852219
852888 858037
858936 861092
863252 864158
865144 867197
867841 868452
869161 869235
869316 869842
875074 875349
876252 877104
877830 882292
882388 884348
885040 885235
885746 889582
890346 891393
893557 897395
898096 898796
901347 902425
903379 904836
906037 914733
915149 915438
915890 917011
918255 918372
919102 921533
922482 923081
924018 924390
924957 925838
927132 927513
928264 930394
930768 930951
932377 932608
933139 935014
935559 935704
936062 936116
940783 940889
941238 941379
941721 943475
944114 945752
945860 950777
953649 960263
961490 972876
974133 977478
977999 979025
979922 979991
981492 982479
982688 982740
983520 983879
984185 989879
991755 992674
994190 996486
998068 998523
999258 1014650
1014765 1016377
1017111 1018746
1019513 1021794
1022315 1029400
1030068 1031043
1032035 1040968
1041114 1041483
1041964 1042097
1043087 1046837
1048017 1048356
1050093 1055061
1055644 1060549
1064443 1064650
1065474 1065685
1066636 1074653
1074822 1074962
1075786 1077693
1078453 1078581
1079226 1079369
1080093 1081539
1082447 1085386
1088585 1088706
1089943 1090556
1091759 1098388
1099134 1099250
1101355 1103914
1104618 1106216
1108095 1117940
1120038 1120228
1120574 1120903
1121796 1123751
1123988 1124054
1124807 1126231
1127808 1128014
1128604 1134576
1135166 1136830
1140950 1142580
1143925 1144201
1144616 1144735
1145621 1146963
1147641 1148889
1149433 1151004
1151475 1156447
1156547 1157019
1158004 1158221
1159738 1163648
1164526 1168112
1168682 1172935
1173703 1179920
1180178 1182138
1182689 1183060
1183650 1184953
1185077 1185172
1187280 1187373
1188898 1191768
1194026 1196215
1197045 1197792
1198659 1199053
1201316 1201367
1201892 1202445
1203583 1208931
1210375 1210720
1212644 1216529
1218441 1218959
1220309 1220489
1221055 1222557
1223318 1225112
1225822 1225972
1226517 1227023
1227529 1229661
1232531 1242940
1243841 1248067
1249381 1249817
1250527 1250795
1252877 1256038
1257740 1263437
1263868 1265957
1266711 1266805
1267742 1275893
1276409 1279764
1280294 1280396
1281010 1281537
1284266 1285187
1285885 1295777
1296405 1314869
1316028 1316225
1317280 1321369
1322514 1322601
1323150 1323970
1325082 1325767
1326467 1330921
1331611 1333018
1333099 1334355
1334988 1337567
1337726 1340473
1341746 1341868
1343317 1344642
1346228 1352438
1353344 1354452
1354863 1355797
1357839 1358032
1359190 1359301
1359991 1361629
1362148 1364252
1365700 1367488
1371102 1371914
1372042 1372174
1374081 1375254
1376169 1376350
1377706 1378005
1378935 1379035
1380226 1380364
1383378 1390957
1391927 1393567
1394103 1396083
1396257 1396704
1397100 1400055
1400902 1401065
1401524 1401925
1403211 1403552
1406103 1408092
1409479 1409583
1409872 1413270
1413892 1414338
1415180 1418961
1419778 1423620
1426939 1431239
1431695 1432049
1432450 1432974
1434962 1436760
1438345 1438742
1440020 1441457
1443443 1444983
1445490 1449197
1450236 1455741
1456696 1457529
1458178 1459035
1460454 1461660
1463517 1463861
1466409 1472360
1473095 1478062
1478707 1492850
1493878 1494843
1497990 1498721
1500532 1504527
1505935 1506889
1508100 1509415
1510994 1511068
1519082 1519429
1520436 1524876
1525484 1528393
1529280 1534103
1534827 1546743
1547631 1551676
1552507 1555242
1556431 1564950
1565684 1571144
1571794 1577743
1579605 1579885
1580272 1581493
1581838 1586574
1587438 1594641
1595302 1598789
1599854 1600350
1602218 1605698
1606539 1612604
1614442 1617127
1617313 1628229
1628900 1633976
1635912 1637144
1638631 1638774
1638868 1646227
1647419 1648002
1648761 1653591
1655056 1657261
1657728 1658296
1659056 1662648
1663388 1663526
1665667 1674097
1674406 1675236
1675460 1679648
1680338 1680406
1680652 1680774
1681035 1682364
1683119 1684158
1684718 1685664
1687184 1687355
1688783 1692826
1694644 1695563
1696126 1696493
1696696 1702603
1703208 1704688
1705506 1706629
1710747 1712338
1713719 1715457
1716503 1720453
1723660 1723811
1724163 1725175
1725606 1728998
1730611 1731146
1731877 1734592
1735091 1736213
1737405 1739035
1741154 1741252
1741348 1742806
1743650 1743837
1744530 1749584
1750933 1754239
1754453 1761722
1762308 1762613
1763064 1765269
1765697 1766086
1766733 1766850
1767632 1768144
1769813 1790383
1791278 1791640
1792761 1801548
1802495 1803067
1804306 1809434
1809794 1811115
1811468 1815452
1816940 1817985
1818289 1818422
1819843 1821739
1822316 1824267
1824350 1829129
1832743 1836108
1836739 1837619
1839235 1840861
1842552 1844831
1845067 1845154
1845879 1851888
1852361 1856384
1858070 1859138
1859992 1861895
1863000 1872244
1873192 1873451
1875699 1876690
1879102 1879773
1881582 1889462
1890252 1892716
1892967 1896001
1898234 1898588
1902553 1903918
1904921 1906517
1907049 1910912
1912316 1913948
1917204 1917301
1922211 1922683
1923109 1926624
1927296 1932264
1935463 1952195
1952800 1955078
1955677 1956132
1957822 1958845
1959624 1962291
1962626 1962959
1965573 1973258
1973539 1977995
1979256 1983531
1983690 1987092
1987294 1988940
1989332 1989420
1989707 1996510
1998026 1998378
1999621 2000125
2000320 2002610
2003409 2014026
2020477 2025549
2026978 2027151
2028261 2029545
2029635 2029787
2030107 2031091
2031701 2031868
2034861 2039699
2040338 2041217
2045923 2061689
2062117 2063960
2064678 2064857
2066418 2066809
2074897 2075731
2076637 2078505
2079380 2079677
2081147 2081240
2083064 2086884
2087244 2087769
2088357 2092764
2093636 2099175
2099844 2099973
2100943 2101243
2103244 2108340
2108946 2111460
2112909 2112961
Haemophilus_parainfluenzae_ATCC_33392_gi_325580357_ref_NZ_
1 1124
Haemophilus_parainfluenzae_ATCC_33392_gi_325580169_ref_NZ_
1514 1658
Haemophilus_parainfluenzae_ATCC_33392_gi_325580776_ref_NZ_
1 500
Haemophilus_parainfluenzae_ATCC_33392_gi_325580065_ref_NZ_
329 448
1468 2089
Haemophilus_parainfluenzae_ATCC_33392_gi_325580662_ref_NZ_
1 519
Haemophilus_parainfluenzae_ATCC_33392_gi_325579980_ref_NZ_
