Haemophilus_parainfluenzae_ATCC_33392_gi_325580572_ref_NZ_
1 585
Haemophilus_parainfluenzae_ATCC_33392_gi_325580446_ref_NZ_
1 668
Haemophilus_parainfluenzae_ATCC_33392_gi_325580263_ref_NZ_
1 1229
Haemophilus_parainfluenzae_ATCC_33392_gi_325579880_ref_NZ_
3479 8817
9327 55468
61721 65440
66460 69361
72792 76019
96722 98267
117236 126896
130319 153820
155138 175014
188749 196364
203381 210843
211692 213053
213622 218638
219231 233974
259127 259559
262743 265016
267853 269525
269776 275464
281629 282848
286925 290587
292167 292958
295086 295398
299313 308693
322012 322251
326326 345279
347085 347978
364008 370182
370464 375011
375671 394843
396050 441249
445980 451827
452925 454376
457438 458176
460375 466484
469990 487298
496941 501596
505242 510777
519433 536122
539032 540184
542030 573010
573769 574399
577861 624040
632601 636433
642462 647165
651978 657624
662864 664380
664921 668786
670926 672402
674040 680444
682162 719078
719331 726517
726838 731970
734513 736453
745193 754483
759401 765367
766210 821748
826157 829578
832037 833132
834307 849756
853925 861092
867138 869235
869318 875482
876251 891395
899092 913809
915149 917115
917361 917665
919215 927036
932799 943862
944092 944195
945852 950777
961216 977358
982688 982740
983021 1023561
1025025 1041886
1050485 1054474
1055732 1062928
1069628 1072923
1083081 1085253
1091782 1105545
1106375 1107825
1108095 1116372
1128604 1136663
1151442 1156447
1163844 1182268
1186316 1199486
1204678 1207653
1208205 1209273
1230750 1233900
1234620 1247549
1248200 1265165
1265299 1275893
1282423 1314869
1316240 1350865
1359991 1361629
1374081 1375023
1389690 1393318
1393895 1397372
1406508 1409765
1410502 1413272
1413350 1439424
1443211 1458082
1460816 1461220
1467399 1477382
1477464 1492111
1493878 1494837
1497990 1508197
1519144 1524376
1525600 1577741
1579801 1597522
1600354 1637254
1638868 1647121
1647391 1658291
1660006 1661416
1669283 1696498
1696696 1728867
1731922 1734592
1741348 1812349
1821770 1831580
1832743 1840861
1840944 1848655
1853164 1859322
1859981 1872089
1903873 1912894
1923261 1933938
1939407 1996944
1997026 1999844
2000320 2026149
2027073 2029319
2029635 2029787
2038012 2058539
2063702 2065040
2076774 2077040
2080671 2112961
Haemophilus_parainfluenzae_ATCC_33392_gi_325580357_ref_NZ_
Haemophilus_parainfluenzae_ATCC_33392_gi_325580169_ref_NZ_
Haemophilus_parainfluenzae_ATCC_33392_gi_325580776_ref_NZ_
1 500
Haemophilus_parainfluenzae_ATCC_33392_gi_325580065_ref_NZ_
Haemophilus_parainfluenzae_ATCC_33392_gi_325580662_ref_NZ_
1 519
Haemophilus_parainfluenzae_ATCC_33392_gi_325579980_ref_NZ_
185 242
1680 1729
