Haemophilus_parainfluenzae_ATCC_33392_gi_325580572_ref_NZ_
1 585
Haemophilus_parainfluenzae_ATCC_33392_gi_325580446_ref_NZ_
1 668
Haemophilus_parainfluenzae_ATCC_33392_gi_325580263_ref_NZ_
1 1229
Haemophilus_parainfluenzae_ATCC_33392_gi_325579880_ref_NZ_
1 765
1284 7263
8100 8214
9036 9159
10410 10487
11443 11539
14380 15617
16903 25152
25693 49371
51143 53052
53747 53949
55062 56838
57467 64849
65049 65838
66461 86301
86862 88231
88881 90951
91525 96645
96720 101283
101504 103989
106634 108267
108942 124917
125849 126927
130310 136363
137029 140247
140850 156847
158393 181360
182100 183054
183587 190532
190658 196922
197507 200841
200934 208669
209214 218631
219083 222025
223171 228406
228937 234362
234871 234965
235495 237869
238535 239156
239757 239880
240804 241218
242639 245712
246252 259116
259653 265731
266463 266514
267130 267202
267812 279529
279705 294473
295134 295296
296084 296365
297048 297379
298384 298435
299313 308911
310172 322251
323748 333169
333901 352353
359089 362523
363283 365621
365695 370182
375312 375436
384053 395220
395741 419739
419951 420215
420358 441693
441862 442283
442794 446579
447555 448568
449906 451800
452925 454376
454945 455440
457188 457330
457438 458471
459520 459588
460302 468265
468926 477146
477631 481364
481885 485176
485840 496664
497262 497682
498668 503387
504115 519099
519640 523728
524310 533682
533796 554510
555014 578144
578314 578908
580650 582815
582963 627047
627328 627858
628496 628991
630242 630799
631083 640342
640958 650098
651978 656481
657073 662359
662963 665909
666531 668540
669095 671391
672218 681628
682287 689860
690378 694332
694517 698454
699142 719078
719235 734597
735300 736429
737148 737640
738315 753137
753847 758274
758791 758966
759785 760486
761301 763955
765287 780113
782697 791459
792166 807536
808071 808262
810060 823649
824385 825577
826175 828965
829800 833590
834118 850004
850140 850728
851037 851913
852683 861311
862114 871429
871933 873054
873905 880537
881056 884363
884935 885354
885987 898864
899667 901706
902500 917127
918045 921039
921205 921533
922362 925968
926598 926832
926968 927795
928497 936791
937599 951242
952174 952359
953154 957166
957688 957884
958386 958487
959368 961360
962350 962640
963155 964601
965210 965717
966137 972951
973823 982740
983019 986248
986763 990016
990153 990276
990709 993504
994109 998493
998994 1000175
1001345 1020327
1020991 1021408
1021894 1024791
1025538 1027292
1028248 1029451
1029960 1031222
1031727 1041690
1042381 1048804
1049378 1054324
1055155 1074962
1075525 1079655
1080186 1081896
1082447 1090765
1091309 1102691
1103969 1104677
1105224 1117940
1118549 1124074
1124585 1126818
1127066 1137325
1138427 1138484
1139778 1148660
1148855 1157404
1157945 1158536
1159251 1182279
1182800 1184058
1184569 1187273
1187789 1193111
1193681 1198294
1198824 1200750
1201266 1205051
1205596 1206858
1207135 1211044
1211734 1211827
1212807 1219013
1219582 1233989
1234159 1244352
1245652 1248713
1248913 1257165
1257824 1263413
1264103 1286197
1286444 1295622
1296179 1316496
1317287 1331109
1331692 1337073
1337734 1339167
1339398 1341355
1341579 1352594
1353545 1359480
1359991 1376350
1377258 1378938
1379543 1379978
1380530 1382633
1383378 1386867
1387609 1408092
1408805 1416698
1417407 1426103
1426664 1430450
1430636 1432133
1432646 1433108
1433923 1440688
1440858 1445450
1445959 1455697
1456538 1458307
1458961 1460448
1461232 1462006
1462520 1465816
1466451 1474590
1474953 1495407
1495934 1500678
1501393 1502556
1502819 1504596
1505129 1510113
1510753 1511212
1517756 1520947
1521506 1528323
1528653 1554303
1554824 1576153
1577162 1582677
1583032 1598196
1598474 1600598
1601292 1610831
1611483 1621692
1621851 1678171
1678538 1679877
1680498 1684867
1685513 1688199
1688813 1696129
1696358 1722073
1722833 1731021
1731583 1733104
1734655 1736177
1736707 1750293
1750864 1761722
1762059 1812564
1812646 1816493
1816940 1819144
1819954 1831046
1831928 1840892
1841810 1842677
1843360 1844011
1844661 1846122
1849081 1863602
1864120 1889573
1889831 1892329
1892919 1893217
1894100 1894179
1894871 1897580
1898615 1901493
1902139 1903778
1904031 1913862
1914545 1918799
1919512 1921838
1922444 1922556
1923261 1925015
1925584 1931702
1932364 1933813
1934378 1938832
1943374 1956353
1957038 1960086
1961199 1987092
1987178 1994110
1994888 1995792
1996021 1996974
1998213 1998378
1999108 2013675
2016649 2016715
2019329 2019554
2020428 2025547
2026499 2051539
2052448 2062328
2063042 2068309
2073697 2080491
2081216 2098994
2099104 2111394
2111945 2112961
Haemophilus_parainfluenzae_ATCC_33392_gi_325580357_ref_NZ_
1 1124
Haemophilus_parainfluenzae_ATCC_33392_gi_325580169_ref_NZ_
1 1759
Haemophilus_parainfluenzae_ATCC_33392_gi_325580776_ref_NZ_
1 500
Haemophilus_parainfluenzae_ATCC_33392_gi_325580065_ref_NZ_
1 2089
Haemophilus_parainfluenzae_ATCC_33392_gi_325580662_ref_NZ_
1 519
Haemophilus_parainfluenzae_ATCC_33392_gi_325579980_ref_NZ_
1 2607
3231 3323
