Haemophilus_parainfluenzae_ATCC_33392_gi_325580572_ref_NZ_
Haemophilus_parainfluenzae_ATCC_33392_gi_325580446_ref_NZ_
1 668
Haemophilus_parainfluenzae_ATCC_33392_gi_325580263_ref_NZ_
1 1229
Haemophilus_parainfluenzae_ATCC_33392_gi_325579880_ref_NZ_
3479 6961
19691 20030
24301 56359
56896 57712
63944 64373
65039 65440
66588 66830
67363 69361
69657 76162
77571 79914
80806 83827
84426 89226
96720 98397
98964 100042
100567 103455
107053 107677
108946 110780
111287 111338
112038 113191
116145 119496
120187 123870
125843 126923
130318 132741
135831 135965
136486 165692
169367 190805
193082 198971
201029 206456
211299 213053
213685 213978
214494 230454
231004 233974
234098 234298
234875 235065
244232 250402
254558 254882
260477 260622
262610 265286
269091 269525
269776 270504
270859 275875
282577 283594
284919 285229
289643 290295
291241 291669
292167 292958
296084 296361
300944 308693
310301 310593
314943 317045
322012 322251
323752 331425
333905 335193
336092 337030
337787 341907
345936 346157
349899 351618
360108 360560
363606 365619
365695 370182
385146 394843
396050 400045
400672 414030
414900 421390
422102 422361
422567 433408
435068 435452
441178 441540
442518 444432
447285 451800
452925 454376
457317 458185
460375 466598
467638 468134
469990 477105
477631 482787
483777 484811
485954 486965
488522 489674
490583 490844
498668 499784
501149 501726
505242 512103
513562 515638
520980 526264
527567 535334
542030 556517
557070 561522
562195 573470
573769 576618
582224 582548
583627 584185
585898 611533
612545 612851
614198 614532
615246 615633
617922 619707
621465 621759
623761 624019
626318 626584
633932 636433
642060 643510
644597 645552
646081 647165
651978 657626
659003 660192
660715 663817
664823 665904
666535 668128
669038 672410
674040 683227
683881 691346
692041 698327
699877 709370
710074 712490
713063 713313
717050 719078
719822 720326
721312 721885
723007 726517
728992 729309
730641 731421
741200 741519
743852 756660
765291 776455
777457 779117
783793 797700
798306 821965
822537 822795
827050 827701
835394 835667
836461 840665
841190 848610
849635 850653
853160 861309
863060 863133
865717 866017
867063 869236
874721 875956
876932 877124
877637 882248
882388 885177
886143 889839
895759 896737
900262 921487
938356 939320
940360 941254
941800 942987
944114 945287
945851 947416
947972 950777
955338 955566
959894 960631
961486 973238
973827 974523
981515 982131
982688 982740
984588 990144
1002185 1017200
1018227 1018733
1023568 1031180
1031755 1032759
1033726 1040968
1041128 1041495
1042381 1042696
1043379 1044811
1045585 1062295
1063914 1064262
1067842 1074962
1075786 1079507
1080065 1080696
1082563 1085253
1086405 1087104
1089082 1090796
1091782 1097877
1101795 1102372
1108095 1109418
1110162 1117227
1122815 1123058
1127510 1127648
1128604 1136663
1141256 1143329
1145795 1146144
1148439 1156447
1159604 1163610
1163844 1167470
1169600 1173188
1175394 1180615
1183617 1184003
1186229 1186514
1189547 1192144
1192785 1192959
1194136 1198190
1198801 1200711
1201467 1201705
1215043 1216170
1216836 1217084
1218359 1219003
1220133 1220955
1226144 1227363
1227966 1244348
1249235 1250232
1250897 1251269
1251926 1252298
1253266 1253425
1254448 1256150
1257716 1263420
1264185 1265202
1265814 1266048
1267034 1267277
1268672 1275913
1279228 1279486
1285339 1315343
1317595 1319089
1326689 1331086
1332215 1336959
1337925 1344410
1345296 1357715
1359991 1363718
1365670 1366628
1368845 1369543
1370260 1371894
1372706 1377556
1378061 1391218
1391953 1413270
1417706 1418038
1422174 1423101
1428190 1431859
1432478 1437814
1444377 1454365
1457845 1458297
1465703 1466145
1469824 1472140
1473987 1488994
1489880 1492610
1493878 1494843
1500058 1500674
1502308 1504933
1506403 1506889
1508023 1510391
1518666 1562547
1563185 1564226
1565252 1577741
1579004 1579322
1580260 1585159
1585696 1598422
1600262 1605652
1606739 1607106
1607745 1610854
1611981 1612674
1613602 1616168
1617453 1638534
1638868 1646369
1647179 1653126
1653779 1654052
1655205 1658185
1660006 1662493
1663924 1664218
1665629 1665968
1667109 1667667
1668877 1674078
1674603 1675279
1675460 1678490
1681035 1681822
1683097 1684141
1684644 1684886
1686543 1687084
1688200 1693424
1693932 1696493
1696696 1700350
1701150 1711999
1712879 1716190
1716756 1720960
1725366 1728867
1735234 1736257
1737115 1739892
1740441 1741095
1741348 1742652
1743534 1743868
1744530 1747141
1747420 1749564
1750933 1762566
1763064 1765266
1765697 1766011
1767632 1768138
1769813 1790383
1791278 1791640
1792793 1801190
1802495 1802879
1803405 1803780
1804306 1806922
1807008 1807899
1808439 1812564
1813467 1815126
1817033 1829604
1832743 1859643
1860276 1861050
1863217 1872885
1875945 1876274
1877114 1877348
1880045 1880242
1882419 1890269
1891531 1891873
1893269 1893562
1897332 1897560
1898622 1900170
1902143 1902231
1902422 1904075
1905247 1911817
1912884 1913533
1917927 1919427
1921593 1921660
1923261 1933813
1934841 1936312
1937271 1938287
1938885 1953370
1953917 1963620
1965181 1965473
1967532 1968317
1968892 1977778
1978376 1979724
1980277 1988718
1990002 1992190
1992860 1996357
2000320 2004997
2005538 2029319
2029635 2030377
2031199 2031601
2034931 2035224
2037060 2041654
2042496 2043183
2043896 2044373
2046197 2058666
2060193 2060259
2061078 2064676
2066653 2066869
2068009 2068305
2073979 2076069
2076579 2077040
2083177 2092597
2093636 2100512
2102023 2103541
2105599 2107898
2109226 2112961
Haemophilus_parainfluenzae_ATCC_33392_gi_325580357_ref_NZ_
1 1124
Haemophilus_parainfluenzae_ATCC_33392_gi_325580169_ref_NZ_
Haemophilus_parainfluenzae_ATCC_33392_gi_325580776_ref_NZ_
1 500
Haemophilus_parainfluenzae_ATCC_33392_gi_325580065_ref_NZ_
Haemophilus_parainfluenzae_ATCC_33392_gi_325580662_ref_NZ_
1 519
Haemophilus_parainfluenzae_ATCC_33392_gi_325579980_ref_NZ_
