Clostridium_sp_M62_1_gi_283767254_ref_NZ_
1 556
Clostridium_sp_M62_1_gi_283767238_ref_NZ_
1 255688
255845 412181
Clostridium_sp_M62_1_gi_283767242_ref_NZ_
1 152716
152790 154967
155900 168311
Clostridium_sp_M62_1_gi_283767257_ref_NZ_
1 620
Clostridium_sp_M62_1_gi_283767241_ref_NZ_
1 205520
Clostridium_sp_M62_1_gi_283767255_ref_NZ_
1 525
Clostridium_sp_M62_1_gi_283767239_ref_NZ_
1 55169
55245 372182
Clostridium_sp_M62_1_gi_283767260_ref_NZ_
1 485
Clostridium_sp_M62_1_gi_283767243_ref_NZ_
1 151124
Clostridium_sp_M62_1_gi_283767253_ref_NZ_
1 601
Clostridium_sp_M62_1_gi_283767237_ref_NZ_
1 2815
26719 36681
37998 39987
42735 42844
46915 47154
48218 48273
58948 205471
206064 209251
210048 212109
213061 342868
342983 357304
357412 463016
Clostridium_sp_M62_1_gi_283767240_ref_NZ_
182 156349
156814 235927
Clostridium_sp_M62_1_gi_283767248_ref_NZ_
1 691
770 916
992 2281
Clostridium_sp_M62_1_gi_283767245_ref_NZ_
1 71145
Clostridium_sp_M62_1_gi_283767247_ref_NZ_
1 3104
Clostridium_sp_M62_1_gi_283767251_ref_NZ_
1 539
615 706
Clostridium_sp_M62_1_gi_283767244_ref_NZ_
1 123487
Clostridium_sp_M62_1_gi_283767252_ref_NZ_
1 747
Clostridium_sp_M62_1_gi_283767246_ref_NZ_
1 1181
4018 4304
6076 8154
10490 10584
11623 11840
13771 13944
15114 15600
16328 16851
17125 30658
Clostridium_sp_M62_1_gi_283767236_ref_NZ_
1 70098
70584 244012
244888 245003
246230 246296
250056 258656
264993 274390
275768 444136
444528 447207
448161 453741
455065 461365
462140 463114
463803 464823
465409 466335
466548 472857
474161 475709
476319 648183
Clostridium_sp_M62_1_gi_283767250_ref_NZ_
1 881
Clostridium_sp_M62_1_gi_283767258_ref_NZ_
1 517
Clostridium_sp_M62_1_gi_283767259_ref_NZ_
1 506
Clostridium_sp_M62_1_gi_283767235_ref_NZ_
1 139695
142397 142577
142745 152913
158102 159059
160030 162358
163729 229223
231998 250194
263802 359870
359948 594541
602375 602499
602639 641495
641778 641879
643237 646288
646437 647033
648918 716951
717051 730112
733489 749500
756142 759792
762189 947737
Clostridium_sp_M62_1_gi_283767249_ref_NZ_
1 1069
Clostridium_sp_M62_1_gi_283767256_ref_NZ_
1 525
