Clostridium_sp_M62_1_gi_283767254_ref_NZ_
1 556
Clostridium_sp_M62_1_gi_283767238_ref_NZ_
1 36244
36791 412181
Clostridium_sp_M62_1_gi_283767242_ref_NZ_
1 168311
Clostridium_sp_M62_1_gi_283767257_ref_NZ_
1 620
Clostridium_sp_M62_1_gi_283767241_ref_NZ_
1 205520
Clostridium_sp_M62_1_gi_283767255_ref_NZ_
1 525
Clostridium_sp_M62_1_gi_283767239_ref_NZ_
1 372182
Clostridium_sp_M62_1_gi_283767260_ref_NZ_
1 485
Clostridium_sp_M62_1_gi_283767243_ref_NZ_
1 151124
Clostridium_sp_M62_1_gi_283767253_ref_NZ_
1 601
Clostridium_sp_M62_1_gi_283767237_ref_NZ_
1 2815
5098 5677
11946 12277
26719 36681
37048 37863
39117 39185
40201 43830
47051 48589
58948 342882
357412 445123
445205 463016
Clostridium_sp_M62_1_gi_283767240_ref_NZ_
182 156348
156487 235927
Clostridium_sp_M62_1_gi_283767248_ref_NZ_
1 2281
Clostridium_sp_M62_1_gi_283767245_ref_NZ_
1 71145
Clostridium_sp_M62_1_gi_283767247_ref_NZ_
1 3104
Clostridium_sp_M62_1_gi_283767251_ref_NZ_
1 706
Clostridium_sp_M62_1_gi_283767244_ref_NZ_
1 123487
Clostridium_sp_M62_1_gi_283767252_ref_NZ_
1 747
Clostridium_sp_M62_1_gi_283767246_ref_NZ_
1 1777
3622 4304
6729 30658
Clostridium_sp_M62_1_gi_283767236_ref_NZ_
1 228985
230124 231467
232175 250640
251534 253949
254657 254773
255399 259639
260557 274388
274469 445615
446434 451347
451937 456141
456899 460763
462016 462533
465721 469748
471011 472444
474361 648183
Clostridium_sp_M62_1_gi_283767250_ref_NZ_
1 881
Clostridium_sp_M62_1_gi_283767258_ref_NZ_
1 517
Clostridium_sp_M62_1_gi_283767259_ref_NZ_
1 506
Clostridium_sp_M62_1_gi_283767235_ref_NZ_
1 11847
13416 14568
15085 49890
50592 51510
52138 54884
55455 55769
56385 58216
58898 136764
138684 153720
155049 220390
224507 229223
231998 233776
242492 250475
259938 260264
263802 594019
595264 595600
596355 596853
601823 641498
643060 701897
706312 727703
728119 732898
733661 733734
738023 738414
739364 746961
753081 761904
763311 763461
765725 947737
Clostridium_sp_M62_1_gi_283767249_ref_NZ_
1 1069
Clostridium_sp_M62_1_gi_283767256_ref_NZ_
1 525
