Clostridium_sp_M62_1_gi_283767254_ref_NZ_
1 556
Clostridium_sp_M62_1_gi_283767238_ref_NZ_
1 412181
Clostridium_sp_M62_1_gi_283767242_ref_NZ_
1 168311
Clostridium_sp_M62_1_gi_283767257_ref_NZ_
1 620
Clostridium_sp_M62_1_gi_283767241_ref_NZ_
1 205520
Clostridium_sp_M62_1_gi_283767255_ref_NZ_
1 525
Clostridium_sp_M62_1_gi_283767239_ref_NZ_
1 372182
Clostridium_sp_M62_1_gi_283767260_ref_NZ_
1 485
Clostridium_sp_M62_1_gi_283767243_ref_NZ_
1 151124
Clostridium_sp_M62_1_gi_283767253_ref_NZ_
1 601
Clostridium_sp_M62_1_gi_283767237_ref_NZ_
1 2839
3583 4359
5414 5867
6587 6722
11946 12307
12586 12957
15326 15650
19499 19747
21132 22298
23068 23354
24249 24651
25242 26252
26719 44019
44624 44967
46879 47509
48218 48482
52674 52946
58770 210144
210251 210440
210830 211279
211393 342953
344298 345033
352451 356740
357306 463016
Clostridium_sp_M62_1_gi_283767240_ref_NZ_
1 235927
Clostridium_sp_M62_1_gi_283767248_ref_NZ_
1 2281
Clostridium_sp_M62_1_gi_283767245_ref_NZ_
1 71145
Clostridium_sp_M62_1_gi_283767247_ref_NZ_
1 3104
Clostridium_sp_M62_1_gi_283767251_ref_NZ_
1 706
Clostridium_sp_M62_1_gi_283767244_ref_NZ_
1 123487
Clostridium_sp_M62_1_gi_283767252_ref_NZ_
1 747
Clostridium_sp_M62_1_gi_283767246_ref_NZ_
1 1300
3629 4657
5523 9313
9817 10882
11601 11823
12076 12872
13479 16890
17013 26731
27032 27254
27425 30658
Clostridium_sp_M62_1_gi_283767236_ref_NZ_
1 74331
74745 236095
236244 243698
243788 244392
244548 259764
259959 260140
260995 274489
275065 457322
460396 467395
468905 648183
Clostridium_sp_M62_1_gi_283767250_ref_NZ_
1 881
Clostridium_sp_M62_1_gi_283767258_ref_NZ_
1 517
Clostridium_sp_M62_1_gi_283767259_ref_NZ_
1 506
Clostridium_sp_M62_1_gi_283767235_ref_NZ_
1 52884
53020 53311
53708 54396
54571 54761
56110 57448
59063 153946
154996 155985
156158 158854
158971 159176
159542 159658
159880 228144
229228 229708
231830 250475
257602 595382
595936 596986
599768 600319
601885 700684
703478 703879
704736 704836
705568 722866
723504 724034
724320 724555
724748 750049
751524 759792
761370 761432
762015 947737
Clostridium_sp_M62_1_gi_283767249_ref_NZ_
1 1069
Clostridium_sp_M62_1_gi_283767256_ref_NZ_
1 525
