Clostridium_sp_M62_1_gi_283767254_ref_NZ_
1 556
Clostridium_sp_M62_1_gi_283767238_ref_NZ_
1 412181
Clostridium_sp_M62_1_gi_283767242_ref_NZ_
1 154962
155813 168311
Clostridium_sp_M62_1_gi_283767257_ref_NZ_
1 620
Clostridium_sp_M62_1_gi_283767241_ref_NZ_
1 205520
Clostridium_sp_M62_1_gi_283767255_ref_NZ_
1 525
Clostridium_sp_M62_1_gi_283767239_ref_NZ_
1 372182
Clostridium_sp_M62_1_gi_283767260_ref_NZ_
1 485
Clostridium_sp_M62_1_gi_283767243_ref_NZ_
1 151124
Clostridium_sp_M62_1_gi_283767253_ref_NZ_
1 601
Clostridium_sp_M62_1_gi_283767237_ref_NZ_
1 285
649 747
1417 2815
26719 40031
40735 41714
42691 43969
46915 48162
58948 152606
152711 154953
155186 205290
206082 211978
213079 243149
243946 245147
245879 342882
357412 463016
Clostridium_sp_M62_1_gi_283767240_ref_NZ_
182 156348
156432 235927
Clostridium_sp_M62_1_gi_283767248_ref_NZ_
1 159
354 2281
Clostridium_sp_M62_1_gi_283767245_ref_NZ_
1 71145
Clostridium_sp_M62_1_gi_283767247_ref_NZ_
1 3104
Clostridium_sp_M62_1_gi_283767251_ref_NZ_
1 706
Clostridium_sp_M62_1_gi_283767244_ref_NZ_
1 123487
Clostridium_sp_M62_1_gi_283767252_ref_NZ_
1 747
Clostridium_sp_M62_1_gi_283767246_ref_NZ_
1 1243
3777 8154
10498 10647
11623 11786
13771 13944
14862 14948
15126 15938
17125 30658
Clostridium_sp_M62_1_gi_283767236_ref_NZ_
1 228219
232550 240580
241893 242894
243423 243731
244724 246035
247505 444134
445840 456495
460892 466046
468905 469021
471929 472444
474361 475555
476418 648183
Clostridium_sp_M62_1_gi_283767250_ref_NZ_
1 881
Clostridium_sp_M62_1_gi_283767258_ref_NZ_
1 517
Clostridium_sp_M62_1_gi_283767259_ref_NZ_
1 506
Clostridium_sp_M62_1_gi_283767235_ref_NZ_
1 13730
14246 14462
15316 49725
53168 53311
54657 152957
155339 155605
155774 155886
156155 156258
156496 158789
159024 159111
161723 162358
163746 229223
231998 233776
245917 249084
263802 641498
642755 644644
644746 647033
647269 703854
704760 734703
739409 746907
755213 755430
762259 762615
763311 947737
Clostridium_sp_M62_1_gi_283767249_ref_NZ_
1 1069
Clostridium_sp_M62_1_gi_283767256_ref_NZ_
1 525
