Bacteroides_sp_D4_gi_345651607_ref_NZ_
1 36768
38495 39110
42214 46516
47227 48534
51533 54016
56461 61250
64643 64910
68008 69665
73711 77412
82597 84769
85621 92026
94473 95350
98036 98110
104981 105486
106668 113364
Bacteroides_sp_D4_gi_345651604_ref_NZ_
1 13703
14222 17845
19473 32313
33402 56961
58603 71658
72168 121957
123950 133432
134192 169980
170648 182423
184004 190672
192006 202347
202893 214513
215032 215400
215939 220797
222642 234107
236988 242296
243900 250211
255078 270418
270938 272619
280640 292382
293328 293806
295621 296119
296881 297270
297995 298049
299032 302407
303252 309031
310175 315409
316165 329684
330472 337761
353114 354161
355031 355168
374189 381204
396687 403404
404221 405873
406480 420938
421100 421339
422549 436784
442695 443033
450321 450918
451535 518625
520316 521424
522105 524570
526031 526636
527554 530636
531758 532389
533095 535362
538000 538357
538877 564137
564701 581770
617671 632843
632946 634066
Bacteroides_sp_D4_gi_345651602_ref_NZ_
1 1552
3081 9278
14684 28692
29881 30373
31216 55315
72806 111275
111581 138565
140915 143305
144084 158077
158661 229305
230647 232499
234224 235469
236398 270989
271545 280285
281145 292415
293293 361406
369475 374357
386886 392320
393141 441723
442527 452385
453013 467813
Bacteroides_sp_D4_gi_345651603_ref_NZ_
1 15481
16017 24166
24952 25141
25969 65824
68236 68529
68702 74699
76305 79612
83558 83895
84437 127935
128507 128967
130183 135213
136124 136206
137017 144209
146948 147173
150346 153682
155237 166128
166865 175457
176173 176358
177148 177994
179048 193873
195086 202482
203284 204149
205736 206118
207328 216349
224977 231601
232986 236910
237857 238757
241128 246439
247012 256417
260752 262013
262877 264102
264991 270419
271361 294929
295773 295908
297178 297390
298150 307382
308298 312903
Bacteroides_sp_D4_gi_345651608_ref_NZ_
1 3704
Bacteroides_sp_D4_gi_345651606_ref_NZ_
1 103520
Bacteroides_sp_D4_gi_345651599_ref_NZ_
1 539
1989 25797
26971 66845
67645 67753
72028 85927
86598 86952
88517 89345
91521 91688
92945 111817
117832 125246
125873 152834
153880 154151
155250 155377
159068 165793
166946 188110
190948 211763
217963 247109
260136 267099
267420 267679
276569 276758
279202 281195
282439 283939
285336 294403
295181 296697
297445 298291
299028 299157
301360 302480
305729 306136
307148 352956
357918 384173
389618 490038
491358 495950
496536 533450
534131 558003
558612 565453
566112 571820
573954 574819
575456 578355
579053 580048
580994 582137
585254 587327
589168 615294
617144 650294
651303 654341
655090 656152
656769 657726
692158 692554
705858 706027
706710 714401
714906 731987
732866 734544
735230 742035
742757 742887
745137 749389
753068 753811
759456 774896
775457 785900
786528 790600
791229 794668
795652 812984
839101 887760
889554 889775
891044 897902
898581 910198
910906 915295
916250 921275
922033 967197
968087 968822
971158 972335
973659 975000
976248 976781
978366 981303
983089 985091
989053 989641
990384 990614
991457 991918
992793 997758
999602 1000899
1002172 1003414
Bacteroides_sp_D4_gi_345651600_ref_NZ_
1 36399
37420 50170
51083 64196
65782 66814
71177 72466
74378 75021
84694 85902
86630 109233
111437 116970
123628 126184
127135 127389
128451 129500
131119 131937
141054 143150
144129 146854
147595 173948
175066 175233
179963 183696
187276 188367
190830 193770
196858 202368
202990 206952
207800 236222
238104 240958
245126 254997
259462 272438
273109 313377
315574 320726
321677 331071
332538 335653
336390 344784
346656 349606
350179 352748
354443 354618
355429 361491
362153 362640
363719 371520
372522 372789
375789 376030
376569 377904
378737 380154
380948 387593
388786 389752
390559 390737
393204 415913
416891 441531
442297 442931
Bacteroides_sp_D4_gi_345651601_ref_NZ_
1 22272
24652 29216
30947 34752
35347 36487
38225 39379
40076 41126
41641 53908
56846 64060
65027 66050
80399 153549
154070 156216
156827 157641
160577 161050
162666 162719
169491 174679
177052 177387
178529 181590
183788 244130
244790 301612
302366 304221
305901 322336
323084 340248
343639 349562
351264 354230
355139 360057
361047 369438
370695 371622
372902 376633
376708 376888
377077 382979
384023 388447
390122 390394
392389 397163
398430 417556
418794 422009
423052 423255
424031 424259
425972 427038
427860 434364
438817 440879
441430 447227
448042 473255
474044 484639
485306 489512
490336 497684
498316 517483
518453 518731
523045 523294
524086 529760
531536 537475
544965 546231
551547 559620
575868 576336
593088 593670
596808 597188
600162 600229
601543 609500
610118 612963
614125 624211
625048 625304
627024 631846
635497 647669
653656 683665
685654 688255
688818 689801
690358 690526
691156 691890
692866 702144
702685 704210
704901 710672
711507 711975
715753 716256
716984 734470
735332 742262
743108 743392
744249 744752
745527 751083
756683 772641
778181 778424
779342 779473
780367 826898
829123 840070
851111 865794
887814 894353
895043 899754
899857 915588
917339 918022
919213 919400
920199 921720
922952 923760
924656 925256
925819 926668
928894 948670
951786 954447
963680 964977
967123 969150
971758 980144
980648 992388
992923 994453
999036 999944
1004291 1004488
1005837 1006120
1007816 1008122
1010724 1018309
1019261 1033538
1034310 1039186
1045469 1046771
1048308 1048939
1049820 1054616
1057858 1058046
1059991 1067137
1068274 1073205
1073901 1074810
1080178 1082704
1083438 1086815
1092137 1105119
1109067 1121000
1121709 1128729
1129493 1129786
1132199 1145523
1148456 1161438
1166571 1166801
1173511 1174044
1176511 1190429
1194298 1236583
1237335 1243988
1245104 1248661
1249959 1287254
1287902 1299893
1300613 1305664
1321548 1325354
1327641 1370581
1372888 1376497
1377272 1386211
1386895 1388765
1389755 1401584
1402842 1430300
1436496 1436661
1441268 1441498
1443243 1447327
1447875 1453630
1454326 1463917
1464653 1465080
1467562 1506053
1506929 1508000
1508931 1509833
1510515 1512067
1514084 1515440
1518062 1518371
1520113 1524384
1524944 1532873
1533392 1535435
1535949 1546226
1546952 1560614
1568257 1568561
1569572 1572366
1572492 1578660
1593411 1599464
1600087 1620007
1620314 1640040
1640582 1649600
1652099 1657164
1658135 1658221
1658867 1659782
1661260 1663153
1664034 1668226
1668747 1680471
1681227 1714332
1718179 1718780
1723209 1731695
1732286 1737016
1738047 1752766
1753311 1755765
1757089 1768645
1770529 1787771
1788608 1790455
1791260 1795376
1795970 1797717
1799646 1804583
1805218 1816070
1817513 1872445
1873242 1888342
1888847 1890082
1890789 1892400
1893227 1895767
1900560 1908335
1908981 1910965
1913422 1929911
1930382 1930621
1935798 1948494
1949068 1952990
1972358 1972416
1992206 2002524
2003189 2011996
2013431 2014100
2019382 2020294
2030738 2033084
2033656 2034957
2035843 2038168
2038920 2059933
2060492 2069367
2071274 2075922
2076846 2105786
2109184 2110035
2111794 2113903
2116455 2123022
2124721 2124878
2126575 2126882
2129672 2129947
2133869 2134574
2137286 2145442
2145946 2154098
2155274 2192760
2196266 2200539
Bacteroides_sp_D4_gi_345651605_ref_NZ_
1 1207
2088 4175
4827 53613
54325 71756
72437 72806
73341 73709
74639 172408
173067 177059
180018 182576
183561 184611
187577 188416
189146 198366
199347 199620
200497 206828
207712 207887
208884 210635
212418 212698
213711 224499
226513 255994
