Bacteroides_sp_D4_gi_345651607_ref_NZ_
1 26784
28599 29886
30946 33066
33886 39443
40001 72184
72946 74889
75740 98845
99629 113364
Bacteroides_sp_D4_gi_345651604_ref_NZ_
1 13702
16354 21363
24336 273240
274452 277390
278022 420938
421100 421339
422549 632849
632944 634066
Bacteroides_sp_D4_gi_345651602_ref_NZ_
1 69777
70438 363199
364241 369537
370257 467813
Bacteroides_sp_D4_gi_345651603_ref_NZ_
1 16295
17972 63605
64154 67776
68236 121177
121706 147963
148476 219958
220634 222460
223440 312903
Bacteroides_sp_D4_gi_345651608_ref_NZ_
1 3704
Bacteroides_sp_D4_gi_345651606_ref_NZ_
1 21297
22113 26383
26904 27007
28445 30487
32181 32672
34254 36685
37355 37595
38157 43650
44270 44426
45843 103520
Bacteroides_sp_D4_gi_345651599_ref_NZ_
1 70502
71128 83336
84029 85256
85928 157619
158213 249878
256093 273820
274978 277510
277996 308664
312239 419611
422605 598960
599994 611961
613623 681202
692158 692606
693394 693533
703581 753770
754566 816577
817454 827588
828100 831811
832463 1003414
Bacteroides_sp_D4_gi_345651600_ref_NZ_
1 21868
22771 37293
64108 75021
92419 106595
109509 110497
111073 111279
114931 124675
125331 136424
137146 241591
242315 245999
251847 254997
259462 359691
360265 442931
Bacteroides_sp_D4_gi_345651601_ref_NZ_
1 55537
56230 166851
167523 173841
174675 376633
376708 376888
377077 449215
450334 457896
458844 459934
461042 549933
550590 559949
560487 567747
568544 573128
574251 576834
577381 577474
578013 583110
583899 587915
588443 755183
755771 829086
837088 869234
869897 870611
871566 872358
874891 878564
881173 881380
887814 896488
899857 909180
909691 915709
916276 916445
917221 919400
920185 942842
943756 944019
944660 955160
955915 956404
957578 971536
979412 1018639
1019142 1087980
1088490 1089751
1091076 1190429
1191838 1192131
1193116 1231304
1232511 1314373
1315330 1315847
1316890 1318037
1318989 1371898
1372494 1399546
1401188 1401584
1402262 1459906
1461024 1466587
1467322 1586227
1593050 1715287
1716326 1755765
1757089 1768645
1769191 1769253
1769887 1769941
1770479 1810919
1811518 1844334
1846168 1899016
1899634 1912351
1912932 1930929
1931690 1932625
1933264 1933457
1934611 1934971
1935589 1973452
1981973 1982480
1992206 2024896
2025747 2026744
2027247 2027789
2028336 2145948
2146091 2200539
Bacteroides_sp_D4_gi_345651605_ref_NZ_
1 255994
