Bacteroides_sp_D4_gi_345651607_ref_NZ_
1 16917
26446 26839
30932 32970
33886 72183
72979 80809
81446 99690
100207 100422
101153 102272
103748 112940
113065 113364
Bacteroides_sp_D4_gi_345651604_ref_NZ_
1 125959
126476 167263
167795 199230
201508 207517
208027 226650
227238 250327
250872 253928
254604 257786
258515 264714
266000 272775
275135 275211
276049 276342
279069 351891
352259 354325
354838 383132
383640 395499
396264 396889
397881 419277
420466 466326
472290 506968
508788 519619
520154 582623
583424 591301
593363 606706
609060 617671
620294 634066
Bacteroides_sp_D4_gi_345651602_ref_NZ_
1 4520
6251 69181
70679 155047
156039 197009
198882 199047
199643 200429
201641 280661
280900 282541
282624 282822
282960 292578
292686 292846
293098 293325
293473 293532
293767 293937
294078 294223
294382 356667
359311 360218
360808 361098
361340 361527
365785 366328
366852 367174
368499 369674
370290 375542
378078 380381
381652 383546
384646 385848
386399 392540
393071 418003
418108 418271
418425 418559
420437 420595
420734 420872
421032 426645
426792 427007
427151 427337
427496 466051
467759 467813
Bacteroides_sp_D4_gi_345651603_ref_NZ_
1 15999
17083 17468
18259 29033
29844 61598
63258 67241
68236 74897
75217 75433
75570 84385
86986 87869
90409 146065
146872 147053
147141 147323
147592 147725
148982 150773
151457 194202
198168 216871
219687 220610
224810 293813
294918 295048
295199 295343
295501 295649
295773 296095
296865 312903
Bacteroides_sp_D4_gi_345651608_ref_NZ_
1 3704
Bacteroides_sp_D4_gi_345651606_ref_NZ_
1 20595
28076 28450
29161 29575
36684 40205
41273 103520
Bacteroides_sp_D4_gi_345651599_ref_NZ_
1 26316
26901 38844
39879 58616
59562 61490
62457 63721
64745 68977
69538 69992
71523 90605
91176 102227
104519 107802
108728 123406
124071 152247
152885 157618
159058 198318
199247 203971
204553 249591
253230 298713
298864 299157
299296 311361
312116 354151
355433 386960
387591 408618
410067 421163
421827 422114
425607 425750
426737 496003
496535 525398
529298 529748
531662 533997
535243 536086
537107 556069
557749 573226
573872 584244
584863 610539
611171 662583
663864 690390
691968 703630
704963 742894
744779 749970
751314 751740
751841 751975
752149 752327
752452 752639
753068 753769
755015 755115
755221 755271
755379 755437
755607 756065
756495 756712
756794 757633
758325 758953
759113 759255
759456 759627
759814 775447
776165 777087
778570 810584
811561 812042
812568 816679
820805 827509
830287 830990
832546 832836
835182 848048
849060 882402
882528 882696
883681 889789
889924 890066
890288 890474
890581 894204
894322 894436
895776 900141
904145 917068
917615 924705
925250 946212
946956 1003414
Bacteroides_sp_D4_gi_345651600_ref_NZ_
1 21757
22558 23354
25521 30933
31730 68311
69010 107041
108444 111287
117030 124230
125906 132364
133411 135243
136031 136346
136952 137198
138547 138928
139453 141014
142531 150831
151431 192075
193068 195886
196630 221807
223418 236481
236992 245999
251847 283138
283655 314700
315339 317540
318904 330600
331116 351247
352261 360376
361021 363286
364046 364714
365895 402056
403250 417698
418851 418949
422499 428425
428974 437883
438514 438672
441702 442931
Bacteroides_sp_D4_gi_345651601_ref_NZ_
1 20831
21396 35194
36587 74448
75139 75480
76145 93825
95091 101118
103283 108262
110684 158451
159743 161157
162301 170223
171155 171974
172111 172240
172641 173523
175603 176692
177033 196649
199495 199570
202221 248521
249097 323443
324428 350533
351108 389256
389491 389912
390113 390415
391025 391113
391355 391517
391585 391810
392076 399336
400388 421096
422121 435450
436207 441899
442842 448802
449355 458019
458592 489598
490099 495066
497402 510279
516762 518731
518904 519050
519422 520773
521085 521335
521571 521746
523264 523417
523599 523774
523997 541368
541991 547718
548827 549932
551028 552273
552965 554344
555568 556405
557993 559916
560488 562485
564702 564989
567082 570559
572233 576437
578318 583109
583964 587903
589802 591116
592171 595796
596644 633084
633611 650205
650936 651827
652423 652950
654937 673791
675093 714307
714942 721131
722151 753174
753865 778424
779340 779745
780299 780901
791453 796076
800040 803410
807081 812085
816671 830272
831755 831846
836647 840410
841149 841308
842311 842960
844949 846972
847681 850144
850793 854926
856030 864296
864869 865768
870276 870611
871566 871874
877661 882402
884004 908788
911177 915675
917222 919400
920155 920372
920498 931947
932469 940655
941479 946057
946755 947392
947918 954515
964866 974628
976491 977556
978752 984628
985611 1007200
1007719 1009383
1009898 1018586
1023280 1039723
1040344 1057842
1058033 1058149
1058274 1058462
1058968 1059118
1059923 1086978
1087571 1096248
1099279 1099538
1102019 1102100
1104345 1104419
1105223 1107144
1108174 1113857
1114879 1133339
1136094 1136542
1137756 1146480
1147081 1165205
1165713 1190436
1193956 1196345
1196499 1209871
1210880 1227872
1228691 1248874
1249455 1249626
1249799 1249931
1250168 1252522
1253163 1255421
1256015 1272844
1273458 1273905
1275178 1275292
1275841 1275931
1276518 1292308
1294437 1295706
1297368 1300711
1302192 1309943
1317169 1317253
1318250 1319602
1321200 1337123
1338200 1338346
1339322 1340595
1341105 1345796
1346558 1371897
1372662 1402515
1402842 1453641
1454170 1460074
1460702 1465188
1466176 1466525
1467366 1552721
1553762 1564250
1564860 1566039
1566602 1595235
1595876 1608788
1609721 1615533
1616562 1618928
1620007 1621543
1631505 1639396
1639947 1650463
1650666 1650800
1650927 1651141
1651456 1673281
1674688 1700768
1702090 1714819
1716581 1719004
1719193 1720183
1720569 1721201
1721447 1721598
1721668 1721801
1722049 1722257
1722571 1749110
1752983 1755765
1756357 1756655
1756803 1768645
1770529 1786173
1787035 1808632
1810192 1810485
1811519 1816075
1816949 1831097
1831907 1838958
1839932 1840953
1841539 1845509
1846051 1847582
1848120 1897984
1898642 1911166
1911760 1914642
1916867 1930626
1933388 1933690
1935696 1937763
1939880 1963034
1963609 1963692
1970005 1980754
1990929 2001195
2002045 2021456
2024178 2024422
2025946 2026740
2029102 2029396
2030216 2083844
2084395 2084475
2085056 2088411
2090465 2116928
2120240 2120386
2122866 2135076
2136513 2139715
2140369 2168269
2168818 2190047
2190605 2195240
2195888 2200539
Bacteroides_sp_D4_gi_345651605_ref_NZ_
1 87893
88442 235767
236381 238959
239487 255994
