Bacteroides_sp_D4_gi_345651607_ref_NZ_
1 266
26626 26725
43727 51124
51327 52269
52973 53876
54384 54884
56461 60325
60874 61363
62586 63892
64643 65081
66529 68430
69115 69303
82400 84813
85317 92126
95027 95350
97045 97466
104986 105480
106704 113364
Bacteroides_sp_D4_gi_345651604_ref_NZ_
1 13702
27650 34218
41313 57808
58457 102379
102926 108936
109754 131877
134435 169646
170648 171317
190286 190672
191985 217670
218217 221065
222646 234788
236617 242296
243900 246676
247280 248971
249846 250303
254666 294590
295432 297341
298069 302567
303163 309078
309907 322909
323626 330140
331320 334720
335348 335474
336148 337842
338891 351254
353003 354161
355031 383109
396432 397961
398514 518606
520235 521538
522127 543844
544564 591265
620580 634066
Bacteroides_sp_D4_gi_345651602_ref_NZ_
1 8534
12324 12456
13831 30373
31172 58913
59527 72082
72762 118599
119185 139200
141203 143521
144090 229485
230928 231117
233123 263872
264099 271662
271869 272004
272251 273314
273835 279474
279751 280285
281399 287674
288532 289206
289957 292477
294646 298080
298213 315829
316061 331832
332126 334163
334394 361362
366272 467813
Bacteroides_sp_D4_gi_345651603_ref_NZ_
1 24137
24961 25140
26302 65824
68236 68530
68702 74683
76814 77239
77778 78129
83590 83875
84437 142332
143158 145151
153584 153682
162371 162958
163117 165923
166809 191556
194970 204130
204917 206394
207279 231642
232750 236903
237649 238034
239609 239870
240673 260830
261762 261917
262002 264474
265022 267271
267793 268215
268912 295048
295576 295974
297152 305344
305412 307649
308213 312903
Bacteroides_sp_D4_gi_345651608_ref_NZ_
1 3704
Bacteroides_sp_D4_gi_345651606_ref_NZ_
1 42027
42770 103520
Bacteroides_sp_D4_gi_345651599_ref_NZ_
1 741
1989 25895
26914 85966
86598 86936
88814 89345
91624 91748
92868 109453
110975 123406
146700 152009
153880 160939
164895 165779
167205 168635
169164 191491
193277 211763
217963 247109
260136 267099
267420 267679
276569 276758
277996 284268
285001 288152
289136 289944
290792 298571
299028 299157
301823 302480
305708 306121
307175 352956
357918 358381
358909 384217
389618 490249
491309 495985
496538 537991
538948 572608
573954 579866
580846 587090
589168 615676
617161 691934
692499 721954
723584 732125
732822 742874
745137 749389
753423 753580
759486 759601
759824 785268
786543 794761
795476 800357
839101 888270
889664 897670
898383 921093
921800 967197
968426 972698
973910 985384
988968 990587
991488 991977
992806 997905
999877 1000667
1002365 1003414
Bacteroides_sp_D4_gi_345651600_ref_NZ_
1 2508
9272 36464
37144 50893
51428 64196
65294 72445
74378 109344
111324 120085
123628 129439
131082 174303
179434 189415
190032 190103
191012 236017
236112 236473
238041 240958
244689 245999
251924 319431
321543 332255
332792 345867
346497 358570
359334 362847
363372 372696
373738 374117
375493 376567
391679 442931
Bacteroides_sp_D4_gi_345651601_ref_NZ_
1 15168
16047 22510
23116 23356
24399 25709
26074 36550
38192 39390
39977 65333
80395 158676
160893 161138
169394 170089
177062 177672
178263 315918
316615 340224
342881 388439
390122 390436
391729 397323
397929 410691
411457 422316
422968 424240
424763 425080
425911 489574
490306 516728
518453 518888
524207 546210
551547 570475
587612 597244
599371 613520
614104 624480
626754 632376
634959 643420
647396 647669
652479 652753
653419 668818
706407 710940
711653 712359
713662 714009
714945 733679
734196 734916
735605 743386
744205 751083
754280 757627
777565 780267
793219 795920
811513 811853
816811 816897
837088 840652
851215 856453
865499 865730
887814 894048
899854 900232
900352 922018
922706 925256
925819 926726
928620 938462
939024 948386
950295 969503
970041 994196
995208 997088
999062 999968
1000983 1004951
1005849 1006118
1007816 1008261
1009922 1018334
1019217 1033485
1034000 1048983
1049839 1054811
1059951 1066910
1067531 1074522
1076347 1076516
1077117 1078199
1078883 1079125
1079671 1082748
1083341 1086965
1091971 1105914
1108667 1128946
1132155 1145699
1148297 1161467
1162788 1163224
1166773 1167122
1172002 1188969
1189134 1190429
1194344 1227616
1229339 1230998
1249762 1250120
1250906 1300083
1300589 1305628
1306994 1307505
1309188 1313899
1321682 1371414
1372888 1373436
1374163 1376731
1377272 1380331
1381820 1389055
1390490 1399546
1401188 1401584
1402842 1434681
1441268 1441561
1442980 1453630
1454194 1464065
1464634 1465172
1467400 1512915
1513820 1515964
1516722 1516843
1518025 1519356
1520143 1563236
1567334 1568860
1569643 1599513
1600063 1603459
1612068 1612447
1640222 1640517
1650259 1650457
1651771 1654640
1656493 1657709
1658748 1714343
1718390 1718833
1722637 1725587
1728041 1730205
1730717 1737138
1738026 1755765
1757089 1768645
1770529 1804635
1805236 1816070
1817513 1857061
1860050 1860169
1861501 1872052
1872963 1890155
1890788 1891332
1891983 1892400
1900418 1907601
1909211 1909614
1913251 1929911
1948585 1948965
1972358 1972416
1992206 2012040
2012970 2016116
2016732 2035076
2035602 2041815
2042863 2059819
2060432 2075682
2076501 2105825
2109184 2110129
2111683 2116457
2117085 2123505
2124500 2126882
2127563 2128832
2129795 2130124
2132352 2132684
2133825 2134574
2138734 2139028
2140390 2156374
2156902 2200539
Bacteroides_sp_D4_gi_345651605_ref_NZ_
1 73816
74664 178335
178944 181833
182336 184406
186522 186619
188813 199780
200446 207887
209638 209941
210517 210633
212420 212698
213734 224481
226513 255994
