Veillonella_atypica_KON_gi_444381555_ref_NZ_
1 9098
9852 11941
17585 22567
23022 24937
25486 37604
38835 40966
42253 54078
54977 59417
59967 60643
61348 61963
62483 62936
63702 69782
70722 72204
72880 73148
73697 74623
75690 77835
78377 80250
80871 93202
93773 93888
95503 99532
100046 100532
101039 101562
102391 104954
105510 108540
109894 110110
111098 113882
114440 115544
116260 117507
118499 119977
120773 120854
121613 124190
127445 128952
129733 131200
132346 132713
133343 134452
135303 136336
136924 137487
137586 138745
Veillonella_atypica_KON_gi_444381584_ref_NZ_
1 698
1850 3523
4228 8431
10014 10925
11500 11677
12492 15898
16490 16624
17260 18032
18152 18340
20297 24178
25455 26675
27164 28594
29318 31814
32369 33220
33884 35380
36013 36386
37025 45721
46411 52539
53324 54415
55060 61800
62753 63636
64620 66040
66451 71905
72433 78904
81081 82932
83381 83533
84288 88000
88553 90854
92167 95059
95220 95446
96482 98658
99639 105145
106504 107659
108517 112982
113110 119608
120344 122287
122458 122522
123130 128102
128924 129299
130081 131372
131932 133036
133557 135921
136044 138141
138295 141810
142050 142327
142959 143177
144426 146187
147267 149903
150797 153287
153839 155966
157314 158043
158795 161209
161612 161941
162135 163062
163921 165098
165719 166469
167354 169979
170759 171293
171936 172696
173228 173781
174328 177358
177503 179402
180058 180425
Veillonella_atypica_KON_gi_444381583_ref_NZ_
134 1029
1808 2259
3286 5861
7183 7616
8325 11267
12159 12225
12765 16726
17236 18307
18961 21674
22216 22663
23178 25128
25844 25922
26094 30269
30928 39602
40446 66816
67004 77607
78119 84222
84754 84989
85777 91632
92575 95783
96315 106803
Veillonella_atypica_KON_gi_444381508_ref_NZ_
1 3694
3828 4488
5348 8740
9443 9976
10760 11209
11391 22452
22870 33414
33833 33959
34763 34894
35815 40079
40864 40947
42258 44226
44981 45457
47387 50330
50982 52175
52728 53376
53889 54998
55517 56376
57080 59526
60738 61362
61936 64437
65324 65671
66342 67154
67471 69710
70429 72896
73399 73581
74143 75228
75785 77344
77983 82745
83045 84004
84546 85633
86517 87057
87610 90749
92202 94711
95475 97966
98086 98327
99204 99700
100304 100900
101676 104548
105714 105855
107595 110276
110942 113427
113932 119693
120270 120511
121035 121270
121772 123903
124407 126099
127336 131598
132121 132603
133794 134607
135126 136146
136684 137015
137302 138657
139585 140020
140136 142799
143590 145034
145890 146174
147394 150105
150737 150928
152045 152174
152697 152846
153410 153713
154799 155947
156063 162092
162598 163685
164597 165714
166372 166832
Veillonella_atypica_KON_gi_444381539_ref_NZ_
1 1386
Veillonella_atypica_KON_gi_444381586_ref_NZ_
Veillonella_atypica_KON_gi_444381512_ref_NZ_
1 5418
Veillonella_atypica_KON_gi_444381513_ref_NZ_
138 45060
45825 46425
46941 50938
51687 52611
Veillonella_atypica_KON_gi_444381548_ref_NZ_
1 3572
4312 5004
5554 5644
7267 9450
10195 11645
12160 15133
15719 17275
18350 19520
Veillonella_atypica_KON_gi_444381577_ref_NZ_
1 2455
Veillonella_atypica_KON_gi_444381578_ref_NZ_
1 482
1044 1320
1830 5447
5763 6962
Veillonella_atypica_KON_gi_444381543_ref_NZ_
1 1568
2245 3190
3363 12471
13056 13936
14577 18235
18302 18358
Veillonella_atypica_KON_gi_444381551_ref_NZ_
1 531
626 1497
Veillonella_atypica_KON_gi_444381552_ref_NZ_
2737 2916
Veillonella_atypica_KON_gi_444381537_ref_NZ_
1 772
Veillonella_atypica_KON_gi_444381540_ref_NZ_
1 110
444 5113
5629 6231
6983 11447
11976 12145
12797 16595
17391 24562
25738 44539
45046 47719
48301 49209
49850 50399
50934 54720
55227 56405
57233 62204
62519 69762
70327 73134
74118 75505
76210 78738
79499 81053
82665 82928
83520 87211
87757 91280
91896 94968
95655 96296
97066 98325
98880 101639
102277 115102
115757 136098
136203 138045
138598 140347
140689 140893
141357 143913
144416 154406
154802 157470
158009 163584
165274 165537
166124 183866
184728 185170
185696 187799
188334 191408
Veillonella_atypica_KON_gi_444381550_ref_NZ_
200 329
964 1332
Veillonella_atypica_KON_gi_444381581_ref_NZ_
1 2407
Veillonella_atypica_KON_gi_444381608_ref_NZ_
1 117
801 859
2799 12452
13020 17894
18435 24779
25639 26013
26109 28084
28589 29232
30295 33797
34934 35011
35620 36542
37046 38148
39150 44689
46162 52643
53413 55243
55859 56660
57670 60816
61388 65610
66626 68065
68739 70143
72430 72670
73471 73541
73713 76282
77006 78903
79357 81341
81851 89769
90423 90487
91006 98857
99398 107277
108192 108328
108784 112939
113672 115186
115843 118134
118954 122000
122567 123042
124133 124770
125357 126476
126979 128376
129211 132818
133375 139535
140231 147838
148593 152074
152719 163613
164091 165067
166059 166271
166952 167417
Veillonella_atypica_KON_gi_444381607_ref_NZ_
1 4502
4894 5247
5762 17443
18297 22289
23544 25050
25997 27185
27817 27969
28764 37407
38031 38407
38676 44350
45487 49487
49574 50774
51076 57745
58504 61691
61948 62578
63080 66087
66672 68816
70007 70122
71205 71710
72455 72584
73177 73562
74126 74509
75022 75391
76530 76922
77441 77943
78808 79272
79783 79862
81598 85291
86199 86269
86776 86981
87737 90973
91712 93667
94206 96199
96716 97348
97971 99033
99935 100498
100581 100674
101251 106171
106795 107129
108840 111397
112270 112602
113138 114304
114935 115351
116357 120218
120766 122618
123385 124351
124885 126686
127235 127396
127912 128296
128870 132341
133025 136555
136718 138146
138688 139032
Veillonella_atypica_KON_gi_444381542_ref_NZ_
1 2790
6385 6519
10201 14902
15607 16175
16936 17996
18393 22797
23324 27063
27759 28629
Veillonella_atypica_KON_gi_444381534_ref_NZ_
1 1192
Veillonella_atypica_KON_gi_444381536_ref_NZ_
Veillonella_atypica_KON_gi_444381541_ref_NZ_
1 1425
Veillonella_atypica_KON_gi_444381509_ref_NZ_
1 20223
20556 23440
24003 25569
26076 27663
28636 30747
30888 39666
Veillonella_atypica_KON_gi_444381544_ref_NZ_
1 517
Veillonella_atypica_KON_gi_444381549_ref_NZ_
1 690
Veillonella_atypica_KON_gi_444381535_ref_NZ_
1 4058
4248 4957
5490 5734
6147 6420
7261 12951
13811 17167
17735 24533
25240 26725
28550 32547
33369 34018
34913 35354
36731 42075
42589 43779
44397 50537
51238 53537
54556 55420
Veillonella_atypica_KON_gi_444381538_ref_NZ_
713 921
1590 2984
4154 5402
6054 6245
7295 14654
16381 18050
18759 22188
22927 23979
Veillonella_atypica_KON_gi_444381585_ref_NZ_
1 179
671 771
1233 1976
2171 2441
Veillonella_atypica_KON_gi_444381579_ref_NZ_
248 5455
6622 6680
7340 12088
12600 14343
14947 24977
25700 27314
27825 28080
28616 31694
32045 34467
35001 38254
39401 43090
43674 44521
44754 44929
46026 47582
48131 50745
51408 51524
52078 53880
54449 55377
56858 56912
57482 63770
64338 66190
66307 68900
69431 71087
71607 72073
73562 74013
74594 77961
78481 80458
81066 85364
86080 96153
96766 97086
97817 109277
109817 109947
110793 120649
121323 122293
123487 135310
135960 138026
139309 139516
140213 142216
143236 144222
145079 145451
146185 148188
148785 149975
151007 154139
154861 158075
159133 168339
169142 169506
170043 170725
170966 176125
176771 183365
184066 188605
189224 192592
193193 194044
194634 199095
199799 205511
206056 209385
210545 212740
213365 214956
215884 217644
218226 218473
219072 221323
221534 221670
222607 225612
226172 227053
227324 228658
229221 235911
236367 242593
243173 249583
250732 254267
255342 256462
257180 259478
260069 260238
260798 267334
267887 268490
269458 269944
270496 270608
271212 273710
274255 283639
284440 287758
288725 289425
290385 290942
292102 292761
292913 293212
293795 294866
295635 298197
299032 299943
300656 300714
301254 301641
303461 306024
306807 308772
309779 311374
Veillonella_atypica_KON_gi_444381546_ref_NZ_
1 2325
2840 5432
6071 6122
6678 8171
8737 10609
11306 14301
14858 23749
24423 27135
27669 32855
33477 41167
41416 52485
53322 53733
54660 64333
64676 79379
Veillonella_atypica_KON_gi_444381545_ref_NZ_
1 506
Veillonella_atypica_KON_gi_444381580_ref_NZ_
419 2090
2921 3086
3638 4662
5165 5406
5992 7366
7665 8732
9571 12602
12880 13811
Veillonella_atypica_KON_gi_444381510_ref_NZ_
1 13659
Veillonella_atypica_KON_gi_444381576_ref_NZ_
1 7606
8254 8972
9762 15923
17321 20140
20847 22514
23380 25186
25286 27451
Veillonella_atypica_KON_gi_444381587_ref_NZ_
1 5131
5660 6345
6846 8785
9306 9728
10366 14853
15027 16690
17195 17828
18496 19014
19539 21702
22702 27344
27904 33507
34048 34136
34727 40344
41744 41854
42401 43319
43963 45097
45749 54878
55789 58275
58985 61418
61933 63466
64284 65317
67298 69464
70234 71553
Veillonella_atypica_KON_gi_444381511_ref_NZ_
1 1026
1574 5666
7405 19742
20537 23287
24007 28269
28822 29277
29839 30304
30874 35838
36490 37004
38061 41603
Veillonella_atypica_KON_gi_444381547_ref_NZ_
1 2133
2223 3681
4616 6116
6621 10620
Veillonella_atypica_KON_gi_444381582_ref_NZ_
1 1268
1818 7123
7706 7762
8313 10342
10805 35107
35535 40711
41196 46304
46927 56405
Veillonella_atypica_KON_gi_444381519_ref_NZ_
1 13322
