Veillonella_atypica_KON_gi_444381555_ref_NZ_
1 3774
4384 9325
9863 12132
17453 21582
21819 22600
23071 37654
38449 39367
39887 41044
42309 43120
43726 54152
54981 55512
55920 59374
59970 60643
61323 61963
62645 62936
63813 69571
70807 71021
72116 72185
72896 73148
73697 73799
74333 74410
75703 76080
76307 77835
78490 80105
81137 81407
82044 91739
92437 93026
93869 94257
95519 97582
98144 101559
102671 104798
105510 106178
106978 108711
110040 113861
114503 115526
116817 117507
118499 119977
120773 120912
121666 124159
125036 125401
126876 128407
128913 129202
129733 130046
130549 131200
132259 136336
138799 138871
Veillonella_atypica_KON_gi_444381584_ref_NZ_
1 7726
10014 10109
10910 15898
16087 17160
17700 18216
19786 20986
21345 24193
24833 28651
29236 31812
32403 32880
33884 35344
35954 36357
36940 45721
46411 52737
53339 61800
62346 63701
64449 64791
65356 66235
66915 71968
72792 78744
79412 79541
81242 81750
84238 88911
89448 90854
91400 91516
92386 92730
93353 96025
96613 97559
98179 99061
99633 100950
101558 122069
122489 127981
129032 129448
130081 130629
130858 131372
132036 132983
133557 142327
143613 146378
147267 147635
148149 149903
150715 155214
155727 155966
157081 158043
158790 163039
163796 165147
165719 170008
170810 171293
172370 180425
Veillonella_atypica_KON_gi_444381583_ref_NZ_
133 1029
1527 2259
3286 4135
4715 5195
7098 7616
8395 9737
10428 11349
12015 12225
12765 13606
14324 18304
18961 22333
22889 23019
23565 25403
26150 26207
26702 30269
31013 32139
33052 40449
40953 86062
86626 88098
88616 91238
92574 105928
106430 106803
Veillonella_atypica_KON_gi_444381508_ref_NZ_
1 4488
5493 8881
9646 10108
10760 20450
21019 28462
29011 33414
33814 33959
34775 34894
35813 37390
37959 38417
39037 40046
40864 40947
42341 45543
47208 47535
48090 48943
49392 50329
51008 56324
56917 57136
57733 59483
60263 61314
61950 62183
62639 64289
65159 65671
66343 69847
70802 72560
73404 73886
74442 74842
75785 77324
77951 87044
87610 90749
92117 98327
99259 99608
100342 100468
101483 104421
105758 105842
106524 106668
107595 113414
113932 119693
120311 121270
122120 123405
123999 126099
126916 129209
129757 131598
132121 132603
133461 133708
134643 136146
136684 138657
139774 140178
140333 142798
143719 145142
145890 146114
147394 147667
148195 150928
151767 152846
153354 153711
154809 158154
158716 162108
163115 163685
164597 165374
166372 166832
Veillonella_atypica_KON_gi_444381539_ref_NZ_
1 1386
Veillonella_atypica_KON_gi_444381586_ref_NZ_
396 518
Veillonella_atypica_KON_gi_444381512_ref_NZ_
1 5418
Veillonella_atypica_KON_gi_444381513_ref_NZ_
1 45054
45825 50776
51538 52611
Veillonella_atypica_KON_gi_444381548_ref_NZ_
1 3641
4330 5004
6204 19520
Veillonella_atypica_KON_gi_444381577_ref_NZ_
1 1521
2156 2455
Veillonella_atypica_KON_gi_444381578_ref_NZ_
1 482
1044 3578
4489 6962
Veillonella_atypica_KON_gi_444381543_ref_NZ_
1 156
283 1568
2087 2792
3193 7733
8281 12471
13056 13840
14589 15952
17304 17687
18197 18539
Veillonella_atypica_KON_gi_444381551_ref_NZ_
86 531
626 1638
Veillonella_atypica_KON_gi_444381552_ref_NZ_
1 2916
Veillonella_atypica_KON_gi_444381537_ref_NZ_
1 772
Veillonella_atypica_KON_gi_444381540_ref_NZ_
1 110
444 4314
4972 5673
6983 10617
11192 11383
11963 12131
12817 18778
19293 19740
20264 23237
23791 24513
25464 28199
28730 44408
45173 46413
46589 49209
49965 54720
55227 58569
59392 67561
68119 68591
69313 75497
76219 78810
79351 80677
83520 91233
91896 92251
92949 93416
93494 94958
95588 96296
96827 101639
102317 104867
105459 106970
107537 109282
109975 113587
114916 115309
115746 136106
136224 138045
139087 140497
140689 140893
141357 145920
146933 157559
158066 160066
163489 163628
165285 165537
166124 169800
170637 176417
177009 182751
183786 183866
184374 187799
188384 188796
189338 189852
190203 191408
Veillonella_atypica_KON_gi_444381550_ref_NZ_
1 306
964 1332
Veillonella_atypica_KON_gi_444381581_ref_NZ_
1 2407
Veillonella_atypica_KON_gi_444381608_ref_NZ_
1 117
2780 10312
11151 17784
18638 25094
25685 25985
26109 29232
30295 33617
34940 35011
35580 38315
38877 44112
44599 44689
46023 52643
53454 55182
55853 57054
57615 61450
62454 65583
66278 67831
68602 70424
71530 71974
72525 72670
73471 73544
73713 81344
81851 89206
91021 108379
108784 112579
113595 114156
114723 115129
115998 118134
118972 121457
122605 123042
124142 124768
125355 126022
126572 128455
129211 129808
129968 131482
132218 132793
133388 139473
140041 147837
148593 148941
149531 149590
150662 151126
151263 151472
151545 152040
152729 165498
166186 166256
166952 167417
Veillonella_atypica_KON_gi_444381607_ref_NZ_
1 1934
2533 5247
5672 22086
23544 25050
26342 27232
27773 37386
38069 40630
41450 42758
43410 45383
45485 50774
51032 52397
53001 53531
54203 57823
58533 65769
66418 68700
69898 70869
71695 72733
73179 74298
75047 75391
76200 78256
81393 85461
86199 86981
87737 90788
91712 102488
102991 106368
108840 111380
112270 120635
121316 123723
124885 127390
127912 127986
128875 132328
133033 137114
137402 138008
138688 139032
Veillonella_atypica_KON_gi_444381542_ref_NZ_
1 14808
15664 20854
21427 23989
24665 27743
28349 28629
Veillonella_atypica_KON_gi_444381534_ref_NZ_
1 1192
Veillonella_atypica_KON_gi_444381536_ref_NZ_
Veillonella_atypica_KON_gi_444381541_ref_NZ_
1 1425
Veillonella_atypica_KON_gi_444381509_ref_NZ_
1 1303
1800 14630
15011 15392
15935 25333
26076 27663
28413 30115
30679 30747
30998 33914
34536 39666
Veillonella_atypica_KON_gi_444381544_ref_NZ_
1 517
Veillonella_atypica_KON_gi_444381549_ref_NZ_
Veillonella_atypica_KON_gi_444381535_ref_NZ_
1 276
1037 1408
1955 2401
3304 3427
4251 5564
6241 6500
7396 9041
9645 11316
12036 12951
13486 20833
21385 24529
25240 26800
27392 27466
28389 30143
30723 31246
31534 32537
33310 34018
35160 35343
36731 37544
38168 39107
39714 41329
42588 44749
45330 50506
51154 55420
Veillonella_atypica_KON_gi_444381538_ref_NZ_
1 153
712 1868
2583 2969
4155 5265
6083 6412
7294 10727
11893 14735
16367 18038
18759 22132
22948 23979
Veillonella_atypica_KON_gi_444381585_ref_NZ_
1 2441
Veillonella_atypica_KON_gi_444381579_ref_NZ_
248 4362
4896 5455
6557 6809
7340 10069
10631 13918
14828 16498
17038 21424
21948 25039
25621 27263
27825 28625
29291 31453
32697 35265
35510 37475
38863 41946
42376 43057
43680 45495
46026 47564
48076 48804
49356 50734
51408 51524
52083 55675
57426 61835
62353 63770
64338 66625
67164 68931
69605 70752
71635 77926
78517 79386
80153 85556
86080 87383
87968 92381
92928 96153
96766 97086
97836 99842
100470 109145
110489 113165
115404 122292
123496 126437
127166 135384
135964 137751
140165 142467
142991 144204
145195 145451
146330 149975
151007 154166
154873 157950
158650 168421
169142 172496
173426 183328
183933 188605
189224 194163
194832 195500
196171 196440
197915 198929
199799 209244
210583 212762
213278 214050
215157 218435
219078 219845
220824 221670
222306 224808
225366 225638
226172 227053
227324 229656
230213 242442
243173 249565
250586 254267
255986 256462
257233 258711
259253 259560
260797 261199
261708 270708
271212 273710
274261 283639
284467 289393
290423 291388
292102 292761
292932 294802
296219 298464
299048 300035
300662 301742
303574 304470
305344 305982
306821 308945
309893 311374
Veillonella_atypica_KON_gi_444381546_ref_NZ_
1 1611
2131 2325
2840 3930
4508 5416
6071 6122
7315 8967
9988 14273
14774 30667
31178 32804
33540 52485
53322 53820
54660 64333
64635 65222
65690 79379
Veillonella_atypica_KON_gi_444381545_ref_NZ_
1 506
Veillonella_atypica_KON_gi_444381580_ref_NZ_
419 1870
2774 7366
7665 8732
9571 13811
Veillonella_atypica_KON_gi_444381510_ref_NZ_
1 13659
Veillonella_atypica_KON_gi_444381576_ref_NZ_
1 3545
3636 8972
9780 11275
11816 16484
17024 17602
18122 20324
20878 22642
23224 27451
Veillonella_atypica_KON_gi_444381587_ref_NZ_
1 8785
9361 10375
10908 16690
17734 17815
19672 27158
27813 31058
31379 34088
34727 37498
37675 40216
41754 43269
44223 54797
55789 58275
58947 60174
60859 61418
61934 63452
64284 65317
67298 69464
70143 71553
Veillonella_atypica_KON_gi_444381511_ref_NZ_
277 1044
1574 5666
7361 30304
30921 35838
36490 41603
Veillonella_atypica_KON_gi_444381547_ref_NZ_
1 3654
4269 4958
5609 10620
Veillonella_atypica_KON_gi_444381582_ref_NZ_
1 1200
1819 7040
7673 7765
8593 10342
10885 35107
35535 40711
41196 46304
46927 56405
Veillonella_atypica_KON_gi_444381519_ref_NZ_
1 5009
5739 13322
