Clostridium_sp_M621_gi_283767248_ref_NZ_
1 2281
Clostridium_sp_M621_gi_283767245_ref_NZ_
1 6542
7057 24799
25591 25674
26287 30189
30930 30979
31924 33809
34462 35599
37607 39233
40384 43344
44118 48442
50158 57024
58212 58495
59026 60880
61603 63210
63958 65961
66712 68234
68742 69927
70468 71145
Clostridium_sp_M621_gi_283767247_ref_NZ_
1 52
191 3104
Clostridium_sp_M621_gi_283767236_ref_NZ_
1 5592
6517 10286
10859 12215
12776 13949
14523 19188
19816 20999
21502 22269
22792 26120
27141 30822
31771 32214
32779 33064
33310 33543
34146 39412
39980 40328
40962 43033
43809 43884
44573 46093
47125 47209
47983 52814
53333 54722
55245 55710
56660 58656
59285 59721
60393 61700
61910 62474
63066 63362
63977 86439
86858 93503
94219 96653
97319 101066
101774 106541
107129 111972
112757 117252
117801 122282
122802 125912
126445 126528
127175 134454
135480 136067
136589 142804
143542 145290
147101 147421
148293 149262
149882 149950
150542 152230
153406 157506
158367 160401
161505 161734
162276 185323
186104 189030
190267 222160
223078 225701
226642 228222
232804 241171
241944 244987
255399 256929
266161 266310
266974 277064
277736 283540
284096 285493
286076 286572
287577 292678
294012 296572
297172 297511
298347 302099
302980 307117
308683 311094
311994 314314
315144 318893
319535 320077
320594 321131
322221 328303
329943 330310
331113 331986
333206 334469
334998 339066
339719 339836
340490 343799
344460 344563
345133 348910
349565 354220
354503 354980
355973 357839
358683 366288
367082 369044
370088 370968
371488 374820
375455 380324
380860 381715
382282 382434
383375 385568
386353 392932
394529 395244
396016 397794
398164 398252
398414 401702
402761 407494
408162 410602
411925 413651
414266 414338
414963 417264
417506 417788
419663 420617
421493 425123
425897 431185
432048 432394
433414 436276
436879 439462
440303 440403
441147 457111
458292 458393
459017 459761
460513 470570
471260 471333
471752 476680
477260 477385
478184 482698
483215 484221
485031 486040
487222 487440
488708 493046
493698 493878
494396 500092
501173 503655
504763 505524
506630 507895
509187 510618
511454 513140
513954 514113
514180 518780
519378 521735
522474 523460
523596 524387
525035 527725
529027 530511
531325 553938
555071 555191
555958 561222
562132 562667
563278 563386
563905 567295
568609 568738
569278 573121
573949 576631
577384 577889
578556 579537
580086 583935
584627 585377
586067 586838
587107 587185
588493 591125
592329 595635
596140 600086
600887 601844
602715 605673
606324 606682
607193 608549
609122 611115
611206 624950
625599 625725
626973 627066
627797 634416
635424 637171
638747 643651
644240 645541
646574 648183
Clostridium_sp_M621_gi_283767237_ref_NZ_
1 41927
43593 47062
48373 64585
65524 67279
68786 69379
70110 80901
81482 82219
82830 86276
87386 90152
90895 97307
98052 100285
100811 101294
101828 106877
108031 108443
108971 109096
109762 111974
112770 113083
113837 174894
175595 177839
178603 182067
183095 183348
184853 188966
189527 190215
191164 191742
192385 194109
194489 253752
254183 256710
258645 263077
265128 269334
269969 301813
302886 302951
303463 304728
305447 308437
308970 309170
309619 312009
312523 313422
314407 315203
315761 317796
318525 322764
323649 323784
325381 325448
326343 327901
328675 331042
332675 333349
334053 338877
339215 339490
340197 340258
341131 425059
426525 435943
436899 439986
440764 441680
442265 446469
447532 450690
451623 453979
454666 455615
456919 458015
458621 461289
461649 463016
Clostridium_sp_M621_gi_283767260_ref_NZ_
1 485
Clostridium_sp_M621_gi_283767239_ref_NZ_
1 1528
2215 4177
4709 7400
8049 12331
12944 13355
13987 14528
15062 15531
16219 16976
17817 18423
19487 21616
23035 23233
23831 24816
25321 25760
26712 27566
28218 29605
30201 31065
31607 32911
33431 37972
38527 41100
42427 44091
44687 44939
45595 46938
48335 51809
52329 52518
53171 54120
54782 58166
58495 64418
65574 65830
66383 66963
67686 68478
68982 71014
71740 76829
77519 77618
78294 95683
95772 98536
99468 105944
106866 108461
109095 121283
122076 122831
123688 124913
125812 127027
127583 130656
131555 133240
134106 134208
134714 137127
137825 142191
143832 146097
146640 149402
150171 160395
161039 162797
163392 164944
165674 166104
167354 170128
171558 175142
175743 181590
183218 184098
184758 187096
187637 189964
190638 191668
192222 194929
195505 195559
196709 202166
203315 208151
209180 209297
209848 213829
214495 215791
216313 224113
224208 227017
227209 229578
230152 232151
232825 235234
235777 236267
237163 241643
242228 242372
243018 244437
245890 248693
249252 250965
251665 252153
253028 267718
268232 270963
271698 271861
272792 276786
277762 277848
278620 279185
279902 280447
280998 285410
286796 299200
299734 311693
312359 313593
314265 315253
315898 316331
317413 317836
318186 318800
319659 323703
324460 324759
325522 325628
326500 326566
327234 327882
329005 331116
331689 332063
332577 332708
333870 334550
335153 335561
336448 338232
338823 340781
341590 347018
347876 352508
353089 354714
355637 357088
357595 362620
363850 365070
365687 365950
367046 367326
367888 369066
369533 372182
Clostridium_sp_M621_gi_283767254_ref_NZ_
1 556
Clostridium_sp_M621_gi_283767242_ref_NZ_
1 372
1199 4874
5620 7018
7716 18766
19648 21929
22466 27283
27926 34911
35453 36823
38039 38761
39562 41594
42201 45349
45926 48993
50031 56804
57382 60962
61528 68632
69188 70250
70990 73881
74655 77620
78839 81739
82332 84594
85286 88324
89089 89989
91274 95049
95559 95628
96356 96803
97515 102480
103409 106899
107525 110458
111155 112459
113163 119373
120267 122722
123334 123551
124691 130682
131264 146045
146679 146944
148152 151317
151836 151993
152608 155125
156481 156549
157124 163177
163733 167170
168156 168311
Clostridium_sp_M621_gi_283767241_ref_NZ_
1 197
508 2296
2869 2971
3831 6815
7321 8936
9596 13182
14074 15414
16064 65625
65992 68797
69322 69971
70588 73006
73569 74790
75792 77308
77837 79690
80810 81425
83396 84100
84639 85251
85825 88372
89199 89392
90205 97053
97612 98703
99468 103259
103913 108959
109871 111789
112415 117122
118475 118782
119355 124881
125392 128344
129033 130037
130582 134089
134922 137392
138406 143376
145591 162274
162843 163917
164948 170269
170910 173443
174255 179892
180447 181836
182390 190875
192961 198074
198655 201267
201786 202370
202951 205520
Clostridium_sp_M621_gi_283767257_ref_NZ_
1 620
Clostridium_sp_M621_gi_283767238_ref_NZ_
1 1415
1955 4751
5604 10217
11334 11389
11962 12712
13405 13780
14585 16955
18034 18293
19031 19570
20326 20842
21367 21886
22462 23524
25017 41556
42405 42666
43474 46514
47104 50690
51783 51887
52638 57878
58400 63664
64476 67331
67925 69486
70289 73102
73661 86219
86906 90543
91139 94113
94874 96466
97411 97833
98592 105099
106353 109472
110187 111535
112082 112721
113235 113507
114641 119256
119793 120217
120865 126945
128056 131708
132228 134026
134533 137263
137820 149303
149853 159406
160571 162780
163286 172358
173292 180705
181784 182040
182912 182992
183948 193521
194174 196472
197034 200336
200799 201456
202855 206261
207768 212257
212959 213339
213879 224822
226278 229373
229947 232770
233572 239699
240217 247547
248235 251813
252417 258946
260298 260380
260938 263501
264294 264588
265172 270605
271405 274311
275025 277424
279866 280882
282108 282558
283104 285783
286355 288376
289167 293847
294822 294997
295628 298190
298821 299311
300178 303482
303962 308407
308839 311523
312737 313653
314402 320188
320740 323815
324563 325496
326829 328251
328977 330648
331460 337227
337844 338447
338973 340866
341754 346359
347315 350952
351987 352795
353531 365448
367163 370100
370987 376308
376813 378983
379576 379679
380952 384385
384981 385688
386667 388176
389256 390664
391319 391876
392687 395905
396469 397918
398465 398828
399830 401016
401582 402290
403107 404657
405318 406028
407063 408081
408797 412181
Clostridium_sp_M621_gi_283767259_ref_NZ_
1 506
Clostridium_sp_M621_gi_283767244_ref_NZ_
1 8685
9244 12855
13076 15882
16713 21004
21182 21591
22352 24023
24840 28182
28758 31709
32286 42123
42728 45009
45601 52640
53160 56612
57183 58264
58986 63167
63418 65015
66335 69726
70380 75541
76056 77291
78019 79253
80287 80598
81248 88064
88728 91414
92052 93028
94119 96181
96838 98851
99527 103123
103813 108585
110309 111737
112489 113058
114162 115922
116605 118220
118760 119412
119917 123487
Clostridium_sp_M621_gi_283767246_ref_NZ_
1 4017
4401 30658
Clostridium_sp_M621_gi_283767258_ref_NZ_
1 517
Clostridium_sp_M621_gi_283767252_ref_NZ_
1 747
Clostridium_sp_M621_gi_283767250_ref_NZ_
1 881
Clostridium_sp_M621_gi_283767235_ref_NZ_
1 9938
10588 156895
157222 158864
159732 162193
162696 179388
180093 182093
182893 184543
185077 186131
187078 189153
189798 190517
191396 192956
193601 195491
196378 196756
197687 201879
202653 202929
203589 203798
204517 207331
207834 210150
211266 211732
212383 214722
215368 216118
216875 264243
265402 265677
266249 270318
270834 271677
272322 272999
274581 275436
275984 279572
280633 281247
281859 282733
282825 291118
291820 294443
295051 300639
301330 306654
307338 307394
308046 311948
312226 316076
316639 320891
321473 323369
324453 325636
327206 327338
328018 341378
342605 344490
346841 350216
350777 355055
355805 360310
360964 361446
362111 365257
366681 369612
370140 370699
371307 373169
373969 375447
376010 376394
377041 379889
380573 383294
384508 385537
386739 387499
388150 388202
388841 389154
389289 393000
393580 394937
396323 400243
401143 401555
402040 411426
412003 416145
416705 420185
421182 421735
421913 422462
423392 429016
429145 429860
430579 431015
431523 433642
434334 441918
442789 447861
448550 462239
462698 462892
463463 468661
469371 484743
486107 486855
487356 489948
490555 490802
491313 493022
493784 496068
496836 508934
509573 509757
510273 510856
511444 512373
512910 513067
513840 523400
524642 530774
531357 531786
532751 534442
535401 535835
536923 544766
545409 550462
551081 552248
552502 554871
555747 555798
556004 558748
559262 560111
560687 561245
561851 566814
567225 567384
568144 568369
568872 571605
572701 576693
578290 582343
582849 605667
606233 607146
607854 608595
609359 615135
615865 618032
619030 625143
625832 625904
626604 627755
629763 635565
635868 637623
638926 669184
670023 673839
674424 675691
676293 679399
681398 686701
687248 687533
688037 689651
690971 770820
771283 776097
776791 781260
782551 782832
783729 784716
785307 786469
786912 787264
787877 788582
789230 791307
791835 791900
792583 798036
798687 800258
801181 804353
805990 806919
807524 812969
814847 816786
817995 820691
821561 821800
822414 826219
827117 827224
828910 830663
831225 837398
838425 838667
839864 842051
843572 844305
845067 849400
850173 852017
852628 853914
854739 855220
856735 859880
860861 862723
863543 867052
868459 868541
869105 870146
870725 874688
875350 887667
888187 888303
888803 889364
889871 890393
891008 891531
892302 892652
893470 895246
896010 897963
898442 900659
900959 905590
906410 907493
908209 914761
915394 916078
916601 921168
922576 923848
924750 926147
927387 932063
932579 933077
933708 935502
936263 947737
Clostridium_sp_M621_gi_283767243_ref_NZ_
1 1645
2290 7533
8089 10747
11535 12747
13993 15531
16050 17156
18547 19988
21313 30817
31500 35232
35828 36491
37221 37713
38274 41307
42248 42416
43020 46250
47659 49388
49913 52206
52888 53263
53998 56152
57107 62662
63384 65393
66205 66529
67156 73803
74492 74952
75511 84153
84991 86639
87196 90161
90663 92284
92875 94465
95038 99800
100813 101474
101574 102160
102880 107816
108845 112206
112953 113270
113973 116205
116951 119276
119800 121552
122538 126709
126914 128542
129214 130477
131116 131365
131976 139931
140569 142058
142718 146851
148387 149707
150212 150500
Clostridium_sp_M621_gi_283767255_ref_NZ_
1 525
Clostridium_sp_M621_gi_283767249_ref_NZ_
1 1069
Clostridium_sp_M621_gi_283767256_ref_NZ_
1 525
Clostridium_sp_M621_gi_283767240_ref_NZ_
1 10226
10798 16410
17503 17560
18242 18301
19731 19888
20607 24491
25202 25343
25514 28329
29193 30702
31285 34314
35020 35680
36248 37253
37873 39876
39996 40474
41152 49696
50453 52636
53032 53150
53493 56553
57103 58564
59219 65256
65905 66847
67403 69671
69739 82934
84374 87670
88485 89163
90130 90598
91254 94169
94949 102409
103625 107475
107992 108827
109559 114597
115350 116091
116856 121917
122530 125905
126424 127602
128561 130420
131437 138791
140046 142101
143715 147192
147942 148076
149098 173179
173821 176880
177516 182231
182867 183822
184447 184856
185437 190960
191504 193082
193657 196686
197279 198204
198749 199409
200409 202038
202548 220526
221438 223660
224343 225824
226669 227551
228970 229411
230020 235927
Clostridium_sp_M621_gi_283767253_ref_NZ_
1 601
Clostridium_sp_M621_gi_283767251_ref_NZ_
1 706
