Clostridium_sp_M621_gi_283767248_ref_NZ_
1 2281
Clostridium_sp_M621_gi_283767245_ref_NZ_
1 36963
37471 43561
44099 48442
49030 57457
58037 60901
61578 68234
68742 69931
70468 71145
Clostridium_sp_M621_gi_283767247_ref_NZ_
1 52
191 3104
Clostridium_sp_M621_gi_283767236_ref_NZ_
1 32214
32733 54722
55245 55815
56558 59721
60284 63414
63977 93711
94219 101199
101774 122282
122802 146463
147099 152230
152746 152843
153406 157787
158367 160586
161505 222160
222744 226017
226642 228222
232804 244987
255399 256929
266161 266310
266974 292678
293133 293494
294012 297511
298315 302268
302805 330310
331034 349059
349565 381715
382282 397794
398164 398252
398414 401839
402378 411271
411899 414338
414963 418569
419344 439462
440303 458393
459017 459962
460496 476680
476949 486040
486563 486617
487222 487638
488181 504012
504611 530511
531269 561222
562040 562667
563278 568070
568609 577955
578556 587311
587976 637808
638747 648183
Clostridium_sp_M621_gi_283767237_ref_NZ_
1 41927
43593 47062
48373 67279
67934 68140
68642 82219
82766 101294
101826 112030
112656 183348
183876 190555
191164 263675
264247 301960
302610 313762
314087 325448
326043 331458
332007 333426
334053 339490
340197 447898
448521 450690
451623 463016
Clostridium_sp_M621_gi_283767260_ref_NZ_
1 485
Clostridium_sp_M621_gi_283767239_ref_NZ_
1 14528
15062 21737
22238 22444
23035 23233
23751 41314
42022 45033
45595 52669
53171 98959
99468 106013
106697 142302
142884 149402
149912 162797
163364 164944
165385 166798
167320 170199
171558 175142
175743 202166
203315 208363
208913 235234
235777 236526
237028 251057
251567 267718
268232 272102
272706 276786
277762 284062
284346 285534
286796 318800
319523 323728
324460 324759
325497 325790
326375 334550
335153 335720
336448 363167
363850 366117
366938 372182
Clostridium_sp_M621_gi_283767254_ref_NZ_
1 556
Clostridium_sp_M621_gi_283767242_ref_NZ_
1 41737
42053 74140
74655 88324
89089 96803
97515 102603
103149 123795
124691 167500
168107 168311
Clostridium_sp_M621_gi_283767241_ref_NZ_
1 2971
3694 69971
70588 79992
80810 81492
82451 82872
83396 98703
99386 137954
138406 172869
173138 173443
173829 192423
192961 205520
Clostridium_sp_M621_gi_283767257_ref_NZ_
1 620
Clostridium_sp_M621_gi_283767238_ref_NZ_
1 18796
18984 21886
22462 23762
24356 51018
51561 94113
94655 96466
97078 109546
110187 113507
114078 137263
137612 206977
207768 213339
213879 225037
225674 239699
240217 274311
275025 278151
278712 279096
279793 294030
294736 294997
295628 308411
308665 325496
326460 346461
347083 352795
353531 366114
366355 370413
370987 388176
388893 404761
405318 412181
Clostridium_sp_M621_gi_283767259_ref_NZ_
1 506
Clostridium_sp_M621_gi_283767244_ref_NZ_
1 21762
22352 26119
26286 58264
58833 63167
63418 93498
94119 123487
Clostridium_sp_M621_gi_283767246_ref_NZ_
1 30658
Clostridium_sp_M621_gi_283767258_ref_NZ_
1 517
Clostridium_sp_M621_gi_283767252_ref_NZ_
1 747
Clostridium_sp_M621_gi_283767250_ref_NZ_
1 881
Clostridium_sp_M621_gi_283767235_ref_NZ_
1 10073
10588 159008
159732 182279
182576 210150
210848 214722
215274 264243
265311 270318
270834 273550
274141 280060
280633 306831
307338 307458
308046 320891
321473 323464
324014 344490
345409 346234
346841 373169
373778 385871
386629 387499
388083 388202
388852 400243
400842 433642
434334 484970
485511 493022
493690 531988
532494 544766
545293 561245
561851 576693
577891 618032
618682 628915
629763 635561
635868 669184
670023 679742
680259 680767
681398 782832
783566 786627
786912 800258
801181 805005
805990 806919
807423 813394
813924 826237
826985 842202
843483 849556
850078 852107
852628 853914
854570 860249
860763 861656
862006 867751
868317 870146
870725 891531
892163 892652
893163 895246
896010 907493
908203 916078
916601 921168
922576 926147
926664 933077
933598 947737
Clostridium_sp_M621_gi_283767243_ref_NZ_
1 17994
18547 20180
21245 46541
47310 53270
53998 73803
74492 84153
84991 101474
101574 102160
102573 116224
116881 121552
122057 139931
140569 142058
142718 146851
147606 151124
Clostridium_sp_M621_gi_283767255_ref_NZ_
1 525
Clostridium_sp_M621_gi_283767249_ref_NZ_
1 1069
Clostridium_sp_M621_gi_283767256_ref_NZ_
1 525
Clostridium_sp_M621_gi_283767240_ref_NZ_
1 16944
17502 17692
18242 40474
41073 49947
50452 58564
59073 65263
65809 66847
67403 69671
69739 83522
84374 87856
88485 108827
109400 116335
116856 122020
122530 173179
173698 184899
185437 196686
197279 210272
210563 227827
228440 235927
Clostridium_sp_M621_gi_283767253_ref_NZ_
1 601
Clostridium_sp_M621_gi_283767251_ref_NZ_
1 706
