Clostridium_sp_M621_gi_283767248_ref_NZ_
1 2281
Clostridium_sp_M621_gi_283767245_ref_NZ_
1 71145
Clostridium_sp_M621_gi_283767247_ref_NZ_
1 3104
Clostridium_sp_M621_gi_283767236_ref_NZ_
1 157787
158110 229462
230104 231233
231912 232258
232798 245488
246265 248488
250381 251135
251912 253505
254385 259268
260161 264927
266093 648183
Clostridium_sp_M621_gi_283767237_ref_NZ_
1 41927
42458 43111
43593 47380
48373 324732
325248 463016
Clostridium_sp_M621_gi_283767260_ref_NZ_
1 485
Clostridium_sp_M621_gi_283767239_ref_NZ_
1 202380
203215 319008
319523 372182
Clostridium_sp_M621_gi_283767254_ref_NZ_
1 556
Clostridium_sp_M621_gi_283767242_ref_NZ_
1 168311
Clostridium_sp_M621_gi_283767241_ref_NZ_
1 205520
Clostridium_sp_M621_gi_283767257_ref_NZ_
1 620
Clostridium_sp_M621_gi_283767238_ref_NZ_
1 390744
391263 412181
Clostridium_sp_M621_gi_283767259_ref_NZ_
1 506
Clostridium_sp_M621_gi_283767244_ref_NZ_
1 123487
Clostridium_sp_M621_gi_283767246_ref_NZ_
1 30658
Clostridium_sp_M621_gi_283767258_ref_NZ_
1 517
Clostridium_sp_M621_gi_283767252_ref_NZ_
1 747
Clostridium_sp_M621_gi_283767250_ref_NZ_
1 881
Clostridium_sp_M621_gi_283767235_ref_NZ_
1 79642
80392 264755
265373 907528
908050 947737
Clostridium_sp_M621_gi_283767243_ref_NZ_
1 151124
Clostridium_sp_M621_gi_283767255_ref_NZ_
1 525
Clostridium_sp_M621_gi_283767249_ref_NZ_
1 1069
Clostridium_sp_M621_gi_283767256_ref_NZ_
1 525
Clostridium_sp_M621_gi_283767240_ref_NZ_
1 16944
17470 196743
197261 235927
Clostridium_sp_M621_gi_283767253_ref_NZ_
1 601
Clostridium_sp_M621_gi_283767251_ref_NZ_
1 706
