Clostridium_sp_M621_gi_283767248_ref_NZ_
1 2281
Clostridium_sp_M621_gi_283767245_ref_NZ_
1 36915
37518 39874
40384 43347
43993 48442
49246 68234
68742 71145
Clostridium_sp_M621_gi_283767247_ref_NZ_
1 52
191 3104
Clostridium_sp_M621_gi_283767236_ref_NZ_
1 19188
19731 40406
40962 52814
53333 54722
55245 55804
56597 59721
60294 63362
63977 93711
94219 104976
105245 106541
107046 122282
122802 146463
147101 149334
149882 152230
152766 157787
158222 160494
161505 226017
226587 228222
232804 244987
255399 256929
266161 266310
266974 285493
286076 286572
287251 296572
297172 297511
298347 330310
331038 349059
349565 363041
363601 410602
411207 411381
411925 414432
414963 418526
419344 424599
424853 439711
440303 440455
441035 458393
459017 459956
460513 486617
487222 498825
499079 527817
528443 530511
531061 554505
554980 561222
561804 568005
568609 577889
578476 586838
587107 587185
587498 637730
638680 648183
Clostridium_sp_M621_gi_283767237_ref_NZ_
1 41927
43593 47062
48373 68140
68786 82264
82830 101294
101828 112030
112702 174244
174489 174894
175527 183348
183876 190501
191164 263750
264259 302071
302633 302951
303463 324408
325311 331042
331700 333351
334010 339490
340197 446967
447216 447898
448521 450690
451623 456222
456857 463016
Clostridium_sp_M621_gi_283767260_ref_NZ_
1 485
Clostridium_sp_M621_gi_283767239_ref_NZ_
1 7400
8049 21692
22310 22444
23035 24816
25321 32911
33431 41314
42022 44939
45595 46938
47480 47823
48335 52669
53171 64418
64979 68478
68982 98903
99468 106308
106866 121645
121847 123174
123688 142257
142771 149402
150008 162797
163364 193229
193433 202166
203315 208318
208913 213913
214423 224113
224208 235234
235777 245609
245801 251057
251665 252153
252707 272191
272726 279215
279358 285501
286796 315253
315898 318800
319583 323795
324460 324833
325497 325937
326500 328036
328540 335720
336448 363167
363850 366117
366955 372182
Clostridium_sp_M621_gi_283767254_ref_NZ_
1 556
Clostridium_sp_M621_gi_283767242_ref_NZ_
1 546
1199 21929
22466 34911
35453 41911
42053 49312
49826 95628
96352 96803
97515 110536
111056 123795
124691 130722
131264 155519
156104 167584
168156 168311
Clostridium_sp_M621_gi_283767241_ref_NZ_
1 8936
9596 70033
70588 74813
75345 80190
80696 81750
82468 89576
90205 98703
99247 129698
129902 170269
170910 173728
174255 192383
192961 205520
Clostridium_sp_M621_gi_283767257_ref_NZ_
1 620
Clostridium_sp_M621_gi_283767238_ref_NZ_
1 17225
17784 21886
22462 44498
44678 51018
51561 64176
64476 69486
70150 94363
94874 96475
97067 109472
110187 113507
114213 127363
127983 172762
173292 206977
207768 213339
213877 225037
225745 233117
233488 274313
274972 278151
278712 279284
279866 293935
294489 346359
347015 352795
353531 370100
370987 385471
385658 388518
389013 390742
391319 402455
403013 406110
406673 412181
Clostridium_sp_M621_gi_283767259_ref_NZ_
1 506
Clostridium_sp_M621_gi_283767244_ref_NZ_
1 21827
22352 58264
58986 63167
63418 65015
65604 77489
78019 93498
94119 100078
100326 113627
114162 116078
116605 123487
Clostridium_sp_M621_gi_283767246_ref_NZ_
1 30658
Clostridium_sp_M621_gi_283767258_ref_NZ_
1 517
Clostridium_sp_M621_gi_283767252_ref_NZ_
1 747
Clostridium_sp_M621_gi_283767250_ref_NZ_
1 881
Clostridium_sp_M621_gi_283767235_ref_NZ_
1 10073
10588 158907
159517 182149
182737 210150
210848 214722
215292 264243
265311 271677
272178 280127
280633 306813
307338 307394
308046 320891
321473 323456
324294 341378
341886 341946
342496 344490
345420 346158
346841 373169
373778 385871
386739 388202
388841 400243
400932 416423
416705 485008
485662 493022
493704 508934
509484 534742
535401 544766
545409 556924
557049 576693
577856 618032
618682 625232
625767 628915
629539 669184
669982 687865
688037 782832
783390 786469
786912 800258
801181 805005
805990 806976
807524 813129
813869 820956
821561 824247
824461 826437
827053 827641
828256 842058
843572 860247
860763 867751
868317 891531
892163 892652
893374 895246
896010 907493
908209 916078
916601 921579
922137 926147
926832 947737
Clostridium_sp_M621_gi_283767243_ref_NZ_
1 20353
21180 35326
35828 46541
47465 53263
53913 65456
66049 70443
70831 73803
74492 84181
84775 108299
108845 121552
122068 139950
140506 142058
142718 147944
148311 151124
Clostridium_sp_M621_gi_283767255_ref_NZ_
1 525
Clostridium_sp_M621_gi_283767249_ref_NZ_
1 1069
Clostridium_sp_M621_gi_283767256_ref_NZ_
1 525
Clostridium_sp_M621_gi_283767240_ref_NZ_
1 16113
16358 16897
17502 17646
18242 49894
50452 53142
53493 83378
84374 87916
88485 102615
103143 122002
122530 127602
128141 148076
148313 183822
184447 196760
197279 223486
223618 223710
224343 229411
229932 235927
Clostridium_sp_M621_gi_283767253_ref_NZ_
1 601
Clostridium_sp_M621_gi_283767251_ref_NZ_
1 706
