Clostridium_nexile_gi_224515079_ref_NZ_
1 990
4441 4792
7188 8285
8768 10360
10651 499550
500311 500385
503909 618974
619560 623206
629510 664133
664910 679416
680259 713260
713556 886638
886753 967674
967941 969322
970802 976475
982812 986069
995172 995238
996465 996740
1001051 1007049
1007897 1425584
1425664 1472871
1474288 1474405
1475306 1477158
1477794 1478278
1478804 1480274
1481735 1484336
1484776 1488563
1488821 1499715
1500037 1501328
1505810 1530107
1530352 1637799
1638095 1673345
1674011 1809588
1811275 1816483
1816581 1822059
1824037 1824696
1828990 1829250
1830092 1832045
1833089 1838772
1841497 1879649
1881156 1934283
1934404 2032321
2032944 2033953
2034681 2035168
2035347 2046418
2047036 2048466
2049217 2066092
2068290 2237899
2238659 2254559
2254694 2306363
2306939 2336504
2337630 2369347
2369879 2374036
2374115 2375615
2376518 2432104
2434858 2435283
2438278 2441190
2444271 2454162
2455109 2455344
2457226 2459700
2459983 2468024
2468626 2468763
2469486 2469636
2474263 2474924
2475084 2475775
2476682 2483699
2483779 2483880
2484638 2490054
2490276 2490346
2490606 2499555
2501837 2522922
2523489 2608809
2609441 2845476
2847200 2854343
2854574 2929704
2929864 2936965
2940129 2940955
2941582 3008758
3009671 3025776
3025857 3123791
3124751 3162459
3164895 3328095
3328684 3427978
3428187 3432109
3433033 3437833
3438941 3463979
3464093 3466686
3466886 3724565
3724642 3922855
3923336 3928159
3928393 3939043
3940437 3944994
3945423 3995282
3995374 3995628
