Clostridium_nexile_gi_224515079_ref_NZ_
1 1157
1731 1835
3929 4792
7188 8407
8768 499545
499716 501377
503893 509800
510785 591030
591547 592713
594282 618974
619388 625133
628482 713360
713582 969322
970141 980911
981829 986069
986695 986811
987519 989934
990828 997087
997795 999138
1000285 1001198
1001891 1058142
1059411 1499715
1500037 1501328
1505810 1809588
1811543 2066490
2068290 2336504
2337603 2363269
2363858 2368529
2369348 2432345
2434609 2434759
2436166 2448351
2448884 2457250
2458653 2461876
2466114 2466978
2471334 2478572
2479464 2481765
2482350 2499555
2502008 2520537
2521798 2535457
2536902 2938813
2939520 2992940
2993051 3162892
3164895 3374726
3375279 3376396
3378032 3453934
3455851 3458626
3459705 3922855
3923327 3995282
3995374 3995628
