Clostridium_nexile_gi_224515079_ref_NZ_
1 1157
1698 1836
3434 3718
4336 5168
6974 499550
500505 500716
500893 501968
502886 503194
503881 623757
627963 628359
629082 969322
970075 980473
981328 989842
990217 990400
990797 990918
991196 991419
991601 1001187
1001980 1055377
1055511 1480330
1480838 1484341
1484428 1484549
1484776 1499715
1500037 1501328
1501432 1501501
1505800 1637891
1638095 1673345
1673638 1809884
1811436 1816851
1816925 1819147
1819762 1819906
1820287 1820606
1820890 1821073
1821561 1821802
1822159 1822487
1822694 1822881
1823304 1826577
1827158 1829612
1830137 1830317
1830445 1832949
1833201 1833341
1833467 1835524
1835658 1837513
1837885 1839741
1840600 1840783
1840932 1844732
1845082 2051634
2051750 2052210
2052415 2052566
2052671 2066092
2066312 2066483
2068290 2073572
2074370 2252668
2253278 2336504
2336926 2369347
2369879 2432548
2434182 2436055
2436638 2436700
2438278 2446751
2446898 2447053
2447357 2447520
2447644 2448597
2449148 2454199
2454314 2454569
2454743 2462552
2463272 2477067
2477227 2477385
2477634 2478240
2478477 2479044
2479592 2482446
2482952 2483358
2484090 2484511
2484638 2499555
2501735 2502050
2502730 2520462
2522156 2533456
2536902 2639426
2639583 2742172
2746775 2747815
2756834 2929704
2929864 2936020
2936191 2938973
2940122 2995614
2995735 3137562
3138107 3163120
3163695 3163932
3164451 3376396
3376693 3385088
3385639 3386029
3386643 3995628
