Clostridium_nexile_gi_224515079_ref_NZ_
1 990
4441 5304
7188 8285
8768 10360
11064 499545
503893 592344
592450 592561
593054 628190
629363 660304
660978 664131
664910 707088
707283 713370
713582 909195
909445 969322
970496 993963
995433 996713
998179 1007100
1007717 1314905
1315464 1472951
1474284 1474495
1475339 1477060
1477794 1478146
1478827 1480261
1481336 1484313
1484776 1486112
1486276 1486723
1487041 1499715
1500037 1501328
1505810 1530107
1530352 1637786
1638326 1673345
1674011 1817924
1824629 1826569
1831037 1837420
1838445 1844239
1845510 2036948
2037851 2051790
2052056 2052144
2052435 2066334
2068290 2237894
2238746 2250198
2254679 2306363
2306939 2336504
2337630 2369347
2369648 2374036
2374112 2375402
2375473 2392484
2392564 2432104
2435455 2435811
2442640 2454162
2454345 2455350
2455826 2465140
2467034 2475811
2476682 2477049
2477459 2478572
2479727 2480909
2481098 2481655
2484638 2499555
2503276 2503547
2504417 2507113
2507700 2519074
2519181 2520064
2522552 2533005
2536902 2845476
2846677 2929704
2929864 2936965
2940129 3008312
3009902 3123516
3124803 3125751
3126595 3128839
3130863 3158680
3158810 3163056
3164895 3379834
3381947 3432196
3433038 3438949
3439484 3482709
3482818 3724566
3724642 3917801
3918066 3922855
3923336 3939087
3940437 3995282
3995374 3995628
