Bacteroides_plebeius_gi_223955903_ref_NZ_
1 83620
84346 115052
115670 153719
Bacteroides_plebeius_gi_223955896_ref_NZ_
1 4306
Bacteroides_plebeius_gi_223955886_ref_NZ_
1 287742
Bacteroides_plebeius_gi_223955887_ref_NZ_
1 508117
508217 508300
523130 570797
570909 571288
Bacteroides_plebeius_gi_223955893_ref_NZ_
1 75457
Bacteroides_plebeius_gi_223955892_ref_NZ_
1 76136
Bacteroides_plebeius_gi_223955894_ref_NZ_
1 123012
Bacteroides_plebeius_gi_223955900_ref_NZ_
1 77652
92196 93247
98001 98625
99098 99601
100402 139054
140627 148376
Bacteroides_plebeius_gi_223955885_ref_NZ_
1 7643
Bacteroides_plebeius_gi_223955902_ref_NZ_
1 5641
7803 13680
15388 18245
22177 71553
73288 73350
78369 83530
90468 365478
368110 374436
378016 378099
379552 379912
381838 382029
383151 383313
384600 384732
385885 386363
388332 722256
Bacteroides_plebeius_gi_223955897_ref_NZ_
1 73775
Bacteroides_plebeius_gi_223955889_ref_NZ_
1 5593
Bacteroides_plebeius_gi_223955899_ref_NZ_
1 100510
115667 126901
132775 192302
Bacteroides_plebeius_gi_223955898_ref_NZ_
1 760260
Bacteroides_plebeius_gi_223955895_ref_NZ_
1 177543
178327 180577
181677 182332
184092 186805
188180 206893
Bacteroides_plebeius_gi_223955890_ref_NZ_
1 336215
Bacteroides_plebeius_gi_223955901_ref_NZ_
1 478534
Bacteroides_plebeius_gi_223955891_ref_NZ_
1 147256
Bacteroides_plebeius_gi_320444482_ref_NZ_
1 51161
