Bacteroides_plebeius_gi_223955903_ref_NZ_
1 153719
Bacteroides_plebeius_gi_223955896_ref_NZ_
1 677
1830 4306
Bacteroides_plebeius_gi_223955886_ref_NZ_
1 287742
Bacteroides_plebeius_gi_223955887_ref_NZ_
1 508116
519263 519771
521041 521745
522842 545084
550224 552308
555179 555422
557967 566866
567705 571288
Bacteroides_plebeius_gi_223955893_ref_NZ_
1 75457
Bacteroides_plebeius_gi_223955892_ref_NZ_
1 76136
Bacteroides_plebeius_gi_223955894_ref_NZ_
1 123012
Bacteroides_plebeius_gi_223955900_ref_NZ_
1 76275
92196 93247
96408 99296
99372 99601
99889 125378
125983 130941
133004 133466
134774 143919
144678 144981
145666 148376
Bacteroides_plebeius_gi_223955885_ref_NZ_
1 7643
Bacteroides_plebeius_gi_223955902_ref_NZ_
1 6051
6753 17485
18024 20563
22109 22708
24180 24461
25465 71197
71316 72156
72287 72483
73285 74101
74427 74643
74950 75335
75670 75817
76181 77429
77953 84602
85045 85230
85498 86055
86708 87791
87942 88094
88331 88503
88653 89036
89604 90056
90263 90443
90563 342226
343512 348315
348896 355220
356367 358428
358973 359646
360234 360358
364854 368568
369380 370506
371132 377460
377636 378197
378506 378712
378887 379121
379263 382038
382165 382329
382523 385829
385935 722256
Bacteroides_plebeius_gi_223955897_ref_NZ_
1 73775
Bacteroides_plebeius_gi_223955889_ref_NZ_
1 5593
Bacteroides_plebeius_gi_223955899_ref_NZ_
1 116591
117144 131856
132590 150947
151460 192302
Bacteroides_plebeius_gi_223955898_ref_NZ_
1 760260
Bacteroides_plebeius_gi_223955895_ref_NZ_
1 206893
Bacteroides_plebeius_gi_223955890_ref_NZ_
1 336215
Bacteroides_plebeius_gi_223955901_ref_NZ_
1 478534
Bacteroides_plebeius_gi_223955891_ref_NZ_
1 147256
Bacteroides_plebeius_gi_320444482_ref_NZ_
1 51161
