Brevibacterium_casei_gi_425736722_ref_NZ_
Brevibacterium_casei_gi_425736709_ref_NZ_
Brevibacterium_casei_gi_425736698_ref_NZ_
Brevibacterium_casei_gi_425734901_ref_NZ_
1 78
36327 36460
108340 108406
227210 227299
228746 229201
Brevibacterium_casei_gi_425736697_ref_NZ_
Brevibacterium_casei_gi_425736678_ref_NZ_
4725 4783
21765 21824
Brevibacterium_casei_gi_425735920_ref_NZ_
10909 10969
14492 14866
99859 100083
114106 114171
Brevibacterium_casei_gi_425736436_ref_NZ_
1 58
7455 7805
9070 9133
17264 17364
59590 59800
71029 71518
Brevibacterium_casei_gi_425736202_ref_NZ_
36692 37075
Brevibacterium_casei_gi_425736108_ref_NZ_
78253 78385
Brevibacterium_casei_gi_425736723_ref_NZ_
627 769
Brevibacterium_casei_gi_425736661_ref_NZ_
1 54
Brevibacterium_casei_gi_425736551_ref_NZ_
1 75
32451 32718
57527 57638
Brevibacterium_casei_gi_425736705_ref_NZ_
Brevibacterium_casei_gi_425736720_ref_NZ_
Brevibacterium_casei_gi_425736715_ref_NZ_
1 76
Brevibacterium_casei_gi_425736706_ref_NZ_
Brevibacterium_casei_gi_425734471_ref_NZ_
Brevibacterium_casei_gi_425736725_ref_NZ_
Brevibacterium_casei_gi_425735657_ref_NZ_
49889 49993
81936 81988
93723 93775
101361 101529
Brevibacterium_casei_gi_425736727_ref_NZ_
Brevibacterium_casei_gi_425736601_ref_NZ_
Brevibacterium_casei_gi_425736731_ref_NZ_
1 533
Brevibacterium_casei_gi_425736701_ref_NZ_
1 77
Brevibacterium_casei_gi_425736724_ref_NZ_
Brevibacterium_casei_gi_425735487_ref_NZ_
6590 6711
26049 26099
66283 66335
98883 99030
178455 178514
199873 199927
200948 200998
Brevibacterium_casei_gi_425735291_ref_NZ_
5031 5172
15194 15301
64428 64507
102072 102130
112091 112542
117694 117761
139953 140007
Brevibacterium_casei_gi_425736726_ref_NZ_
Brevibacterium_casei_gi_425735796_ref_NZ_
1 94
60303 60734
77767 77835
Brevibacterium_casei_gi_425736717_ref_NZ_
Brevibacterium_casei_gi_425736364_ref_NZ_
1 63
52014 52086
Brevibacterium_casei_gi_425736020_ref_NZ_
5207 5261
67636 67698
88409 88463
95799 95848
Brevibacterium_casei_gi_425736638_ref_NZ_
Brevibacterium_casei_gi_425734702_ref_NZ_
1 56
40964 41014
99732 99856
138151 138213
172304 172665
Brevibacterium_casei_gi_425736730_ref_NZ_
Brevibacterium_casei_gi_425736505_ref_NZ_
1 54
18687 18816
57909 57962
Brevibacterium_casei_gi_425736283_ref_NZ_
11891 12001
87843 87899
Brevibacterium_casei_gi_425736712_ref_NZ_
1 61
Brevibacterium_casei_gi_425736719_ref_NZ_
725 808
Brevibacterium_casei_gi_425733473_ref_NZ_
67941 67998
147894 148219
189011 189072
247246 247398
271822 271878
341144 341220
342924 342975
369639 369748
389567 389618
432273 432344
582624 582674
591994 592057
601058 601141
718270 718359
Brevibacterium_casei_gi_425735098_ref_NZ_
62190 62242
77235 77594
123595 123656
130089 130244
159780 159839
202810 203233
227865 228059
Brevibacterium_casei_gi_425736728_ref_NZ_
Brevibacterium_casei_gi_425734199_ref_NZ_
14307 14369
79504 79565
89985 90263
93631 93705
103695 103890
114796 114883
118326 118950
131766 132192
296052 296102
314937 314993
