Brevibacterium_casei_gi_425736722_ref_NZ_
Brevibacterium_casei_gi_425736709_ref_NZ_
Brevibacterium_casei_gi_425736698_ref_NZ_
Brevibacterium_casei_gi_425734901_ref_NZ_
1 195
3625 3704
5022 6446
8158 8569
11696 12333
15199 15534
19842 20087
24736 25055
27911 28162
29187 29776
34708 35124
35910 37460
39050 39421
42481 43708
44893 45477
49111 49177
57003 57052
57600 57891
59548 59715
63709 64459
65287 65763
66390 66698
71699 71869
73488 75561
78567 78652
81060 81581
84085 84173
85974 86414
88070 88154
93503 93760
96622 97367
98630 103448
108256 109120
109974 110059
118485 118902
131585 132008
134687 134856
136352 136417
137614 140904
143188 143349
146949 148616
151239 151810
156879 157083
166527 171842
182100 182231
184094 185438
198659 198791
210160 210798
214891 218061
218857 218972
222510 222609
223382 223476
226464 226555
226718 229201
Brevibacterium_casei_gi_425736697_ref_NZ_
1 257
Brevibacterium_casei_gi_425736678_ref_NZ_
1 143
2025 2093
3430 3551
4725 4783
7303 7772
21765 21824
Brevibacterium_casei_gi_425735920_ref_NZ_
4191 4265
10909 10989
14321 17693
19432 24756
25476 25687
26960 27147
30161 30310
33920 34261
35548 35763
40476 40814
45167 45500
47370 47892
60208 60314
61304 61404
61938 62486
63427 63695
64555 64609
66148 66242
67374 67603
70784 72074
75904 75981
83945 84173
87903 88004
88523 88894
91192 91271
92698 92800
98260 98364
99802 100609
101909 102179
108428 108829
109572 109654
110925 111269
113918 114171
Brevibacterium_casei_gi_425736436_ref_NZ_
1 1865
7455 7805
9064 9133
10033 10175
17178 17364
18972 19262
37550 37895
46313 46515
50457 52163
59144 59800
66690 67636
71029 71518
Brevibacterium_casei_gi_425736202_ref_NZ_
2427 2477
10212 10468
16145 16222
17301 19675
20962 22123
27850 27917
31711 31815
32358 34268
36692 37075
46495 49553
57211 57969
59508 68980
69557 69888
73704 77937
80577 82766
86326 86746
87628 90242
93702 93819
Brevibacterium_casei_gi_425736108_ref_NZ_
1 277
990 1105
2104 2155
6136 6457
8078 8285
13415 13769
18785 20152
21354 22872
30042 30147
33849 34328
37715 38048
44821 45040
47086 47238
51831 52482
54436 54614
56413 56468
61936 62080
65723 66268
76316 76657
78253 78385
79646 80188
83092 83846
86580 86976
87581 87702
94020 94170
Brevibacterium_casei_gi_425736723_ref_NZ_
1 769
Brevibacterium_casei_gi_425736661_ref_NZ_
1 1413
2447 2912
5477 5563
6673 8884
9955 10263
22319 23181
25440 25571
Brevibacterium_casei_gi_425736551_ref_NZ_
1 531
2406 4371
6837 6936
10341 10971
12263 12786
13695 13790
14315 15167
15530 16509
18068 18434
22752 22921
23674 24339
25661 25983
31243 31791
32451 32718
35461 35640
40182 43419
50695 50787
55244 55725
57527 57638
Brevibacterium_casei_gi_425736705_ref_NZ_
725 1422
Brevibacterium_casei_gi_425736720_ref_NZ_
Brevibacterium_casei_gi_425736715_ref_NZ_
1 76
Brevibacterium_casei_gi_425736706_ref_NZ_
1197 1329
Brevibacterium_casei_gi_425734471_ref_NZ_
716 2687
3580 5564
10134 10393
13123 15640
18266 18440
19116 19181
23122 23313
28271 28427
31528 35301
36175 36437
37771 38147
45219 45397
46045 46193
46901 48768
52569 53829
55544 56233
58650 58988
61187 61317
63249 63435
65507 65856
66526 67680
71815 73328
74008 74067
75234 75754
78060 78140
79969 80865
85353 85412
90865 90998
94168 94436
98284 98415
103577 111042
113201 113274
114601 115272
115882 115939
123248 123687
132700 132761
133451 134347
140937 141067
145247 146742
147721 147906
148873 148983
150830 152952
159154 159461
162940 164017
166287 166419
169189 169571
175046 175121
178805 182988
183986 184179
189288 189443
192410 192590
196048 200863
201640 201750
208444 208775
209729 209789
226854 227079
233160 236254
242680 242988
244608 246734
Brevibacterium_casei_gi_425736725_ref_NZ_
Brevibacterium_casei_gi_425735657_ref_NZ_
2123 2258
3646 3738
7441 7841
9791 9919
11759 11837
13899 14659
16195 17951
21161 21260
23969 24420
30353 30469
35234 35308
36007 36196
39369 39722
49843 51105
58157 58249
64957 65441
67380 67924
68626 70661
71691 71794
74545 76191
78076 79425
80255 82219
82783 83673
91517 91647
92238 92749
93723 93775
99561 99613
101361 101529
103259 103354
107693 108152
110302 110421
116885 117127
121935 125588
126839 127256
129104 129588
135819 136095
140861 141496
Brevibacterium_casei_gi_425736727_ref_NZ_
1 563
Brevibacterium_casei_gi_425736601_ref_NZ_
1 379
15672 18808
21790 22204
23564 24191
28772 29927
31607 31692
34965 35060
41752 42599
45323 45714
48148 48679
Brevibacterium_casei_gi_425736731_ref_NZ_
1 533
Brevibacterium_casei_gi_425736701_ref_NZ_
1 221
Brevibacterium_casei_gi_425736724_ref_NZ_
Brevibacterium_casei_gi_425735487_ref_NZ_
665 2258
4078 4189
6590 6711
11417 11572
11804 17617
18197 18503
25637 26099
26904 27211
29699 32712
34160 34880
39311 39534
43541 44406
45628 49043
54004 54452
57839 57898
58573 58813
61739 61831
62738 62816
63769 63885
66283 66335
67279 67459
76273 76543
80575 81338
82653 82815
92137 92221
92801 93072
94816 94884
98883 99106
101867 102024
109213 109814
112114 114871
126123 126415
131619 135586
136279 136449
144603 144871
149998 151736
152438 152867
154578 154831
159113 159304
161260 161320
162310 163295
170696 170893
173361 173802
176333 176524
178038 178514
179800 181069
182877 183637
186535 186597
188224 189863
193105 193274
193676 193792
194393 194453
197331 197494
199015 199071
199870 200022
200761 200998
Brevibacterium_casei_gi_425735291_ref_NZ_
5031 5377
7538 7623
12616 13452
15117 16102
18638 20187
22804 23130
24451 27541
28146 28479
29262 29444
30733 31167
32307 32536
34261 34457
39522 40663
47576 47690
49379 53716
54378 54442
58287 58968
62663 63847
64428 64515
69791 69906
70752 70979
72424 73039
84182 84623
85582 85767
92616 92878
99349 102526
108197 110503
111445 112542
116626 117868
123570 123697
127696 128031
135625 135851
137255 137489
139953 140007
140829 140930
144852 145572
148360 149118
153445 156278
158155 158223
161982 162709
163297 164001
166173 166674
168753 171197
173640 174224
174777 175010
176191 176619
180371 180506
182903 183798
185273 185354
186275 187725
189085 189301
191931 193397
194492 196376
198627 202493
204638 206639
208190 208662
Brevibacterium_casei_gi_425736726_ref_NZ_
Brevibacterium_casei_gi_425735796_ref_NZ_
1 1300
3376 3556
13298 14212
14965 17166
19806 29014
32454 32526
34539 34822
36851 36938
41197 42955
43861 43967
45169 48101
51521 52126
55893 56317
57613 57952
59546 60734
61787 62340
62979 63547
68849 68903
73794 74169
75278 75414
77614 80744
84622 89667
91770 93231
98376 98543
100554 100616
106994 107267
109865 110591
112436 112518
113386 114297
121915 125901
128273 128578
131821 132946
Brevibacterium_casei_gi_425736717_ref_NZ_
1 1088
Brevibacterium_casei_gi_425736364_ref_NZ_
1 63
1959 2049
3943 4519
5148 5489
9873 10294
11606 11721
14015 14653
15378 15826
24906 25121
26545 26947
27936 28064
32017 32260
41903 42178
45017 45208
52014 52086
58651 58736
61380 61513
62330 64344
70308 70580
71774 72066
Brevibacterium_casei_gi_425736020_ref_NZ_
1 2611
5207 5261
12554 12644
16322 16875
18322 18453
21590 24103
24952 25183
31516 34410
39819 41978
42629 42691
47635 49073
54497 54657
57697 58504
61759 61915
62378 62645
63394 63933
67504 67698
70856 74632
76834 77576
78372 78624
80209 80878
80997 81243
86247 86965
87683 87752
88409 88673
89234 89317
91765 94327
95799 95848
96766 99666
100590 100672
103729 103851
107011 107162
Brevibacterium_casei_gi_425736638_ref_NZ_
1527 2218
4164 4256
10722 11041
21732 21976
Brevibacterium_casei_gi_425734702_ref_NZ_
1 513
1183 2011
3354 4076
9060 9152
9974 10251
12823 13042
19102 19174
22850 23081
24655 25210
25797 25881
27834 28116
28813 30060
32765 33016
36092 36203
36508 36582
38434 38604
40257 40424
40964 41079
41860 42099
45023 46473
59535 59597
63064 63929
67923 70389
71181 71304
78561 81133
89307 92119
94305 94360
98341 98430
99732 100409
107890 110337
112935 113685
114834 115516
123398 127269
127951 128331
131362 132310
133624 135395
136612 136846
138151 138863
150743 151172
158681 158814
160703 165147
166168 166308
166853 167016
170187 170297
172304 172665
178207 178465
181079 181187
181875 182090
182716 182774
186022 187291
190277 191925
193484 194158
195513 195579
199215 199665
201411 201570
203461 203805
206762 207111
207685 208253
208819 208869
209998 210099
210673 210766
211894 212050
219811 219957
221792 221875
223228 223370
226410 226488
227439 228200
Brevibacterium_casei_gi_425736730_ref_NZ_
Brevibacterium_casei_gi_425736505_ref_NZ_
1 505
1956 2102
7900 9385
12005 12463
14153 14274
14950 15591
18687 18842
24326 24856
32277 32459
44769 45133
50503 50764
57824 57962
Brevibacterium_casei_gi_425736283_ref_NZ_
5216 5276
11891 12106
13999 14138
15292 16978
22945 25137
27229 27483
31949 32076
32746 32805
41673 41860
42684 47439
53076 53667
57321 57883
63754 64110
65506 65572
76849 77541
78056 78141
83012 83140
87731 87899
Brevibacterium_casei_gi_425736712_ref_NZ_
1 61
Brevibacterium_casei_gi_425736719_ref_NZ_
725 808
Brevibacterium_casei_gi_425733473_ref_NZ_
1 538
1964 3626
6792 7156
10942 11031
11968 12730
14328 14471
15881 16024
17647 20148
22250 22328
34345 34781
35837 36593
39833 40763
41423 41640
45053 45234
47450 48746
52337 52441
57322 57770
60069 60135
64742 66064
67941 67998
70838 71028
72694 72797
82492 82567
86259 86757
87785 88489
89008 89173
90462 91545
98533 99318
110155 110999
113006 113340
115257 115337
118688 119600
124385 125151
126426 126997
128153 128272
128843 129096
130354 130751
133233 133927
135606 136369
140349 146187
147199 147255
147894 148219
150330 151917
159858 160230
161370 161423
167235 167444
168424 168555
169673 169920
170245 171378
172299 172558
183568 183711
184507 185488
186512 186821
187415 187558
189011 189072
190060 192533
202981 205140
206388 208650
218548 218646
223626 224312
225490 225960
227399 229859
232804 233081
243120 243816
247246 249995
255990 257781
258590 258750
259558 260224
261183 261514
263247 263356
263987 264081
271822 271878
274328 276696
281340 281448
295918 299270
308173 308313
320146 320479
327400 327496
328842 328907
329945 330819
334189 336687
341144 341220
342924 342975
343867 343965
345827 346347
349531 350441
352545 354334
356779 356929
361555 361611
363671 366459
369639 369748
370496 373599
375627 375696
379776 379891
381928 382165
386576 386725
389454 389618
393034 393563
396859 397536
398405 399423
400208 400388
406313 407573
408098 408332
415348 416483
421822 422566
423337 423395
425012 425078
426131 426337
427416 427475
428718 428955
430595 430734
432272 432344
441468 441528
442487 442792
444974 445439
451387 452198
453965 454391
455226 455433
460612 460821
466475 470619
474018 475630
476890 477543
485956 488250
491458 491684
492500 493378
493995 496445
498547 498652
499367 500107
501779 502035
513050 513224
514146 514285
514918 515409
521473 521604
522468 523275
527187 527648
529498 529982
531320 531655
535214 541517
549211 549351
553150 554140
558561 558737
560190 560383
562446 563486
565305 565689
570640 575887
576603 577852
578113 578231
581326 581775
582624 582674
585642 589135
591971 592057
593338 599763
600964 601541
604773 605146
606670 607310
610157 610262
616245 616458
618358 618651
623885 624097
626380 626442
626961 630773
633216 633329
635383 636512
637025 637087
640607 641377
644940 645089
651955 652433
657055 657879
658944 659074
661790 661908
665053 665106
669398 669737
675864 678199
680722 680927
690800 691063
693149 693279
695295 695587
697726 698095
699358 700406
700579 701260
704468 704543
708384 708599
717112 718359
721013 721143
724272 727134
729319 730346
732475 732725
738511 738697
738975 739459
742099 742192
743153 743211
745371 746405
749145 749369
750259 750383
756055 756731
758704 759343
760274 762942
765809 765892
767428 767513
770831 770989
771945 772373
774207 774593
776370 776549
778027 778135
783534 783924
785225 785785
792095 792240
794475 794892
795507 795574
Brevibacterium_casei_gi_425735098_ref_NZ_
1 902
2551 2709
6033 6087
8958 9695
11093 11153
14537 14959
17705 20583
22159 22303
23084 23221
25272 25605
27896 30401
36319 36381
37581 37663
44779 45033
51420 52075
61089 61307
62190 62242
62768 63624
68333 68959
70072 70174
70990 71358
72973 74690
76020 76434
77235 77594
78513 78808
79732 80746
82906 83157
89785 89866
91089 91413
92656 92855
96770 96870
98001 98093
101439 101632
103163 103248
110042 110382
113986 114403
123595 126003
127656 127816
129965 130244
130821 131081
139292 139711
146018 146293
147649 147840
149640 149712
151379 152246
159340 159839
166972 167275
171096 172233
177081 177208
178344 178945
179548 179619
181995 182626
183142 183261
183940 184254
187463 187736
190826 190917
195926 196012
196977 197086
198419 201018
201610 201661
202810 203328
208617 209290
213839 214093
218630 218684
223035 223179
223741 223917
226688 228059
Brevibacterium_casei_gi_425736728_ref_NZ_
Brevibacterium_casei_gi_425734199_ref_NZ_
1 1414
4475 4660
7077 7210
13713 14369
15163 15421
16999 17063
20539 20767
24604 24949
30322 30470
31089 31247
35945 36113
45514 45666
48600 49035
50099 50289
55204 55338
61466 61551
62300 62487
64409 64498
65651 65897
66739 67183
70597 70851
71569 71727
73073 74239
76956 77066
79288 79565
85368 85447
88717 88788
89985 90915
91568 91815
93189 93705
95949 96413
98121 98173
100588 101121
103633 104021
105128 106348
108075 110407
114796 114883
115689 115744
117372 119033
120066 120137
120688 120757
131766 132192
136838 136998
142906 143244
144207 144262
154472 154703
165748 165924
166666 166743
168450 169123
187750 188356
196020 198451
201397 201795
203194 203511
209555 209654
211648 211940
215153 215986
219077 219248
231065 231433
232284 232385
233546 237384
240335 240556
243183 243607
247905 248019
248955 249775
252558 253098
257818 258399
262186 262272
266699 266805
269214 269762
271873 271983
279884 280047
282480 282615
287848 288008
289375 289743
292416 296102
303524 304236
304840 304954
309922 310212
312344 314405
314937 314993
