Brevibacterium_casei_gi_425736722_ref_NZ_
728 795
Brevibacterium_casei_gi_425736709_ref_NZ_
1 603
1192 1276
Brevibacterium_casei_gi_425736698_ref_NZ_
1 1981
Brevibacterium_casei_gi_425734901_ref_NZ_
1 857
3604 5177
5975 7161
9082 9304
10612 10739
12494 12605
14322 15222
16448 16907
18247 18454
19396 21219
23685 23815
24817 25548
26289 26711
27609 28824
29563 30551
31848 32319
33011 33101
33797 34135
34643 35184
35805 38100
38978 39473
41970 43575
44310 44372
44988 45094
48941 49254
50410 50726
52935 53647
54634 54703
55266 55335
56022 56247
56977 57147
57778 58517
59519 59719
61104 61509
63596 64475
65273 65804
66308 67749
69189 69311
69824 69891
70502 72603
73142 73410
75451 76059
76656 77538
78323 79078
80768 81418
84085 84799
85985 86455
87495 88084
88644 89312
90218 90272
91397 91949
92755 93779
95134 95210
95993 96526
97213 97868
98626 98776
101688 102099
103466 104569
106771 107242
107745 109215
109980 110526
112422 112961
114240 114961
116234 116657
117186 117881
118445 118882
119491 119640
120216 120596
123316 123403
124536 125792
126664 127024
127601 128042
130871 131048
131585 134007
135009 135350
136199 137332
138265 138791
141889 141973
143188 143757
144614 145446
146949 147551
148141 148631
149744 150301
151058 153082
156176 156367
156903 157338
157898 158083
159502 159724
162404 163630
164157 164220
166350 166906
167526 167626
168865 169800
171625 171842
173626 174231
174781 174939
179424 179740
180658 181315
181862 182603
184073 185514
186150 187451
191475 191536
192889 194044
196907 197060
198624 198791
201287 201618
202748 204080
205981 206618
207566 208092
210145 213221
213890 214334
216023 216558
218504 219114
219656 219809
222500 222844
223362 223482
226008 227329
228648 229201
Brevibacterium_casei_gi_425736697_ref_NZ_
1 1248
1985 2202
Brevibacterium_casei_gi_425736678_ref_NZ_
1 143
3012 3602
4474 4985
5578 5905
7288 8212
10262 11123
11653 13000
14103 17061
17832 18316
19417 19468
21750 21824
Brevibacterium_casei_gi_425735920_ref_NZ_
1 115
924 2783
3475 4865
5541 5595
6194 6765
7409 7647
8701 9708
10856 11403
12344 12634
13338 13787
14300 15330
17367 17451
18576 19779
21568 21718
23654 25753
26272 27325
27882 27980
28836 30259
31034 31089
31877 32302
33732 34880
35452 35829
37210 38128
39195 40756
42556 43845
45149 46316
47344 48003
48711 48812
50539 51004
51674 51747
52979 54171
54853 55080
55641 55784
56651 56781
57455 58102
59562 60412
60972 63601
64106 64715
66358 66550
67566 68209
70678 73646
75870 76039
77403 77926
82065 82228
83865 83956
87668 88894
89762 89907
90597 92833
93795 94018
95245 95830
97543 98441
99525 100601
101902 102675
103413 103470
104681 105425
106878 109698
110773 111334
112348 112598
113565 114171
Brevibacterium_casei_gi_425736436_ref_NZ_
1 98
719 2271
4958 5444
6076 8247
9056 9173
9854 10208
10932 11184
13337 13442
14412 14830
15408 15492
16394 16461
17223 17379
18044 20633
21719 22696
23408 24401
25152 25923
26535 26595
28673 29126
29852 30257
31814 33384
35118 35454
36270 36373
36994 38188
39904 42046
42947 43254
43924 44297
45453 45739
46331 46467
47029 47640
48389 48848
52809 53229
54565 55947
57017 57088
58393 60304
60962 62179
64763 67855
69165 69497
71017 71518
Brevibacterium_casei_gi_425736202_ref_NZ_
1 93
4524 5346
6169 6436
7453 7889
10212 11256
13699 15574
16116 16247
17221 17320
18353 18638
19502 19852
20863 21038
21930 22132
22744 23074
24374 25030
26053 26116
27814 27908
29691 31718
32516 33258
34172 34385
34952 35300
36657 37999
39635 40057
41569 42846
43934 44242
46095 46562
47219 47515
48790 49636
50419 50862
53835 54829
56237 56292
57112 59672
60218 60300
61953 62981
63565 66128
67122 67509
68442 69995
70812 71321
73606 73961
74476 75042
76187 77014
77895 79330
80541 81108
81620 83853
84451 84755
85275 85747
86326 87746
90026 90361
91148 91497
92548 92750
93684 93862
95172 95234
Brevibacterium_casei_gi_425736108_ref_NZ_
1 167
844 1105
2079 2525
6115 6414
7874 8486
9427 9536
11541 15792
17331 18108
18700 18812
19750 20735
21326 22899
27320 28475
29082 29451
30144 30207
32695 32925
33844 34370
34953 35486
37620 38534
39286 39469
42257 43744
44665 45757
46711 48279
49812 50421
51795 52221
53814 54690
56119 57270
61227 62475
62987 63664
64308 64416
65693 66518
71042 71519
72170 72470
73189 73709
74288 74357
74909 75052
76352 76727
78105 78403
79516 82444
83115 84192
85523 85905
86441 86998
88421 88479
89180 89580
90161 90277
91055 93456
93987 94100
96048 96480
98058 98108
Brevibacterium_casei_gi_425736723_ref_NZ_
1 769
Brevibacterium_casei_gi_425736661_ref_NZ_
1 72
2769 3084
5367 5570
6607 6740
8576 9043
9905 10022
11752 11961
13294 13547
15128 15213
16100 16335
17232 17643
20576 21063
22399 22982
23831 24543
25353 25571
Brevibacterium_casei_gi_425736551_ref_NZ_
1 1358
2004 2516
4814 5684
6892 7200
9850 11022
12324 14348
15048 15229
16047 16760
18197 19028
21150 21979
22805 22922
23459 26973
28743 29048
30335 31793
32342 33217
35349 35743
36572 36671
39147 39633
40168 42576
43489 45832
48579 48788
50159 50213
50770 51615
55244 55760
56518 56621
57520 57638
Brevibacterium_casei_gi_425736705_ref_NZ_
1 1422
Brevibacterium_casei_gi_425736720_ref_NZ_
1 78
Brevibacterium_casei_gi_425736715_ref_NZ_
1 84
Brevibacterium_casei_gi_425736706_ref_NZ_
1 1329
Brevibacterium_casei_gi_425734471_ref_NZ_
1 4298
5242 5715
8729 8830
10365 10472
10975 11336
11941 12338
12989 13087
13771 14307
15581 15640
18223 18443
19150 19253
20049 20537
21136 21614
22528 23542
24569 25502
27253 27338
28150 28676
29525 29581
31527 33020
34723 36313
36920 37250
37770 38319
39272 39868
42565 43051
44404 46418
47597 47968
48610 49490
50224 50360
50991 53085
54970 55148
55657 55706
56300 56432
57011 57388
58609 58969
60001 61402
63159 64152
65031 65999
66526 66588
67268 67668
68420 69327
70460 71125
72007 76994
78035 78237
79763 81120
84125 85465
86072 86141
87026 88925
90765 91099
93326 94457
95009 95581
96877 97772
98288 98958
100050 100138
101556 102222
102757 103776
108719 108962
109563 109626
110381 110881
113208 113367
114479 114918
115686 116035
118237 118499
120056 120653
122547 125061
126331 127108
128105 129092
130450 130725
131668 132877
133431 134797
135298 135401
136165 136506
138406 139128
140936 141067
141981 142039
143697 143988
144814 147256
147912 149734
150830 151625
152286 152892
153642 154109
154956 156396
158606 159688
160512 161685
162401 163563
166062 166737
167328 167649
169166 172247
175035 175569
176258 176312
176887 178204
181131 181813
182665 183049
183697 184267
185247 185532
186327 186929
188558 188694
189844 190864
191365 192578
193361 193806
195369 195564
199081 200870
201648 201847
204029 204275
205312 205392
206428 206768
208454 208536
209461 211437
212029 212100
212687 213551
214114 214620
215776 216127
218246 218434
219063 219708
220246 220624
222963 223313
223976 225327
226835 226891
227486 228035
229875 230122
230825 232001
232691 233475
234452 234944
236134 236256
237017 237110
238322 238500
240726 241591
242548 242988
244067 244983
245603 246718
249166 249579
251513 252392
253465 253516
255232 255318
256905 256976
258473 258879
259672 260107
260777 261128
261909 262642
263365 263913
Brevibacterium_casei_gi_425736725_ref_NZ_
1 586
Brevibacterium_casei_gi_425735657_ref_NZ_
1 58
1348 1482
2052 3021
3713 3763
4618 5512
6044 8105
8758 8874
9496 10747
11254 11914
13268 14712
16219 16270
17411 17984
19312 19765
20416 21614
23960 25343
25890 26750
29343 29658
30301 30505
31631 31937
32780 35325
35939 37792
43444 43786
44940 45469
46019 47013
47583 48452
49804 52395
53382 53561
59091 59231
59990 60534
61240 61955
63138 64032
64942 67377
68025 69065
69614 70698
71548 71875
73503 73569
74634 76220
77279 77782
78495 78941
80651 83711
84585 84657
86182 86331
86950 88356
89104 89590
92238 93862
94368 94701
96961 97172
99561 99641
100634 101712
102475 103082
103760 104286
105338 105427
107785 108344
112357 112861
113739 113960
114579 115437
116978 117940
118566 118659
119271 120881
121835 122835
125093 125600
126395 127187
129508 129663
130266 130780
131824 132225
132995 133554
134837 136205
138031 138338
141429 141496
Brevibacterium_casei_gi_425736727_ref_NZ_
1 563
Brevibacterium_casei_gi_425736601_ref_NZ_
1 1178
1765 3214
5027 5390
8279 9131
10309 10644
12400 13037
13924 16185
16927 17193
18451 18572
21707 22284
23318 26012
26503 26613
28373 28769
29580 29635
30166 30393
31201 31680
32279 33170
34627 34864
37027 38045
39230 41118
41734 43208
43807 44222
44838 45715
46597 47411
48124 48784
49612 49848
Brevibacterium_casei_gi_425736731_ref_NZ_
1 533
Brevibacterium_casei_gi_425736701_ref_NZ_
1 265
1157 1656
Brevibacterium_casei_gi_425736724_ref_NZ_
Brevibacterium_casei_gi_425735487_ref_NZ_
1612 2867
3399 4942
5567 8436
10538 10684
11817 13083
13963 14191
15264 15347
17040 19115
19724 20002
21161 21459
22900 23872
25227 26373
26888 27211
28266 28379
29184 29716
30432 31201
32636 34223
34803 35462
36143 36250
36908 37126
37703 38482
39306 40258
40795 41213
42481 42847
43449 44784
45579 46282
47106 47663
48815 48949
49563 49673
50999 51295
52000 52065
53465 54541
55106 56980
57821 57925
58484 58916
59540 59823
60642 62934
64096 64622
66236 66351
67199 67406
70852 71616
73769 75278
76270 76543
77393 77449
78416 78994
79563 81367
82008 83186
83820 84408
85244 85760
86380 86616
87299 87360
88610 90974
92218 93159
94171 95850
96397 96485
98880 99163
100399 100467
100977 101115
101860 102027
104387 104533
105280 105333
105842 105956
106685 107817
109393 109845
112232 112740
113647 114949
115929 116720
120491 121146
121950 122137
123032 123440
124807 124898
125535 127349
127945 128360
128952 129069
130855 132317
135255 135575
137272 137592
139343 139688
140878 141454
144599 145061
146289 147523
148787 148868
149953 150440
151366 153842
154444 155234
156663 156876
158374 158470
159022 159207
161297 161741
162310 164579
165725 167279
168187 168493
169059 169249
170255 171351
173356 174940
176185 176570
177683 178734
179793 179910
180822 181836
183289 183914
185138 185446
186530 186597
188119 188791
189419 189981
191512 191816
192359 193874
194396 194970
195846 196291
197475 197543
198619 200998
Brevibacterium_casei_gi_425735291_ref_NZ_
1 1429
4022 4471
4993 5380
6345 6992
7515 8338
9019 11597
12669 14391
15132 16103
19974 20030
20662 20848
21397 24546
27576 27674
28262 28621
29235 31214
31840 32644
33158 33581
34428 35067
35588 36086
37519 38630
39547 40224
40864 41802
42950 43355
44682 46938
47686 48243
48964 49037
51378 51863
52524 52619
53355 54927
56928 57704
58287 58995
59560 59823
62663 63064
63797 66802
67939 69928
70807 70872
71862 75412
79418 79806
81430 81481
82185 83497
84005 84783
85450 86588
87456 87545
90647 93937
95979 96256
97329 98061
98747 99665
100174 100550
101791 103668
104182 105024
107610 108228
108835 108916
110446 113419
114268 115284
116612 116921
117671 117868
119865 119943
121183 122568
123641 124592
126320 128123
131623 131913
133751 134122
134853 136568
137215 137744
139656 140330
140935 142422
145451 145665
147820 149172
152183 152605
153445 154027
155361 155455
155988 157096
158155 158677
160416 161268
161804 162002
162536 162672
163297 164022
164618 165401
166085 167545
168134 169421
170432 171250
173225 174314
175076 177597
179135 179250
180700 181000
181556 183190
183800 183871
185354 185625
186270 189650
191825 193069
194462 195552
196201 197000
197866 199617
200923 201845
204154 205088
206268 206678
209422 209647
210715 210818
212352 212436
214441 215052
Brevibacterium_casei_gi_425736726_ref_NZ_
Brevibacterium_casei_gi_425735796_ref_NZ_
1 123
3107 4059
4561 4620
7732 7842
9027 9335
10193 10407
10982 11941
12674 13337
13974 14338
14858 15661
16517 17179
18006 18151
19378 21633
23302 23400
24342 24632
26814 27041
28048 28405
28978 29408
30721 31281
32340 32639
33142 35428
36448 36931
37917 38044
40816 41209
41900 42985
43889 44122
46240 46752
48012 48112
49440 49590
53266 54366
54960 56530
57612 57853
58406 60788
61766 64858
65439 65558
67721 68030
68970 69606
71939 72522
73523 74234
75364 75431
76104 76625
77382 78464
79943 81034
82437 82803
83566 83704
84206 85288
85979 86385
87924 88066
89163 90081
91170 92338
93199 93394
94808 95549
96061 96419
96925 98995
102072 102826
103579 104565
106829 107448
107982 108585
109625 110813
111754 112559
113115 114675
115320 115828
116603 117579
118792 119087
119771 119896
121183 122086
123007 123832
126460 126596
127436 128654
129148 130551
131535 132946
Brevibacterium_casei_gi_425736717_ref_NZ_
1 1088
Brevibacterium_casei_gi_425736364_ref_NZ_
1 95
1906 3036
3645 6879
8896 9092
9889 10328
11598 11728
12279 13035
13697 15704
16379 16730
17272 17415
18894 20219
21134 22750
24474 25216
26534 27082
27901 28064
28568 29276
30886 31310
31971 32795
33452 34145
39250 39842
40958 41123
41631 42543
43133 43213
43994 44254
45079 47109
48388 48699
49216 49882
51441 52117
53016 53369
54540 55670
56468 57689
58651 59480
60008 60110
61373 64789
67003 67057
70079 70605
71284 72066
Brevibacterium_casei_gi_425736020_ref_NZ_
1 1064
3148 3784
5156 8084
11388 11999
12543 12644
13827 13897
15917 17073
17673 18571
20075 20159
20718 20891
23722 24331
26015 26825
28011 28210
30346 30614
33912 34410
37745 37844
38754 39749
40381 40723
41737 42005
42531 43075
43681 43993
44718 44874
47321 48387
50087 50438
51973 53658
54491 55471
57416 58024
59989 68804
70441 71671
74592 75057
76760 77144
77674 77804
78589 79170
79710 81039
82749 82815
83338 83472
85078 85611
86366 86656
87373 87680
88404 88709
89216 89294
90586 90937
91669 91934
93732 94413
95750 95924
96897 97201
99188 99666
100490 100986
102813 103025
103718 104304
105568 105934
106536 107162
Brevibacterium_casei_gi_425736638_ref_NZ_
1 422
1330 2315
4164 5307
6373 6465
7602 7675
8541 8913
9949 10187
11034 12193
14567 15283
16328 16943
17517 17896
19077 19143
19669 19769
21369 21993
22929 23099
23661 23775
25093 26558
27103 27998
Brevibacterium_casei_gi_425734702_ref_NZ_
1 554
1188 2058
3228 4808
5665 6246
9098 10037
10802 11065
11905 12183
12715 14293
17101 17174
18504 19554
20342 20998
21501 22595
23177 23550
24052 25473
26797 26864
27522 28146
29061 29284
29895 30060
31352 31809
32662 33198
36029 38498
39247 39532
40159 41258
41828 42955
43556 45158
45888 46979
47914 48556
49313 49508
50677 50930
51493 51561
52185 52536
53227 55071
55825 56236
58761 59450
60535 61141
63092 64445
65850 65942
66618 67050
67641 67717
70278 71343
72627 72796
73468 74045
79444 80052
80962 81157
81742 82167
85185 86126
87550 88330
89294 89827
90487 91443
93823 94321
95863 96944
97505 100158
100707 101719
102586 103518
104230 104887
105428 105753
107721 107933
108577 109121
109785 111384
112935 115129
118010 118611
119412 119821
120848 123599
126426 127300
127951 128359
129756 130192
132097 132788
133352 133722
134254 134687
135210 137438
138062 138926
139994 140099
141755 142049
144152 144601
145931 146975
148526 148964
150916 151846
152694 152752
153628 154774
156232 156330
157106 159984
161549 163436
164312 165024
166270 167968
168874 169144
169730 170225
170932 171047
171616 174066
174630 174716
176077 176161
176734 177079
178025 178465
179184 179872
180420 182928
184184 184275
185100 186115
186946 187014
188891 190722
191459 192975
194016 194852
195459 195876
198198 198315
198934 199672
200422 202107
202984 203858
205494 205908
206952 208194
208731 209095
209980 210720
211726 212003
212996 213055
213558 213648
215895 216480
218106 218221
219458 219957
221067 221167
223216 223467
224643 225259
226070 226994
227789 230275
230788 231375
232048 232113
Brevibacterium_casei_gi_425736730_ref_NZ_
1 539
Brevibacterium_casei_gi_425736505_ref_NZ_
1 609
1426 4326
4982 5058
6708 7924
8586 9534
10706 12468
14212 16087
16611 17322
18186 19163
21149 23459
24296 24918
25720 26723
28166 28249
29466 29593
30593 32459
33007 33243
34235 34501
36929 37611
39497 39757
40740 41634
43411 43460
45920 46500
47141 47814
49320 50582
51784 51860
54426 54972
56425 57962
Brevibacterium_casei_gi_425736283_ref_NZ_
1 93
3270 4421
5312 6247
7848 7929
8992 9229
11794 13209
13793 14385
15278 15773
16383 17129
19840 21149
22864 22946
23663 23784
24718 25171
27103 29214
29732 30580
31866 32955
36388 36670
37669 37778
39124 40024
41237 41873
42667 43263
45096 46208
47381 47756
49821 50230
51575 51884
53033 53472
54304 54423
55068 57341
57867 57978
59414 59504
60081 60212
60905 60993
62102 62344
63554 64341
65061 65795
68387 68488
70253 70790
71592 71968
72481 74014
75651 75730
76407 78147
79772 80036
80745 81835
82575 83447
83962 84348
85442 85642
87074 87899
Brevibacterium_casei_gi_425736712_ref_NZ_
1 82
1045 1227
Brevibacterium_casei_gi_425736719_ref_NZ_
712 808
Brevibacterium_casei_gi_425733473_ref_NZ_
1 1053
1677 2214
5420 6196
6767 7282
8287 9379
10940 11098
11980 12945
15376 16065
18218 18698
20080 20951
21728 22570
24049 24806
26569 26773
27734 28026
31070 31189
32934 33454
34186 34817
35452 36266
38717 41462
43400 43511
44440 46288
46891 47671
48522 49137
50738 51007
52041 52746
54915 55007
55544 55594
57023 58025
60069 60143
61256 61459
63387 63587
64665 66104
67027 67179
67883 68035
70531 70996
72643 72797
73673 73836
74901 76859
79038 79169
80313 80401
81079 83065
84468 84571
86290 87123
88111 89033
90375 91702
92958 93053
93916 94407
96134 96599
97534 98796
99382 100391
102181 103686
105726 106442
107276 108066
108663 108944
110050 112129
113010 113309
114373 114446
115120 115525
116155 116752
117809 118376
119129 119753
122513 123635
124405 125183
126387 127241
128019 128304
128814 130689
131471 134414
135520 136621
137141 138329
139399 139594
140320 140369
140963 141563
142474 142814
144212 145290
145831 146240
147127 148252
150274 150676
151791 152129
152777 153001
153964 154114
154979 155684
157239 157367
158371 158510
159152 160737
161413 161747
162521 163025
165449 166215
168451 168942
169566 169712
170365 170435
171000 173013
175433 175506
176606 176782
177861 178297
179104 179767
180494 181828
183551 183816
184420 185894
186719 188441
188974 189431
190055 190548
191077 192078
192953 193350
194068 194191
195212 195540
196211 196464
197344 197515
198854 199400
200346 202416
202959 203368
204004 205183
206387 206851
209547 209909
212493 215137
215681 215928
217535 218684
219207 219297
220312 220623
223672 224838
225480 226059
227399 227471
229419 229871
230926 231988
233001 233100
234677 235267
235921 236550
238257 238396
240214 240908
241688 242315
243075 244172
245016 245527
246236 247520
248386 250307
252751 252963
255635 256945
257596 260191
260710 261515
262080 262543
263194 263269
264015 264634
265557 266421
266951 267309
268310 268436
270104 272806
273388 274275
274913 275421
276469 277309
278461 279386
280659 282168
284331 285841
286827 287353
288468 289050
289911 290501
291962 292153
294314 296181
296977 297992
298985 299972
300495 300575
303083 303231
306025 307267
308353 308620
310014 311762
312289 312456
313788 314227
315069 315366
318310 318400
321442 321804
323093 323577
325210 325353
328277 328907
330783 330898
333596 333651
334180 334268
335865 336179
337738 337808
340268 340512
341066 341241
342889 342986
343663 344277
345830 347496
348177 348380
349092 350068
350920 351154
351723 352684
353613 353784
354290 355467
356742 356856
357653 357753
358973 359093
361555 362649
363434 363932
364491 364742
366072 367102
367867 367917
368799 369023
369619 369845
370734 371047
371614 371975
372845 372901
373405 373751
374342 374582
375445 375711
376259 378480
379173 380077
380975 381077
381798 382002
382543 383914
384855 384987
387491 387541
389392 390286
391165 391862
393039 394424
396262 397546
398104 399503
400061 400413
401675 401955
403914 404306
405141 408363
410217 410313
412220 412867
413664 415268
416142 416483
417544 418736
419738 420580
421344 423397
424074 425078
426382 426787
427331 427577
428707 431120
431738 433013
433847 434045
435496 435771
436491 437326
437920 438565
439142 439731
440402 444387
445252 445470
446587 447833
448501 448593
449397 449733
451358 452717
456953 457020
457790 458021
459031 459115
460738 461184
463316 464386
465010 467233
468339 469984
470539 470657
471290 471364
472667 474282
474998 475665
476453 477791
478544 479277
479780 480006
480592 481921
485457 488316
491262 491686
492198 494548
495342 496450
498454 498744
499376 500859
501749 503122
503986 504098
504879 505911
510029 510502
511333 512492
513057 513316
514136 514315
514900 515409
515933 516859
517380 518370
518961 519547
520257 520781
521411 521600
522300 523256
523763 525750
526701 527656
529081 530065
531335 532137
532868 532934
533776 536969
537703 538555
539776 541383
544409 547104
547848 548105
549088 549382
550988 555242
556833 556940
558622 558737
559304 559588
560192 561282
562453 562651
564108 564748
565334 566097
567129 567620
569445 571046
573275 573395
575931 576018
576606 579189
581385 582042
582612 582854
583914 584237
585610 586107
586814 586887
587674 590671
591348 592075
593755 594370
595077 595820
596582 596886
598919 599172
600911 601814
603038 603357
604149 605131
608978 609126
610656 611031
611600 612396
613703 615560
616763 616970
617479 617922
618604 618752
619287 619962
620581 621226
621880 622159
622715 622806
623576 624348
625050 627062
628379 628441
629777 630184
630716 630773
632963 633175
634318 634473
635042 635393
635912 637256
638035 638364
639511 642089
645057 645503
646147 646887
648410 649103
649654 650295
651945 652623
653635 653972
654484 654794
656711 657051
657591 657970
658951 659010
661312 662814
665025 665131
666398 666470
667412 667779
668359 668783
669391 669793
672285 672659
674697 674986
675690 675927
676582 676850
678297 678935
679667 680848
686388 686539
687343 687769
688540 689269
689851 690320
691146 691215
691835 693999
695275 695681
697624 699475
700369 702097
702657 703728
704350 704543
706858 707142
708092 708438
712005 713343
713973 714413
715183 715877
716904 718362
718985 719403
720330 721844
722572 723445
724226 724945
725562 726218
726786 730349
730929 731352
732474 733126
735706 735918
738957 739531
740742 741081
742006 742192
745296 746618
748403 750322
752756 753195
755696 756731
758598 760763
761331 761413
763937 764657
765775 765895
768629 768886
770361 770891
771645 772939
773529 775102
775886 776552
778733 779556
780650 780933
781460 782347
783634 784205
785566 785834
786357 786577
787205 787938
791027 792312
794852 794907
Brevibacterium_casei_gi_425735098_ref_NZ_
1 1120
1996 3131
4747 6112
7440 7590
8134 11257
12236 12463
13056 13416
14377 14699
16927 17684
18271 18679
19899 20749
21260 21614
22136 23303
25341 26043
28274 29595
30322 30830
31537 31648
33947 34424
35519 38043
38674 40437
42444 42705
44132 44192
44702 45045
45709 46035
46670 47589
49231 49328
50180 50571
51357 53364
55236 55658
56208 56812
57735 58643
60653 60737
61681 63617
64394 64483
65307 65440
66951 67498
68604 69375
71169 71508
72461 73281
75291 75382
76114 78585
79089 80803
81368 82177
82830 83165
83879 85131
89530 90279
91117 91562
92286 92779
96657 97073
98103 100163
100716 101617
102859 103276
105212 106046
109971 110414
111687 111929
113687 115463
116863 117431
119253 119685
120634 120801
121508 121960
123544 123685
124454 124643
125425 128205
129246 131080
131621 132094
133542 134571
136176 136230
137042 137332
137911 138218
139685 140026
141329 142005
143247 143393
146360 147310
151367 151681
155339 155408
156375 157622
158131 158575
159331 160893
163055 164032
164600 166014
167095 167386
168249 168864
169472 170068
170950 172289
173625 174039
176110 176453
177062 177220
178257 178543
179548 179668
181927 184255
184990 185331
186435 188230
190932 191333
193713 193795
195104 195508
196840 196974
198064 198550
200893 200987
201610 201797
202794 203328
204055 204162
204701 205438
207400 207496
208023 208110
208857 209319
210828 213332
214045 214674
217435 217822
218542 218778
219774 219940
220683 221360
222732 223925
226585 226858
227387 228093
228903 228963
Brevibacterium_casei_gi_425736728_ref_NZ_
1 553
Brevibacterium_casei_gi_425734199_ref_NZ_
1 2463
2978 3028
4357 5687
6282 7650
8986 9469
11788 12385
13736 14440
15044 15168
16147 17571
18370 18511
19673 21029
22313 23078
24471 25037
25858 25926
26542 26652
27209 31504
32119 32726
34399 34458
35610 36570
38431 38605
39616 39714
40673 40981
42304 42657
43218 45555
48474 49332
50159 50277
52573 53105
53614 53740
54396 55978
57821 58195
58792 59700
61224 61570
62212 62487
63600 64514
65803 66535
67042 67207
67805 68411
68961 69733
70486 70993
71511 71778
72419 73082
74043 75140
77009 78260
79241 79830
80459 80906
81667 81734
82378 83958
85425 86144
86976 87292
89235 90916
91516 92391
92983 93888
95177 96706
98699 99983
100954 101525
102252 104427
106266 106492
108044 109185
111056 111156
111881 112464
113503 113873
114716 114917
115600 115748
117360 117643
118243 119114
120050 120757
121456 121539
124965 125061
126549 127670
128910 128988
129515 129968
130686 130815
131650 132701
133613 133670
136799 137081
139386 141454
142094 142358
143172 144277
145892 146311
148373 149025
150726 150777
151301 152478
154454 154730
156014 158050
158559 160690
161238 161369
161972 162101
162986 163393
164858 165013
165748 165865
166428 166576
168252 169855
171035 171255
171994 173132
174156 174329
175444 175595
176269 176547
177761 178358
179916 180622
181958 182834
184230 185777
187750 188877
190847 191167
191732 192616
193302 193388
193988 194138
195030 196102
197435 198537
199221 199292
200324 200617
201206 203544
204161 204741
205398 205469
206291 207167
209479 210137
211205 212648
214747 215722
217179 218016
219046 219283
220381 220997
225228 225922
226528 226862
228531 228924
229684 230026
231265 232472
233055 233109
234319 235252
236162 236641
237377 237440
238072 239420
239945 240566
241210 242113
242827 243690
244284 244549
245939 246378
247854 250570
251203 251319
252113 253586
254113 255642
256295 256503
257459 259639
260321 260935
262042 262544
264528 264606
265935 266074
266666 266758
267594 268141
269717 272017
272564 273473
274880 276197
276832 277076
277981 278031
278751 279117
284576 284663
285264 285330
285870 288805
289415 289536
290581 291009
292058 293126
294638 296108
300497 301217
301788 302628
303430 305713
307323 308196
308971 310212
312346 312958
314019 314993
