Brevibacterium_casei_gi_425736722_ref_NZ_
Brevibacterium_casei_gi_425736709_ref_NZ_
Brevibacterium_casei_gi_425736698_ref_NZ_
Brevibacterium_casei_gi_425734901_ref_NZ_
1 169
3629 3816
4409 5161
10663 14554
16463 16812
23718 23789
24817 25039
27500 27615
34824 35814
36327 36581
42481 44849
57665 58486
59548 59703
61170 61468
63744 64455
65312 65763
75482 75928
77469 78642
84113 84173
86004 86366
90828 91190
91728 91944
93674 93760
97241 97379
108312 109135
124624 125405
131730 131928
136409 137157
142445 143349
148223 148616
157084 158081
164743 166841
173738 174224
178395 180640
184700 184782
201394 201605
216045 216533
223381 225332
226017 226457
227129 227299
228746 229201
Brevibacterium_casei_gi_425736697_ref_NZ_
1 351
969 1234
1757 2179
Brevibacterium_casei_gi_425736678_ref_NZ_
4725 4785
7303 9288
12291 12345
14571 15612
18207 18279
21766 21824
Brevibacterium_casei_gi_425735920_ref_NZ_
4191 5568
10909 10969
14324 14866
19718 25687
27888 29511
30161 30243
35548 37184
45167 45505
47370 48169
53245 53587
58113 60066
61304 61379
62484 62853
72102 73386
83945 84075
87602 88877
91192 91312
95374 96550
98308 98361
99859 100479
109572 111272
113935 114171
Brevibacterium_casei_gi_425736436_ref_NZ_
1 58
1587 1866
7455 7805
9070 9133
10071 10175
17223 17364
19027 19335
21750 21886
37550 37920
42785 42900
45486 45609
54634 55092
55751 55918
59107 59800
65385 65634
66967 67497
71029 71518
Brevibacterium_casei_gi_425736202_ref_NZ_
4695 6436
7616 7831
13703 14247
16152 16222
17301 17605
30836 30925
32552 34191
36692 37449
39635 39740
42053 42456
46495 46557
48827 49120
57216 57948
59522 59606
72152 73702
77895 78693
82805 83143
85292 86746
87557 87724
90114 90340
91255 91465
Brevibacterium_casei_gi_425736108_ref_NZ_
1 167
2101 2209
6193 6400
8078 8460
19750 20411
22191 22256
31551 32897
33897 34328
34988 35078
45738 47986
51831 52104
56447 56889
61936 63184
66279 66460
72176 73670
76401 78385
83128 83316
83784 83846
87020 87611
90187 90395
91100 91298
91809 91983
92784 93364
96360 96423
Brevibacterium_casei_gi_425736723_ref_NZ_
1 769
Brevibacterium_casei_gi_425736661_ref_NZ_
1 3081
22478 22946
23861 23969
25449 25571
Brevibacterium_casei_gi_425736551_ref_NZ_
1 223
13655 13751
20477 20564
21193 21728
23745 24346
31450 31781
32451 32800
35619 35700
40219 40424
57527 57638
Brevibacterium_casei_gi_425736705_ref_NZ_
1 1422
Brevibacterium_casei_gi_425736720_ref_NZ_
Brevibacterium_casei_gi_425736715_ref_NZ_
1 347
Brevibacterium_casei_gi_425736706_ref_NZ_
1 1329
Brevibacterium_casei_gi_425734471_ref_NZ_
750 2494
5244 5564
8760 10379
18253 18459
28271 33018
36095 36222
37771 38147
39605 39868
43070 45397
52504 52968
58626 58964
63249 63482
65435 65856
69019 69080
75828 76979
78070 78141
80417 81107
88848 88903
113328 113581
115963 116016
132739 132802
133517 134347
140968 141047
145563 147939
150873 151597
154032 154170
160783 160921
169189 171111
175064 175497
176920 177027
182675 184247
186379 186746
191935 192569
200464 200863
201392 201750
215809 216114
217815 218240
242569 242973
244768 244910
246138 246596
Brevibacterium_casei_gi_425736725_ref_NZ_
Brevibacterium_casei_gi_425735657_ref_NZ_
2203 2657
6760 7733
8787 8874
13899 14659
20625 21198
26181 27895
30353 30469
32916 33001
34863 35281
35977 36839
46770 46875
48329 48412
49843 51105
51949 52253
69647 70661
73228 73506
75232 75609
78300 78914
80672 82219
82783 83673
84525 84613
89169 89659
92300 92749
93723 93775
95746 95982
101361 101530
115007 115411
116995 117120
121453 122352
122862 123201
126839 127160
134863 135079
Brevibacterium_casei_gi_425736727_ref_NZ_
1 563
Brevibacterium_casei_gi_425736601_ref_NZ_
1 1738
2657 3191
14946 16121
23671 25954
31565 31616
34965 35060
41781 41869
42595 42854
45279 45691
49627 49827
Brevibacterium_casei_gi_425736731_ref_NZ_
1 533
Brevibacterium_casei_gi_425736701_ref_NZ_
1 77
1528 1656
Brevibacterium_casei_gi_425736724_ref_NZ_
Brevibacterium_casei_gi_425735487_ref_NZ_
1822 2258
3474 4179
6590 6711
12981 13078
14039 14175
18197 18503
22907 23240
25636 26099
34196 34880
37440 38458
39321 39551
43470 44401
45628 45891
48765 48930
49581 49646
53937 54235
57639 57906
58498 58890
63863 66335
70921 71243
80707 81338
92803 93072
98883 99106
106718 107044
123047 126105
135347 137513
144647 144944
158397 158448
161302 161725
162409 162480
163417 164577
173361 173802
174900 176524
178455 178538
180864 181352
185456 186578
192699 193274
194416 194484
198739 199051
199868 199927
200678 200998
Brevibacterium_casei_gi_425735291_ref_NZ_
5031 5367
8036 9055
9845 11202
12720 13401
15194 15301
16029 16090
23136 24512
28272 28581
30733 32286
33492 33565
51382 51837
53355 53450
54392 54627
58294 58968
63820 64507
67961 68670
69443 69892
70424 70939
72424 72957
79440 79793
82227 82848
84350 84612
90747 90993
98952 100529
102072 102248
110462 110759
111365 112981
114538 114795
117694 117914
127504 127985
133831 134074
139929 140007
142429 142728
145456 145641
147017 149118
152183 152538
153473 153785
166173 166587
168479 169398
173534 174270
176191 176948
183032 183835
186275 186497
187315 189301
194114 194776
198191 198640
200985 205034
212361 212424
Brevibacterium_casei_gi_425736726_ref_NZ_
Brevibacterium_casei_gi_425735796_ref_NZ_
1 94
13305 14125
19800 20053
24398 24575
29053 29380
30855 31247
33888 34022
34553 35380
36851 36919
43907 43967
52994 53067
55893 56337
60303 61007
62307 63547
65157 65551
68026 68999
77538 77835
84250 85260
94878 95451
106890 107143
112290 112495
113919 115775
125827 128573
131668 132946
Brevibacterium_casei_gi_425736717_ref_NZ_
1 1088
Brevibacterium_casei_gi_425736364_ref_NZ_
1 63
3963 5492
6106 6844
11606 11721
14549 14733
21220 21594
25149 28854
32046 35548
37522 45201
46781 47093
49418 50541
52014 52086
60190 61491
62247 62320
63101 63420
63924 64630
Brevibacterium_casei_gi_425736020_ref_NZ_
1 2601
3154 3438
5207 5271
12511 12630
16154 16824
19784 20024
20796 23703
31211 32099
47761 53654
63394 64641
66432 66483
67636 67698
74655 74735
79187 80611
86372 86632
88409 88655
93656 93997
95799 95848
96897 97012
99209 99660
103729 103839
Brevibacterium_casei_gi_425736638_ref_NZ_
1836 2218
4177 4259
5040 5181
21381 21787
25557 26518
27898 27998
Brevibacterium_casei_gi_425734702_ref_NZ_
1 513
1216 2011
3354 3468
4742 5680
12966 13563
21559 21806
24099 24628
25183 25248
25845 26061
31793 32811
39379 41079
44553 46393
47965 48195
49459 52275
53860 54665
60788 60933
73487 75659
79991 80046
88031 88484
89349 89801
96470 96720
97553 97785
99194 99856
104283 104474
105493 105684
113007 113076
113668 113965
127169 127407
132169 132656
133601 133691
136661 136993
138151 138213
146907 146961
154366 155016
158681 158814
159481 160666
166853 166941
172304 172700
178207 178436
180446 180978
181601 182069
182716 183124
207142 207689
211897 213009
227808 228281
229841 229960
232058 232113
Brevibacterium_casei_gi_425736730_ref_NZ_
Brevibacterium_casei_gi_425736505_ref_NZ_
1 579
7263 7861
15330 18816
25979 28272
32277 37585
39589 39903
41534 41612
54186 54954
57909 57962
Brevibacterium_casei_gi_425736283_ref_NZ_
11885 13188
14054 14285
15301 15510
16408 16531
20107 20496
23812 25137
27289 27463
31946 32751
36412 37745
39606 39970
42757 47419
53076 53447
55115 55195
57887 57946
63794 64339
65069 65773
68413 68472
71700 71952
73730 73997
76849 76997
77605 78140
83142 83196
87703 87899
Brevibacterium_casei_gi_425736712_ref_NZ_
1 64
Brevibacterium_casei_gi_425736719_ref_NZ_
724 808
Brevibacterium_casei_gi_425733473_ref_NZ_
1 535
1843 1951
10946 12883
15770 16024
22335 22590
24534 24755
31098 31186
34209 34755
39833 40822
43406 43483
47450 48827
57266 57541
64742 66086
67941 67998
75951 76189
88415 88998
94093 96494
98530 98660
99999 100340
105765 105864
110168 110264
115129 115289
116498 116752
122544 122838
126428 126922
128183 129096
129651 130593
132085 133331
135924 136436
144952 145064
147594 148219
157327 158053
159858 160155
161451 161685
165785 166033
167967 168719
177900 178000
179149 179248
180686 180756
183673 183788
184507 185056
186808 187232
188068 188119
189011 189137
190060 190534
195517 199174
202981 203317
204503 206452
223704 223906
229816 230203
243158 243622
245062 245119
245530 248368
249553 250012
256658 256914
258757 260130
260818 261514
263253 263630
263971 264081
271822 271878
276472 276567
281452 287339
292169 292475
293023 295891
298008 299960
334282 341220
342924 342975
345963 351509
352554 352667
358978 359044
361610 363701
364524 366459
367899 368107
369639 369748
373088 373599
375401 375696
378021 379272
379867 380031
389395 390093
395391 395609
397547 398475
398990 399484
400250 400372
406326 406530
407395 407565
414819 414938
419425 419972
422060 422414
427455 429700
432265 432344
442397 442471
444408 445439
451877 452198
454193 454364
455406 457999
460769 460916
461840 462414
466588 466932
467919 468350
469300 469813
470556 470619
474150 475630
476906 477773
485591 488250
491628 492454
493364 494033
495031 495461
496345 496407
499391 500107
501977 504658
514139 514313
514918 515404
516830 517624
524382 524707
527130 527648
529984 531655
534013 536230
541067 541329
553155 554174
558648 558714
559355 559568
562484 562604
569477 569972
577233 578231
582624 583935
589075 589667
591994 592057
599757 601141
601663 601762
603055 603260
605138 606895
613754 615482
617866 618709
621032 621206
625946 630768
636028 637197
639609 640033
640643 640724
645065 645440
657610 658447
680735 680846
695688 698794
699358 699433
700415 701260
702008 704542
708149 708408
717514 717731
718270 718359
719024 720291
721013 721194
724272 724553
726843 727581
729315 729370
733960 735765
745322 746569
749216 749453
751715 753157
755702 756097
758835 759229
760274 760373
765791 765900
771661 772221
774226 774557
777428 777588
780914 781536
783892 783950
794860 795574
Brevibacterium_casei_gi_425735098_ref_NZ_
1 514
2623 3111
8524 8946
11145 11229
12369 12444
19920 20587
22159 22303
23084 23221
28603 28785
31567 33113
36321 36467
42592 43507
44715 45033
50228 51471
57873 58559
61042 61098
62190 62242
62774 63597
70184 71358
76135 77921
79114 80076
91123 91413
92641 92756
99775 100113
103163 103267
105853 106022
114139 114403
123595 123656
125586 126287
127861 131038
131938 134416
156414 156766
159337 159839
163087 163295
171776 176068
182096 183218
202810 204124
206113 206162
208902 209290
210860 211531
220707 220867
226603 226836
227433 228059
Brevibacterium_casei_gi_425736728_ref_NZ_
Brevibacterium_casei_gi_425734199_ref_NZ_
1 7635
10036 12368
13756 14369
16623 16952
18370 19893
20641 20733
22583 24939
30347 31247
41007 41059
43750 45521
49011 49309
62339 62478
64357 64498
65864 66064
67097 67183
71569 71778
77051 77318
79504 79565
83242 83530
89621 90263
91709 92326
93602 93749
95987 96414
98121 98666
101000 101388
103695 103975
105919 106283
114796 114915
115632 115733
117372 119031
120074 120704
124968 125037
126746 127335
131718 132683
136838 136998
143180 143244
147183 149008
151145 152434
154493 154703
162037 162086
164891 165807
168692 169147
180012 184812
188258 188356
195473 197434
201206 201732
203203 203511
211979 212170
215219 215643
219077 219388
221015 225183
231292 231476
232284 232368
236277 236397
238840 238913
242887 243239
247905 248564
252544 253551
255162 255259
257480 258330
260272 262265
269722 270325
296052 296102
298041 302840
309433 311637
312397 314165
314937 314993
