Bacteroides_finegoldii_gi_482849993_ref_NZ_
1 285604
285996 286375
286492 310214
310437 335260
335427 433074
435161 436641
436741 540039
540685 577540
577707 606114
606861 713643
713841 745493
746831 747971
748480 1100887
1101601 1125026
1125120 1185842
1186792 1217639
1217928 1219682
1222970 1229765
1229916 1319762
1320898 1531879
1531995 1722113
1722263 1795506
1795586 1882202
1882966 1891699
1892473 1947614
1948350 1976726
1976892 2013126
2013353 2050344
2050553 2131168
2131906 2250268
2251588 2294064
2294571 2347935
2348540 2820076
2820152 2895564
2896149 2897248
2898308 3037670
3039085 3052905
3053942 3065069
3065677 3070896
3079118 3294537
3295103 3315521
3316625 3318190
3318806 3357573
3358222 3673280
3674514 3696807
3697329 3704254
3708295 3708439
3709286 3710562
3710921 3711346
3712953 3731194
3737094 3777153
3777298 3779434
3780212 3801287
3802368 3808638
3809304 3869430
3871399 3923534
3924297 3959276
3959977 4033502
4033626 4145649
4145730 4351199
4354823 4360284
4361430 4396958
4397836 4400608
4401663 4437452
4457324 4459400
4459930 4462210
4462755 4462842
4464710 4542811
4543412 4548157
4548985 4556051
4557408 4558278
4565430 4565705
4568697 4569312
4570433 4570713
4574603 4577703
4579003 4580315
4581298 4582095
4582885 4583094
4584029 4588793
4591445 4591593
4593345 4594150
4605828 4605985
4607447 4616177
4616820 4617473
4619781 4623912
4626094 4662616
4663268 4795435
4796247 4797317
4797931 4801381
4802076 4802234
4803622 4958244
4958399 4993701
4993775 5106922
5107563 5124109
