Bacteroides_finegoldii_gi_482849993_ref_NZ_
1 292140
292352 300753
300872 303767
303995 305060
305185 324792
325741 572254
572399 572550
572783 617787
617966 618077
618305 618445
618959 693557
693643 742161
742292 742484
742632 742767
742878 743018
743161 743327
743531 743696
744132 744687
744829 745363
745493 746199
746358 746487
746693 746856
746990 747203
747319 1156315
1156501 1157045
1157143 1194116
1194415 1312972
1313189 1313406
1313550 1321101
1321372 1422026
1423277 1452543
1452721 1452855
1453197 1459991
1460103 1460348
1460493 1661602
1661853 1662088
1662285 1965520
1965761 2091820
2092554 2215072
2215738 2252508
2252620 2257484
2257590 2780646
2780770 2895710
2895816 3036119
3036834 3037223
3037986 3038578
3038689 3038953
3039045 3039169
3039328 3039542
3039644 3040706
3041256 3052057
3053002 3053854
3054092 3054222
3054877 3059913
3060706 3062552
3062675 3062902
3063060 3067972
3068180 3068455
3068582 3072711
3073496 3074078
3074702 3077424
3077755 3078421
3079118 3311577
3311898 3312113
3312274 3544779
3545502 3545706
3546096 3547680
3547780 3560478
3560607 3673343
3673547 3704130
3704223 3704415
3704533 3704682
3704847 3704913
3704982 3705051
3705336 3705555
3705778 3705899
3706091 3706913
3707050 3707254
3707396 3707622
3707724 3711892
3712012 3712268
3712601 3723213
3723596 3723739
3723877 3779503
3780059 3821292
3821456 3821591
3822204 3842491
3842645 3842809
3843152 3877404
3878690 3881851
3882414 4054982
4055121 4055319
4055817 4145649
4145730 4211307
4211853 4212078
4212203 4323928
4324605 4351499
4351656 4351832
4352088 4365109
4365498 4365628
4366394 4458323
4459720 4462359
4462755 4462842
4463559 4487647
4488640 4489508
4490064 4490456
4492090 4495249
4496552 4505103
4507016 4507564
4513092 4514246
4516786 4517921
4519077 4519579
4523408 4547913
4548057 4666859
4667159 4679672
4679908 4680126
4680337 4694728
4694861 4695029
4695422 4695573
4695707 4795511
4795678 4797532
4797768 4798488
4798907 4799159
4799277 4804289
4804553 4806578
4806931 5124109
