Bacteroides_finegoldii_gi_482849993_ref_NZ_
1 259760
259866 260019
261210 283630
284381 285601
286375 300205
300477 303613
304962 330514
330719 330991
331284 435017
435317 527404
527690 617672
619183 742515
743545 745291
746734 746832
747049 762932
763259 763355
763584 879889
880155 880294
880502 975133
975399 1057711
1059304 1106725
1106886 1125026
1125153 1194453
1194811 1233898
1234138 1372932
1373524 1413721
1414336 1449454
1449794 1452281
1452986 1459475
1460945 1494418
1494561 1520527
1520624 1522816
1523447 1526014
1526092 1601099
1601273 1785259
1785561 1785657
1785973 1793902
1794357 1840645
1840758 1855834
1855963 1891682
1892356 1947614
1948271 1950475
1950780 2013126
2013353 2037800
2038008 2040979
2041360 2044531
2044810 2130499
2131912 2217447
2218061 2279990
2280368 2506612
2507128 2567226
2567473 2568823
2569414 2652408
2652657 2663623
2664152 2896191
2897141 2898264
2898529 3071108
3078104 3094754
3095477 3310089
3310859 3316318
3316640 3321302
3321890 3357573
3358235 3386638
3386878 3407176
3407422 3407514
3407738 3463623
3464272 3472111
3472385 3569673
3569802 3576140
3576674 3586140
3586298 3696804
3697158 3703730
3707272 3707417
3708342 3708439
3709838 3711330
3713155 3724554
3727969 3728063
3729071 3729202
3729936 3754282
3754554 3779488
3780412 3810668
3811793 3842133
3843361 3867958
3868797 3953785
3953889 3959362
3959977 4006118
4006223 4041845
4042105 4054312
4054697 4090647
4090717 4145649
4145730 4330282
4331297 4349333
4349581 4351199
4353937 4354294
4354822 4358400
4358669 4359917
4363105 4364653
4366882 4437452
4457145 4462299
4462755 4462842
4465140 4557399
4568736 4578367
4578942 4582095
4582920 4583078
4583995 4584212
4587270 4587452
4588056 4588471
4589970 4590160
4591187 4594870
4595615 4595869
4599459 4599593
4601837 4602048
4605661 4658878
4659205 4662686
4663355 4712012
4712173 4719765
4720311 4725529
4725658 4794380
4794964 4795051
4795425 4802399
4803797 4804145
4804464 4839718
4839965 4987595
4988411 5000688
5000901 5001034
5001169 5012602
5012734 5124109
