Blautia_hansenii_gi_256402711_ref_NZ_
1 169021
169105 190083
190521 197610
197751 209300
209547 543542
544409 879469
879768 1218558
1224124 1233173
1233738 1235433
1235599 1238077
1239959 1240943
1242257 1249417
1255751 1255852
1267422 1703592
1703728 2037058
2037638 2349179
2352351 2352899
2353062 2353128
2353382 2762365
2764655 2764868
2772825 2983196
2983283 3012305
3012805 3012896
3013120 3013687
3014428 3015205
3015929 3019797
3020011 3027154
3028029 3033574
3034298 3036685
3037103 3058721
