Streptococcus_salivarius_K12_gi_421452782_ref_NZ_
7724 7963
12886 13299
14437 14640
17460 17625
17870 17934
21479 26815
28631 28752
30331 32312
38817 40065
40589 44904
47048 50098
50242 50556
53138 53319
54425 55488
56575 56679
60102 60344
Streptococcus_salivarius_K12_gi_421451401_ref_NZ_
1 225
3611 4370
5273 5364
7598 7767
8382 9721
10359 10531
11549 12261
12842 12953
14028 16412
17237 20176
22065 22447
23148 23316
24273 24502
28394 29122
29704 30464
31436 31882
32474 32909
35229 36641
40509 41008
43441 46637
46902 47588
47939 48606
50497 51108
52243 53336
53629 53726
55919 56024
57748 59317
59931 60573
62943 63251
63852 70483
72663 72810
73529 74136
76866 77334
79981 81592
82798 83309
83916 84597
86529 87172
88185 88514
88613 94202
94712 95252
95973 102190
102373 107173
107435 110556
111481 120558
124883 126335
129839 135515
136056 136343
136924 136986
137320 138177
139347 139805
140694 146814
147190 147276
147587 152620
154861 160895
162141 162773
165064 165657
169125 170749
170958 171209
171710 172354
173253 173996
176146 176311
176552 176756
177627 187131
188029 188193
188516 189441
190244 195582
196150 197916
201049 216751
217264 218153
219699 219844
220802 221259
225374 225529
225937 227096
227410 227596
228183 229166
229821 232243
233322 233965
234592 234709
235291 236247
237795 238860
240947 241754
246292 249017
251344 251467
252940 253470
254907 255276
256883 257668
267045 267428
268077 268542
269224 271041
279815 280193
282192 282363
284628 285155
286448 295373
296507 296967
298236 300020
300682 301950
302462 306440
307620 307713
308791 309518
313615 315333
316076 316168
316798 317052
317565 320076
321238 322381
323050 324278
325823 326049
327227 327333
330460 330615
340747 340975
341642 344493
345476 346512
347747 348317
367575 373197
374649 375469
377158 379297
379998 380814
381458 381634
382230 382685
383339 385026
390841 391283
392014 392073
393884 396793
396899 398664
399506 399697
400175 400311
400931 401440
402696 402804
404123 404348
405228 405575
406141 407453
410952 412197
415198 415754
416645 416968
423945 425582
426126 428063
429189 431789
434444 435221
435514 435619
437086 437616
437799 440716
441781 443687
444530 445011
447135 448603
449556 451576
452385 454686
455234 455452
458811 459018
459708 462815
464719 465355
465577 468059
468647 469990
471670 473536
478792 479284
481022 481159
483611 484446
485273 485770
486163 488071
488211 489608
495278 496918
497779 498623
500434 501039
502672 503534
505530 505583
506181 506560
507038 508165
512248 512838
513413 517298
521579 523546
524129 524330
525215 526500
527659 527772
528304 529125
530288 530391
530948 531311
533375 533679
535329 535555
537033 537166
539184 540757
542744 543590
548056 551599
551699 552486
553641 555659
556519 556834
557956 562559
563771 567519
572866 573285
576160 576918
580568 581548
582696 582840
585757 585859
586793 589187
589911 590050
590682 591151
591673 591859
592646 592988
595010 596251
597794 599234
600864 608815
611056 613220
614329 614672
615511 616862
618624 618709
619819 620401
621633 622794
626321 626840
628146 629853
630427 643201
644175 652941
658081 659363
660658 660833
661342 663521
665563 666213
669501 669975
675017 677116
679218 680022
680533 680663
680927 682532
683534 684114
684378 684718
685211 685421
687290 687989
689178 689794
691406 693087
697687 697835
698116 700336
701381 701480
702976 703767
706773 706860
707301 707431
708033 709145
709924 710062
712797 716177
721168 721766
724780 725085
726228 727569
730406 730879
732921 733032
738880 739148
742031 742095
742832 743713
744859 751005
752313 752693
753540 754759
755569 755718
756003 756758
757584 757713
758869 760370
760907 763125
764028 764117
764762 771422
772191 774951
775486 777995
778719 779401
780843 780912
781536 782760
784018 784542
786685 786968
787939 788825
791407 791854
792206 792297
793691 793851
794406 796728
798015 798833
802262 803468
805473 809980
811240 811846
815052 815221
818741 819314
819982 820098
820760 821263
821854 823000
828587 829680
830360 831476
832049 832121
832948 833001
833976 835483
836498 838309
841511 843027
843555 848376
849045 850599
854211 861256
862260 862388
865262 870035
873500 873586
874155 874835
879271 879612
881295 881753
883026 883151
884343 885967
886789 887032
889647 889698
892886 893425
896015 896095
903112 904501
906217 906447
906990 907039
908459 908949
912948 913504
914799 914871
915479 919633
920242 920299
922656 922742
924266 925852
926134 928970
930030 931238
932803 932876
936245 937057
939056 939628
940268 941720
941828 942300
943433 943638
944507 945722
951724 952131
953968 954809
955874 956136
957421 957509
958751 958987
960633 960903
965536 966321
967889 969133
975056 981280
982317 982539
983087 983192
983806 984070
985786 985848
988432 989696
990025 990767
993549 994862
997239 1005288
1005762 1006916
1012244 1012432
1014829 1015519
1016392 1016505
1018913 1022249
1023350 1023849
1025374 1025496
1028008 1028398
1039645 1040617
1042005 1042206
1042814 1043035
1046662 1046893
1049181 1050008
1051127 1051487
1058977 1059074
1059467 1062985
1065624 1067063
1068107 1068807
1072199 1072499
1073649 1073971
1074719 1074995
1076783 1077003
1084632 1084746
1090024 1090150
1091987 1092252
1095919 1096777
1098106 1098855
1099775 1100089
1101044 1101366
1102646 1103915
1105154 1105512
1106543 1106671
1111432 1112380
1113006 1113571
1116285 1116956
1117621 1127768
1129476 1130450
1131299 1131412
1132702 1132826
1138819 1139102
1143223 1143558
1146243 1146519
1149518 1161471
1161617 1162795
1165990 1168085
1168687 1171962
1172594 1174220
1174743 1174970
1177228 1182968
1186282 1188441
1195828 1196119
1200270 1200691
1203564 1204050
1210004 1210209
1213480 1214773
1216854 1218659
1219462 1219542
1220737 1221710
1223568 1223957
1224657 1225225
1226276 1227645
1235917 1236520
1237295 1238220
1239079 1239313
1241791 1243625
1246770 1247435
1248144 1248886
1250722 1251673
1256835 1256925
1258081 1258364
1259795 1260468
1263762 1264058
1266976 1267887
1269335 1273437
1278714 1279833
1280952 1281042
1281745 1282071
1283750 1284017
1284643 1285505
1287650 1288450
1290095 1291266
1293251 1293915
1295393 1296482
1300370 1300850
1302133 1303194
1304261 1304859
1306810 1308522
1308706 1311605
1316044 1316151
1317295 1325417
1325684 1327542
1327810 1331930
1334054 1334476
1341238 1341598
1343959 1346036
1347194 1348447
1350568 1355471
1356066 1357239
1358244 1358651
1359776 1362674
1363176 1364312
1365590 1369253
1371823 1378112
1378238 1378817
1380928 1381189
1381908 1382075
1383963 1385357
1385903 1386792
1387396 1387578
1389526 1391460
1399005 1400216
1401189 1403715
1409878 1410248
1412206 1414250
1414767 1416378
1417914 1418533
1420008 1424465
1424773 1425934
1426006 1426274
1426490 1427208
1427363 1429889
1430794 1431234
1431863 1431927
1434045 1439524
1442658 1455148
1455714 1457153
1457886 1468652
1470786 1471025
1472193 1474008
1474917 1475143
1475301 1475401
1476182 1476435
1477727 1479076
1479188 1486638
1487248 1487560
1488724 1489429
Streptococcus_salivarius_K12_gi_421452809_ref_NZ_
1 291
547 1441
1551 4497
Streptococcus_salivarius_K12_gi_421453487_ref_NZ_
1 16235
18081 18325
19223 21137
22567 26243
27871 28896
29060 31745
31835 184404
184487 185045
Streptococcus_salivarius_K12_gi_421452778_ref_NZ_
1 137
449 876
Streptococcus_salivarius_K12_gi_421452814_ref_NZ_
1 1069
3191 3690
8697 8906
9181 9437
9714 10034
10580 11024
11938 11999
12242 12509
15200 15421
20351 20692
21273 22933
23783 24214
25964 28336
30754 31391
31842 31942
37826 39334
40854 41269
44040 44180
46104 46649
47250 55586
57965 58304
60174 60820
61870 62443
63237 63323
66201 69546
70068 71605
74090 74204
74364 75986
76561 77927
78563 89876
90172 93783
94493 94655
97255 97584
101438 101882
102737 102856
103599 111145
112919 113035
116388 116488
119017 120000
120715 122313
126460 127582
131709 132058
142824 146996
147957 148232
149468 149808
153072 153181
154461 155101
155223 158617
158816 159194
163143 166116
169872 171734
172554 173084
176630 178082
178718 178810
179023 181389
182807 182979
185724 185996
187487 188239
189572 190539
199211 199450
201158 202041
204617 207882
209539 210862
211511 212218
220999 222668
225150 226630
227267 227477
229299 229610
230134 230645
239458 242731
244456 247073
247734 247794
260018 260136
261965 263682
265318 265968
267918 268397
271206 280419
283387 286533
287222 287694
288922 289169
296698 301378
302789 305647
307015 307702
308496 308594
308776 309481
310556 311436
312245 314552
316664 316914
317410 318992
320294 325020
325726 326061
326641 329593
330240 330596
336645 338557
341779 342133
342689 343088
343289 343566
345704 345827
347520 349034
350068 350864
352566 354105
355993 356148
358674 358849
362659 365191
367799 368739
370103 371739
372338 372799
375245 375314
378539 378639
379819 380465
381358 382334
387049 387240
388307 389712
390008 397962
399274 399902
401126 401560
404861 404987
405847 406515
407017 407458
409236 409461
410503 412139
414230 415594
416241 416507
417518 420981
421814 422104
423029 424192
425585 425922
429783 430059
430886 432304
432692 437847
446833 449377
460977 461046
462112 462324
467004 467233
467759 468187
468948 469473
470671 470808
471311 471436
471967 472322
473943 474198
475657 476021
477519 477690
478006 478165
478470 478899
481263 485610
486170 487599
488147 488211
491074 491711
498856 499014
500877 501091
501916 502100
505152 505313
507586 510395
511468 512067
514114 514178
519254 520344
520863 523253
525381 526316
526463 527450
531953 532108
533532 533755
538428 538541
544862 546278
547707 547961
548503 549486
551139 554199
554883 555017
555332 555932
556502 558325
558459 559878
561619 562623
563182 565025
567183 567510
568058 569099
570417 570686
572134 573768
575161 577195
579948 580215
582574 582813
583752 583841
584472 588961
589912 590653
590771 592420
593387 593998
594943 596725
597765 598441
600644 600837
601847 602457
607325 607482
610680 610916
616190 674051
Streptococcus_salivarius_K12_gi_421452811_ref_NZ_
1 1375
3683 6318
