Streptococcus_salivarius_K12_gi_421452782_ref_NZ_
31175 32191
37627 37788
40111 40259
40814 44904
48025 53038
53182 54804
60102 60344
Streptococcus_salivarius_K12_gi_421451401_ref_NZ_
1 2697
3263 14348
14918 19955
28795 31387
36030 36641
43441 46618
51906 60366
64041 69459
69529 74506
80422 81780
87104 87172
88613 93155
100386 103063
105250 110556
111481 120558
125013 125166
131543 131604
137515 138177
141938 152400
155988 161970
162600 172274
176445 176756
180475 188193
201189 213564
217395 217824
225699 239195
248364 249548
253905 256504
261386 261596
287770 291753
292309 293301
294062 295623
296136 296933
297582 307409
312884 314258
316526 316939
317512 319999
321124 321436
337206 342309
343259 352950
353511 356215
356815 365042
367335 372997
376746 378780
380237 380851
381360 381860
382507 382627
383472 396190
396482 396623
396902 399107
400182 401440
402100 402170
415587 415844
418001 418347
419415 419538
420186 421263
422041 423487
439910 440716
442478 443762
444647 445712
447305 450515
460126 462528
465215 465355
465690 470590
471744 474439
481027 481159
498761 498863
504867 504962
513739 517645
523315 526409
551814 553093
553670 562559
578199 579591
580849 583299
585575 587963
588539 590133
601031 606967
612514 613281
614111 617204
630534 656652
679218 680022
680533 680643
684378 685421
687290 687498
688676 693087
698163 700247
700892 701594
707820 708685
715584 716177
732920 733032
743331 743713
744859 751005
756478 763114
763500 772953
775730 779284
794851 796074
818564 820009
837414 841079
841682 869481
906742 906890
908893 909247
914308 920167
923717 928534
943786 945403
950850 951017
965359 965464
966272 966491
967889 968259
975194 975709
981356 983071
992249 992746
993767 994862
997943 998970
999146 1000181
1004679 1007029
1018913 1024718
1028008 1028398
1040196 1040951
1065650 1067066
1067259 1067333
1073373 1075876
1080651 1081467
1088127 1090420
1100886 1101410
1102486 1103875
1117763 1129376
1142097 1142247
1142805 1144376
1145925 1146349
1146492 1150576
1151866 1158847
1160431 1164883
1165990 1171276
1176583 1179210
1179911 1182968
1208052 1208535
1222199 1223396
1224683 1224887
1237036 1237904
1270464 1276227
1276989 1277755
1293366 1293513
1302314 1302476
1304498 1306722
1320043 1330136
1330500 1334315
1342790 1343048
1343652 1344228
1348590 1352573
1354586 1355966
1356589 1362664
1363309 1364709
1365816 1371243
1371979 1376859
1377388 1378138
1383440 1383611
1389766 1393816
1394505 1400120
1400655 1403798
1404360 1404761
1409878 1416198
1417311 1417434
1417914 1423488
1424796 1426627
1427162 1431927
1432275 1436980
1437092 1439353
1442743 1455032
1455787 1456026
1456359 1470929
1471851 1473231
1476293 1479076
1479188 1486559
1487087 1487946
1488133 1489429
Streptococcus_salivarius_K12_gi_421452809_ref_NZ_
1 4497
Streptococcus_salivarius_K12_gi_421453487_ref_NZ_
1 16235
18081 26380
27871 28106
29060 60487
60636 184404
184541 185045
Streptococcus_salivarius_K12_gi_421452778_ref_NZ_
1 137
449 876
Streptococcus_salivarius_K12_gi_421452814_ref_NZ_
1 179
8990 9075
54076 56010
66591 69546
76561 92664
103623 111169
112166 112736
120408 120792
121314 122413
124677 124988
125536 125932
126651 127582
155113 158416
158816 158924
159160 160326
160859 162081
162785 164714
178725 181389
212670 212861
214771 214831
220657 225486
271206 273051
283516 285600
289038 289497
308180 311491
311843 312010
323494 325326
341967 342886
342970 343927
366733 369260
369769 370003
375245 382475
383836 384761
385277 397706
399501 400150
400688 401744
405707 406454
407161 410673
411185 415476
416740 423890
430886 432304
432692 437694
446833 449377
476841 479781
480296 480693
481386 481809
483604 486040
492597 492876
495976 496885
529058 551869
558467 559885
569187 569322
587365 587742
588569 591289
603442 603556
633708 673808
Streptococcus_salivarius_K12_gi_421452811_ref_NZ_
1 309
2590 6318
