Streptococcus_salivarius_K12_gi_421452782_ref_NZ_
3247 3344
6326 6488
7324 9195
9356 9555
9869 10062
10364 12264
12470 12907
13101 13347
14513 15287
15897 17031
17694 17982
19979 27551
28367 28911
30530 30680
31024 32460
38769 40168
40311 47005
47537 47884
48007 50405
50578 50667
51191 54516
54719 55548
56558 57226
57556 60344
Streptococcus_salivarius_K12_gi_421451401_ref_NZ_
1 1278
2347 24062
24653 25366
27026 27764
28346 32957
33460 42954
43283 46637
46716 47828
47939 49037
49582 49985
50500 51668
52881 54276
55106 60549
61949 70515
71393 71573
72665 73672
74188 74551
75429 75531
76312 78325
78849 79187
79804 80379
80914 81818
82750 83143
83648 85117
85382 85657
85844 88668
89285 90193
90717 91585
92915 97683
98412 98762
99300 110556
111481 124189
124929 126483
127152 128450
129791 140695
140960 153377
154600 154761
155270 155840
157007 160395
161711 163567
164319 166218
166893 167406
168720 174720
176098 187710
187982 195630
196162 198525
199268 217085
217590 218972
219497 221412
222376 223117
223652 225429
226431 227665
228110 228282
228441 232291
233374 237218
237378 238609
238782 238873
238966 239568
240770 243279
243879 245288
246021 249116
249484 249835
250474 251041
251912 253978
254237 255744
256267 259467
260656 261889
262611 263224
263868 264021
266929 268158
269329 269542
270053 270178
270353 270933
271145 271698
272395 276158
276916 278792
279338 281094
282192 282411
282954 283422
283936 284229
284858 287059
287247 291578
292240 294346
296415 299522
299797 300071
300531 301401
301580 302549
303498 303874
304397 305909
306447 307780
308721 308865
309068 310509
311204 311320
313083 314149
314367 314486
314628 314724
315164 318165
318716 319063
319601 319770
319994 320124
320993 321810
322168 322950
324161 324260
324877 328009
328881 331269
332611 332689
333899 337516
338980 342989
343738 344133
344686 344790
345631 346560
347702 348575
349257 349956
351273 352452
355454 356163
356281 356820
360368 360688
362977 363057
363956 364216
365283 366816
367335 374977
375566 375637
376148 376694
377252 377758
378359 378646
379343 385435
386461 387368
388049 388451
389144 391442
392796 399745
400182 400318
400576 401057
402152 405129
405702 407718
408401 410104
410952 412070
412835 415831
416511 416890
417566 417651
419590 421232
422041 422397
423508 425087
425869 427293
427796 428306
428922 429479
431487 433018
433622 433680
434423 436857
437086 437616
437735 440784
441733 443776
444503 444907
447087 451585
451869 451966
452142 455666
456251 456470
457671 459968
460076 463368
463885 464571
464719 465220
466599 468618
468755 469424
470317 471064
471622 473996
474840 475909
476478 477383
478268 480952
481254 481315
481529 482557
483563 484494
484678 486151
488164 490922
492125 492389
494743 499161
499447 500382
501063 501432
501708 504661
505635 505780
506228 506560
506993 509893
511435 511543
512573 512946
513260 522888
523645 524376
524927 529411
530240 531366
531582 531894
532117 533727
534763 537070
537597 541089
541697 543577
546546 546731
547567 548459
549508 549883
550321 556834
557740 567356
568295 568599
569651 570476
571514 572814
573336 573496
573824 574758
576112 578457
579413 579841
580754 583361
585552 587565
587964 589244
589648 593189
596240 609151
610591 611205
612188 613389
614219 617204
618575 619860
620301 621273
621949 622485
622603 622691
622849 622935
623508 623623
625428 627503
628051 628269
628466 630636
630907 643267
643446 643540
644134 646568
646695 647303
648031 653159
653305 653709
654340 655267
656038 657926
658556 659411
660568 660881
661137 661715
662467 664225
664973 670701
671085 671294
671452 671538
672338 672565
672805 673275
673603 673727
673869 677215
677355 677978
679218 680022
680533 680663
680879 680929
681092 682045
682553 682928
683534 684162
684378 685421
686225 686664
687290 687866
688011 688177
688524 689923
690460 693087
697034 698841
699260 701127
701285 701536
703281 704148
705004 705711
706667 710019
710690 710984
711705 713513
714542 716177
717194 717324
719434 719719
720373 720629
720924 730354
730674 730800
730931 731807
732921 733068
733274 733660
735783 738025
738426 739420
740052 743189
743341 744600
744859 751005
751249 751329
752013 754058
754627 757884
758126 763177
764997 772157
772345 773416
774019 774990
775342 782808
784345 785258
786637 790336
791099 791196
791360 792497
793472 796980
797136 797745
797971 798755
799343 799394
800757 803628
804368 804637
805246 806575
807105 808279
808868 811177
811731 814115
814323 815699
816707 816831
816965 817153
817332 818203
818739 822651
823187 824063
824686 824898
825628 826474
827066 827121
827864 832214
833053 837575
838305 843273
843507 843618
843797 850092
852633 856649
857853 858020
860191 860760
861163 863038
863302 863493
863759 865256
866036 866155
866537 871064
873338 873448
874107 874969
879271 880683
881779 882239
882915 883322
883878 884462
885200 886015
886741 888639
889447 891109
891269 891385
891846 892141
892338 894741
895027 895180
895967 898678
899237 899291
900541 902095
902967 907087
908222 909831
911300 911440
911877 914674
915431 917848
919058 919146
919733 920644
920811 920987
921423 923473
923619 930049
930672 932103
932543 936362
936633 937105
937790 939676
940220 942431
944199 947923
949297 950819
951374 951822
952139 952230
952667 954555
954794 954857
955327 956184
957321 957509
958164 959077
959871 961002
961436 961489
962377 962932
963722 963941
964465 964905
965277 965861
966202 968310
968952 969181
970035 971072
971583 971753
972640 973229
973497 973761
974160 976272
976549 976809
977375 981592
981938 982016
982173 983635
984228 984453
984969 986101
986782 987733
987976 988081
988569 988795
988861 989696
989923 990188
990297 991419
992080 992869
993501 995292
995568 1000248
1001304 1006953
1009352 1014785
1015132 1016553
1017122 1022249
1023302 1023536
1023901 1025795
1027200 1027563
1027729 1028398
1030200 1030339
1030461 1031036
1031613 1032041
1032451 1032551
1033060 1033690
1034200 1034372
1034712 1035211
1035408 1036993
1037852 1041007
1042288 1043656
1046562 1046689
1046945 1047277
1047513 1048432
1049133 1049235
1049777 1050495
1051079 1051239
1051558 1055766
1056501 1056773
1056954 1061276
1061659 1064939
1065624 1066213
1066946 1067111
1067311 1067497
1067672 1068914
1069276 1069341
1069646 1071146
1071703 1072284
1072441 1072599
1073152 1074116
1074328 1074535
1075044 1077076
1079283 1081676
1081864 1081961
1082149 1082303
1082632 1083067
1083744 1088895
1090148 1091200
1091856 1093579
1094602 1105356
1105980 1106649
1106999 1108253
1109285 1109598
1109954 1110134
1111358 1111491
1112108 1113077
1113609 1114020
1114309 1116997
1117689 1127819
1129428 1130312
1130473 1133438
1138771 1138824
1139059 1139347
1139548 1140044
1140275 1146349
1146467 1147505
1148131 1148262
1148883 1149438
1152041 1158584
1160024 1160733
1161392 1162840
1162963 1173160
1173389 1174777
1174980 1176173
1176746 1183149
1184326 1185134
1185245 1188489
1189135 1190618
1191120 1196977
1198804 1199462
1200387 1200937
1201688 1202276
1202431 1202568
1202908 1205380
1205605 1206244
1206753 1209960
1210252 1210725
1210895 1212717
1213289 1213823
1214365 1215119
1215642 1218972
1219545 1219947
1220389 1221758
1222479 1227954
1229210 1233553
1234222 1234510
1235057 1236096
1237249 1238264
1239031 1239361
1241743 1243757
1244314 1245188
1245728 1250670
1251295 1251425
1253496 1254922
1255247 1255346
1255803 1255874
1256649 1256925
1257656 1258566
1259795 1260116
1260718 1261054
1261371 1262841
1263613 1264106
1264834 1267014
1267215 1268021
1268667 1269775
1270414 1273437
1274360 1275882
1276127 1276204
1278653 1283343
1283678 1283829
1284664 1285633
1287504 1288498
1289044 1291086
1291894 1293512
1294582 1295240
1295951 1299724
1300292 1300898
1301662 1304907
1305225 1305340
1305459 1305576
1305860 1305930
1306773 1310698
1311258 1311653
1312828 1314139
1314439 1315160
1315923 1316199
1316777 1316838
1317370 1317786
1317932 1318197
1318469 1320004
1320342 1331462
1331953 1332038
1332970 1334316
1334493 1336634
1341058 1342985
1343895 1354317
1354586 1355679
1356018 1358626
1358838 1358949
1359426 1360852
1361596 1366232
1366318 1371156
1372031 1372322
1373760 1374235
1374350 1374565
1375336 1377325
1377560 1381237
1381860 1382402
1382581 1382936
1383069 1383955
1385323 1387023
1387494 1387887
1388713 1392866
1393634 1393692
1394752 1396039
1399111 1400069
1400887 1403019
1403206 1404666
1405374 1406007
1407321 1412613
1413115 1413240
1413344 1414852
1415079 1416197
1417294 1417516
1417914 1436213
1436975 1438031
1439055 1439860
1440755 1441214
1441484 1441615
1442658 1448234
1448486 1453604
1454019 1471124
1471780 1472015
1472356 1474056
1474691 1476483
1477019 1479115
1479188 1485421
1485812 1486420
1486611 1486707
1487111 1488055
1488724 1489429
Streptococcus_salivarius_K12_gi_421452809_ref_NZ_
1 4575
Streptococcus_salivarius_K12_gi_421453487_ref_NZ_
1 354
524 16235
17024 17151
17318 18325
18976 19974
20839 26243
27871 28106
28897 60465
60600 185045
Streptococcus_salivarius_K12_gi_421452778_ref_NZ_
1 876
Streptococcus_salivarius_K12_gi_421452814_ref_NZ_
1 855
1931 2622
2838 3283
3512 3738
4744 6299
6826 7513
8065 11999
12212 13834
14505 14628
15152 15678
16310 16416
19958 20740
21387 23543
24882 28410
30458 31892
32419 34380
35317 38380
39288 39922
40950 43251
43752 45076
45223 46123
46331 46565
46742 55634
56993 57221
57917 58355
59188 63247
63922 69546
70716 72497
73006 76462
76561 91345
91897 91980
92737 93127
93290 95309
96766 97482
98088 98807
99345 102638
103431 111145
111432 111538
111798 111901
112076 113564
114737 115688
116340 117853
118915 122259
123233 128344
128883 134316
134834 135798
136409 136569
137118 137726
138393 141211
142669 149005
149414 150734
150919 151080
151430 152088
152966 153416
154359 160332
160860 162080
162786 164714
165258 166095
167341 167543
168718 168834
168961 169089
169408 173181
174141 174382
174564 174667
176348 181389
181593 182301
182567 183037
183300 183536
184078 184795
184986 185113
185388 185646
186272 188700
189429 189929
190063 190746
192084 192381
195742 196507
197031 197308
197993 199011
199105 200577
201272 203979
204632 210862
211495 212709
213050 213700
214771 214997
215729 215784
217823 217921
219683 222668
225115 233307
234837 235082
235639 236318
236861 237829
238049 239721
240317 242779
244408 245195
245845 245982
247307 249241
249499 250142
250773 253112
253843 255435
256329 256976
257080 259055
259284 259400
259569 261135
261806 264090
264665 265474
266706 269365
270321 276233
280142 280467
282179 286581
287213 290745
294161 295344
295555 298292
298587 300543
300644 301558
301733 301824
303409 303674
305007 305695
306967 307959
308481 309529
310508 312541
313866 317078
317410 318992
319622 322264
323181 323791
324429 325875
326412 328669
329173 331744
332472 333260
333771 334710
335418 339318
339782 339935
341308 345737
346314 346676
347361 348236
348394 348505
348594 348878
350020 350912
351256 351813
352518 353161
353389 354753
355945 359378
360509 362155
362659 363142
364495 366097
366763 368829
370639 373140
373394 374051
374808 376171
376744 382553
383359 384491
385996 387339
387653 399113
399925 400026
401013 402940
404456 406251
406970 408541
409458 409979
410527 410669
411029 411434
411947 412622
413588 419646
420272 421311
422981 423421
423941 424694
425501 425905
426474 426926
427594 428583
429170 430107
430660 439581
441368 449643
450381 454132
454669 454888
455437 457419
457959 458587
459565 460210
460725 461094
462098 463091
463641 471414
471916 475208
475941 476004
476778 480338
480481 493491
494421 500197
500823 504092
504648 507171
507764 509856
510424 510479
511048 514067
514602 516200
516799 522214
524592 524766
525333 529154
530135 530298
530854 531124
531968 532397
532936 534227
535497 535882
536711 536882
537691 537772
539091 541215
542291 542583
543173 547182
547701 554346
554883 556570
557281 562689
562812 564185
564346 566084
566624 570531
570898 572355
573386 574017
574519 579122
579825 580263
580997 581714
582244 583889
584424 586331
586847 588568
588890 597295
597476 597753
598044 599454
600596 602665
603442 605065
605601 609046
609938 610309
610956 612391
612951 613013
613545 674051
Streptococcus_salivarius_K12_gi_421452811_ref_NZ_
1 304
397 3339
3619 6318
