Streptococcus_salivarius_K12_gi_421452782_ref_NZ_
8213 8488
10129 10775
14146 14461
19014 19112
19770 19919
21445 25569
26722 27023
27687 29459
30411 32255
38499 40529
40814 47001
48176 50384
52258 53038
53206 54283
60102 60344
Streptococcus_salivarius_K12_gi_421451401_ref_NZ_
1 646
1414 1638
2901 3184
14601 16026
17420 19977
22669 22974
28384 29356
30382 30871
34352 34764
35569 38307
43461 46618
47897 48441
57986 59166
63504 68238
69679 69900
77434 77684
85492 86843
88141 89566
91819 102190
102373 102700
102956 105885
106698 110556
111481 120558
125004 125157
137281 138177
141509 152302
153134 153816
159698 160634
162141 167927
168724 174040
175780 176756
177175 198521
199666 200392
201388 221096
221927 224424
225721 233865
236675 239026
239818 240167
244202 244921
246714 248129
250260 250592
251097 254066
277328 277583
286442 286556
287433 287800
288321 291574
292188 294828
295575 300263
300782 302113
302670 304452
305288 308037
308776 310084
310818 311152
312076 319060
319599 333792
335171 339430
345335 347116
347706 348317
367449 373103
373766 374389
386490 396190
396544 396793
396902 399816
400182 400318
400471 400853
404046 405063
405702 407542
410004 410896
413968 414172
415226 416004
416567 417617
419592 419939
421341 421938
423454 424575
427907 428107
428696 429115
435050 435221
436727 436853
437086 437616
437754 440716
441682 445840
447035 455350
460082 463302
465215 465310
465885 470447
471565 474843
476024 476333
481022 481159
481258 481496
485601 485816
489178 489447
499636 499870
504125 505497
505939 506289
514238 518133
520181 524205
524859 527079
530948 531061
541611 541814
546546 546678
547305 548689
549506 554064
558274 558496
559030 562559
562708 563058
563599 563789
575910 576918
577446 579786
580687 582081
585556 587561
589911 590050
594586 594957
596683 599347
600820 608859
611238 613385
619911 620249
625358 625537
626317 627786
628303 653281
656042 656542
657789 659461
666805 667180
667929 668157
669853 671453
673656 677978
679218 680022
680533 680643
683534 685421
687290 687627
688183 689124
689677 690004
691242 693087
697038 697691
697869 700755
701377 701584
702824 703811
708525 709074
715584 716177
721524 722107
722682 723941
724611 726659
728202 728559
732380 734597
735787 737210
744859 751005
756463 756686
757813 758171
759429 760059
761586 764199
764758 765396
766488 770988
771522 778392
786641 787607
788154 789389
790063 791153
813896 814271
818741 830361
830944 838522
840167 840714
841512 848091
848917 850482
853182 853582
854238 856488
859459 859654
860759 860954
862286 862504
865262 869151
884671 884916
887920 888605
889329 889698
891850 897527
898549 901054
902971 905833
906550 906744
908451 919099
921039 923194
923953 925849
926591 929396
929582 931994
932759 934332
935074 935675
941224 941311
941580 942409
944262 946149
959896 961327
965279 968498
970970 971311
972449 972821
975075 976055
976794 980102
981218 986914
987785 989416
995347 996549
997254 998870
999146 1000181
1005627 1008826
1011394 1012430
1012984 1013239
1018913 1022249
1027023 1027385
1028008 1028398
1030019 1030199
1034833 1035924
1037538 1038161
1039625 1041824
1042432 1044017
1044261 1044852
1046618 1047474
1049079 1053099
1057677 1058092
1060426 1061155
1061724 1062236
1064141 1064733
1065650 1066191
1067062 1067608
1068674 1068859
1070214 1070614
1078937 1079471
1084147 1086194
1091567 1092435
1097943 1098107
1099936 1101410
1102092 1103706
1105044 1105352
1112130 1112515
1113062 1113622
1115767 1127768
1129432 1130814
1131354 1133563
1139337 1140679
1146243 1146399
1149447 1155730
1156558 1164848
1165990 1167246
1167822 1173042
1173629 1174384
1175678 1175929
1177831 1183522
1189661 1190141
1191931 1192274
1192989 1193256
1195326 1196493
1198520 1198752
1207120 1207443
1208135 1208486
1209396 1213673
1217385 1217544
1218143 1218532
1218663 1218926
1219949 1221768
1223397 1223487
1224449 1228834
1233419 1233801
1235061 1235130
1235945 1238343
1239026 1239357
1240668 1240908
1245826 1246277
1255424 1256238
1263617 1264449
1265470 1265881
1266872 1275611
1276130 1276297
1276866 1276943
1278468 1278685
1279365 1280005
1282231 1282820
1284817 1284890
1287693 1288048
1290401 1290904
1293251 1293704
1294239 1294422
1295413 1296853
1297686 1300833
1302173 1302849
1303985 1305471
1306777 1308464
1311431 1311523
1315861 1316110
1316890 1319107
1319630 1327491
1329654 1332221
1332974 1334316
1334500 1334877
1339383 1342304
1343860 1346544
1347766 1348112
1349976 1352573
1354586 1357194
1358320 1358893
1359426 1363694
1364640 1364836
1365486 1368339
1370506 1371152
1371980 1380075
1381989 1383909
1384750 1387395
1388169 1392979
1393636 1394860
1399275 1400721
1401660 1404006
1405697 1405931
1407019 1407971
1409878 1416476
1417914 1426390
1427447 1432041
1432728 1435989
1437092 1439807
1442658 1454146
1457013 1457643
1458642 1460783
1461708 1468433
1472067 1473284
1478045 1479076
1479188 1484751
1485398 1485566
1486294 1487059
1487893 1487946
1488724 1489429
Streptococcus_salivarius_K12_gi_421452809_ref_NZ_
1 1441
1567 4497
Streptococcus_salivarius_K12_gi_421453487_ref_NZ_
1 347
524 16235
17665 17887
18083 18327
19223 19974
21269 21389
22553 26243
27871 28106
29060 60487
60636 73707
73799 185045
Streptococcus_salivarius_K12_gi_421452778_ref_NZ_
83 137
449 876
Streptococcus_salivarius_K12_gi_421452814_ref_NZ_
3346 6382
6908 7186
8065 8623
9181 9346
21516 21760
24775 24859
25482 28478
29720 31932
40295 40824
56998 58082
59606 63276
64437 64662
66596 69546
69971 70211
71452 71549
76561 90350
92718 94214
97211 97322
103623 111169
123356 123604
124421 124735
130380 130760
131607 132098
137260 137498
139488 140229
140763 141040
144241 149222
150551 152178
153503 155101
155223 159194
163143 166825
167345 168851
169620 169820
170554 170867
171751 172091
172874 172975
174245 174472
175263 181579
182344 183023
183959 184469
190873 191495
196261 196503
197362 197697
201594 201903
206994 207349
209522 210862
211943 212448
213564 213700
220272 222517
225146 225933
230814 231975
238056 242775
246879 250138
251656 251755
253357 254070
259765 260782
262527 263362
270325 274615
276285 276513
278111 278360
279052 279319
282339 285600
288960 290212
293419 293826
295871 298061
298587 302593
306353 311288
319994 320194
333259 335236
340929 341157
351865 352538
359390 359711
362799 363097
372750 373136
373266 374051
375245 380308
381314 382475
384181 384457
385996 387209
387384 397726
399020 401862
404917 405111
405878 406060
406615 406918
407850 415513
417018 417532
418055 418314
421016 427542
428136 430204
430880 432296
432692 437885
446833 449377
460027 460206
473915 475001
475607 489345
489873 496015
499765 500009
500537 501533
503831 504019
505818 505929
507172 507253
519088 520532
526072 526316
527638 528020
528926 531120
540170 540397
542341 542579
549342 552584
555210 570785
571641 574650
575998 581844
589925 590524
616381 674051
Streptococcus_salivarius_K12_gi_421452811_ref_NZ_
1 309
660 6134
