gi_48994873_gb_U00096.2__Escherichia_coli_str._K-12_substr._MG1655__complete_genome
19851 20509
66619 66720
223520 224043
224674 227630
228283 228954
239176 239302
263447 263499
269496 270930
273234 274318
278441 279281
289720 290572
339080 339240
348866 349094
356755 357114
374196 374494
376654 376716
381164 381761
390987 392141
507872 507926
566049 567203
573864 574958
577544 577594
579587 581012
607285 608519
687124 688219
695708 696107
728595 732421
733426 734326
735661 737864
779831 781012
914322 914414
1049105 1049717
1093522 1094671
1096239 1096827
1268510 1269662
1285986 1286791
1394118 1395212
1421418 1421468
1425899 1426239
1430353 1430711
1432371 1432953
1464221 1464824
1465988 1467319
1468415 1468485
1526263 1527143
1529790 1530900
1550114 1550336
1568749 1569870
1630639 1632991
1633585 1634861
1648922 1649532
1706686 1706878
1976581 1977240
2064255 2065268
2067019 2068242
2099825 2100917
2168248 2169397
2227234 2227326
2286993 2288080
2302477 2303032
2512350 2513585
2516113 2516198
2519008 2519487
2566222 2566275
2660429 2660550
2724139 2727623
2728142 2729452
2757971 2758053
2774871 2774923
2815852 2816517
2945462 2945654
2994436 2995661
3128218 3129313
3184172 3185394
3267798 3268180
3363629 3364722
3390247 3390330
3421504 3426961
3581505 3582167
3618168 3620830
3621951 3623445
3646167 3646345
3650108 3651204
3706437 3706602
3760191 3763855
3764401 3764615
3765298 3765543
3939520 3944921
4025404 4025501
4033243 4038813
4092415 4092650
4151428 4151639
4164377 4169933
4174157 4175077
4205921 4211134
4293913 4294366
4323920 4324306
4390438 4390628
4496259 4497494
4505214 4506649
4540714 4541009
4604141 4604377
4612333 4612603
