gi_48994873_gb_U00096.2__Escherichia_coli_str._K-12_substr._MG1655__complete_genome
223680 228827
239153 239277
269818 270930
273234 274318
278441 279099
289913 290570
339155 339339
356696 356894
374491 374589
380539 381108
390988 392132
524964 525889
566049 567202
573865 574953
577544 577664
579587 580054
580586 581083
607285 608519
687125 688213
728790 730882
731555 732124
733426 734261
736471 737202
737738 737864
780855 781012
914322 914414
1049106 1049714
1093523 1094671
1096420 1096827
1268371 1269662
1286308 1286485
1394123 1395211
1421418 1421538
1425921 1426239
1430643 1432705
1465989 1467319
1530263 1530875
1568749 1569870
1632562 1632991
1633918 1634861
1648922 1649517
1976582 1977239
2064255 2065322
2067020 2068240
2099828 2100912
2168248 2169397
2227234 2227326
2286996 2287556
2302412 2302750
2512350 2513584
2519330 2519487
2660515 2660605
2724139 2729270
2815806 2816218
2994438 2995658
3128223 3129311
3184173 3185393
3363875 3364717
3390092 3390183
3421336 3421751
3424826 3426961
3581556 3582164
3618495 3619908
3620589 3620799
3621951 3622288
3622824 3623436
3650110 3651198
3706382 3706549
3760342 3761680
3762338 3763790
3764401 3764615
3765389 3765543
3939740 3944794
4033463 4038768
4151594 4151716
4164591 4166182
4166699 4169888
4174157 4175077
4205921 4206023
4207726 4211132
4294120 4294458
4323828 4324127
4496884 4497480
4505537 4506647
4612591 4612691
