Bacteroides_uniformis_gi_512436201_ref_NZ_
1 68009
112098 119962
136864 150084
201960 214169
216942 219784
264753 276300
281892 281991
295880 298429
299486 302614
329900 335058
Bacteroides_uniformis_gi_512436200_ref_NZ_
606 1348
46380 53543
57596 58414
97441 105977
106285 113980
115142 116484
116664 116955
117184 119090
119893 124609
125017 190068
202528 231494
346091 346402
348368 371882
439751 454159
473893 475068
525611 526720
529127 539298
554621 565143
570356 582595
595376 596918
Bacteroides_uniformis_gi_512436197_ref_NZ_
1 5741
11337 13652
16886 18134
29567 29781
31376 35905
41205 48113
50263 50333
88962 105143
139033 141768
142123 152640
158794 212839
238372 265300
265682 275755
287163 297697
319107 319876
322778 337325
342884 356720
435239 436868
444685 446651
452769 496778
502794 503849
513042 513203
572023 572087
579493 582228
629568 631463
637864 658945
680694 689938
723994 737448
766040 774915
777972 779441
820328 843403
854406 854554
854657 855758
862059 863365
899403 902758
908250 954504
Bacteroides_uniformis_gi_512436196_ref_NZ_
1 1350
Bacteroides_uniformis_gi_512436199_ref_NZ_
1 5343
42753 53486
58690 75962
109538 112409
123304 128050
148206 162706
168180 186808
264842 267520
277145 277257
295503 298763
323833 328040
329320 332547
347117 348012
411988 414250
424033 463286
479992 480092
530272 530486
557226 594035
601410 601550
Bacteroides_uniformis_gi_512436204_ref_NZ_
1 8341
Bacteroides_uniformis_gi_512436203_ref_NZ_
1 36889
Bacteroides_uniformis_gi_512436202_ref_NZ_
1 360
3940 4023
5476 5836
7762 13140
15109 16627
23922 32127
47007 69976
71078 71179
95696 97180
Bacteroides_uniformis_gi_512436195_ref_NZ_
1 5689
Bacteroides_uniformis_gi_512436194_ref_NZ_
1 349
1336 14735
42063 43001
59915 59998
92717 95398
98379 103044
109312 117974
118092 119825
124395 128847
184772 187334
196003 228739
250599 258176
265694 270821
299621 309490
380343 381444
391149 393254
398372 400520
426664 428577
481213 505675
506789 518368
558215 558355
563047 563662
589946 601116
617472 622816
631716 663470
698860 702514
710451 744207
748524 748805
749791 754674
755283 756497
763277 764274
769922 770189
776534 776599
802680 802778
807800 808020
854130 856465
864699 868523
869789 871419
872052 878350
906277 906404
950225 950335
992328 1013903
1063046 1068594
1077698 1095209
1123820 1124816
1137640 1137712
1189039 1199091
1203111 1203971
1208653 1212212
1214793 1236232
1270458 1270806
1309716 1310657
1338837 1341362
1383536 1383781
1461542 1463509
1465311 1465559
1466408 1467396
Bacteroides_uniformis_gi_512436198_ref_NZ_
1 4243
4833 4934
109254 109464
116148 127669
161274 167398
176353 181228
184052 186787
187696 232696
248745 250940
263197 263897
279536 311097
326730 337710
411687 411817
428349 435309
447640 452047
484304 500330
513486 513812
545013 564391
567623 568724
584566 584702
626069 632659
643375 643448
660834 661007
667339 670074
673871 688737
702487 706037
