Bacteroides_uniformis_gi_512436201_ref_NZ_
1 447
973 1563
2685 2912
3793 5524
6138 8878
11163 11651
17099 17549
18648 68009
69210 69274
112098 119962
136864 150084
200372 200428
201621 202132
202806 213698
217227 219784
258660 259801
264753 276300
281892 282018
295880 302614
329971 335058
Bacteroides_uniformis_gi_512436200_ref_NZ_
1 920
18226 18456
46380 53533
56530 58414
97441 190068
202528 231494
263620 270659
281852 281903
283532 283619
343534 346402
348368 371882
383347 384110
439751 454159
459980 460659
472305 472427
473893 475068
517681 518130
525611 526720
529127 539298
554621 565143
570356 582595
595645 596918
Bacteroides_uniformis_gi_512436197_ref_NZ_
1 5741
11337 13652
16886 18134
29681 29976
31376 35905
37236 37722
39280 48113
50263 50333
77875 78299
88822 105116
139033 141768
142135 152652
158813 212930
236483 275755
287163 297697
319107 320779
322778 337325
339946 340042
342119 356720
362389 362526
379421 379505
435239 436868
444685 446651
452709 496778
502794 504782
513042 513203
572023 572087
579493 582228
598379 598661
614254 614696
628754 631463
637864 658945
680708 689952
694361 694984
710161 710351
723994 737448
766040 774915
777972 779441
820328 843403
854406 854554
854657 855758
862064 863370
899403 902758
908256 908539
909626 909884
910792 954504
Bacteroides_uniformis_gi_512436196_ref_NZ_
1 1350
Bacteroides_uniformis_gi_512436199_ref_NZ_
1 5343
40056 40482
42753 53486
58690 76137
85428 86230
109538 112409
119045 128050
133064 133357
148206 162706
168180 186605
201269 201522
210130 210918
257192 258074
264842 267520
277145 277374
295503 298763
323833 328040
329320 332547
347117 348012
355607 355868
358655 358769
361669 361956
377163 377391
391941 392699
400845 400900
411988 414250
424033 463286
488346 488524
518420 518908
529593 531220
533470 533979
548394 548985
553245 553355
557226 594330
596769 596819
600627 601550
609331 609485
Bacteroides_uniformis_gi_512436204_ref_NZ_
1 8341
Bacteroides_uniformis_gi_512436203_ref_NZ_
1 36889
Bacteroides_uniformis_gi_512436202_ref_NZ_
1 16633
18889 19633
23922 32127
47007 69976
71078 71269
90346 90670
95717 97180
Bacteroides_uniformis_gi_512436195_ref_NZ_
1 5689
Bacteroides_uniformis_gi_512436194_ref_NZ_
1 614
1336 9300
10200 10582
12136 14735
32080 32156
42063 43001
49792 50020
56082 58439
63482 63680
77855 78173
91272 91397
92614 95398
99203 103044
109312 113280
114021 117272
118074 119825
124439 128847
184772 187334
195958 196129
202754 235887
250599 258176
265694 270821
299621 309490
316905 335451
370618 375752
380343 381444
391149 393254
398372 400520
426662 428575
432727 432979
481213 505675
506798 528764
558215 558355
563047 563662
578591 582032
588777 601116
617472 622816
631716 663470
698860 702514
703648 705410
710451 744259
745373 745989
748524 748805
749049 754843
763277 764274
769922 770192
776534 776599
801318 801771
802680 802778
807800 808020
854130 856465
864237 864385
864699 878350
906277 906404
950225 950335
972560 972764
992328 1014412
1018270 1018522
1063046 1068594
1077698 1095209
1123820 1124816
1137640 1137712
1189039 1199091
1203111 1203971
1208653 1212212
1214793 1236232
1270458 1270806
1309731 1310657
1338837 1341377
1383536 1383781
1461452 1467396
Bacteroides_uniformis_gi_512436198_ref_NZ_
1 5001
63024 64038
104422 104902
109254 109464
116148 127669
140045 140186
140778 140837
161274 167398
169283 169852
176353 181228
184052 186787
187686 232696
235986 237416
248745 250940
263201 263897
279536 311097
326730 337710
373681 374392
411687 411817
428349 435309
447640 451405
451791 452060
468752 469149
484304 505746
513486 513812
522892 523526
545013 564391
567626 568723
584566 584702
611997 612092
616420 616621
624983 632659
643375 643448
648965 649309
660834 661007
667339 670074
673871 688737
702487 706037
