Bacteroides_uniformis_gi_512436201_ref_NZ_
1 1973
2554 8878
10025 12086
12631 13304
13892 14016
18512 19810
20622 21748
22374 68530
69069 69260
74716 74766
76307 78640
80037 81039
85817 86179
90804 92068
105610 105994
107107 107798
112098 119962
136815 150084
165850 165923
169859 170365
173284 173429
174937 175361
176136 176204
177517 177722
180189 180362
185168 186310
186842 187105
188069 188391
190444 190773
194989 195316
197830 198065
199177 199347
200372 213941
215447 217131
218514 221271
225220 226683
231877 232799
234291 234706
236038 236090
238971 239757
240773 241622
250970 251503
253038 253107
255790 256349
257493 258857
259600 259757
260582 262065
263056 276848
279268 279459
279981 280230
280786 281991
292691 292926
293724 294480
295880 298429
299420 302614
319527 319961
324877 325798
328000 328066
328295 328425
328620 328879
329832 335058
Bacteroides_uniformis_gi_512436200_ref_NZ_
1 1428
12442 12562
18015 18500
19479 19646
21917 22255
23018 23840
42566 53540
56549 58414
77150 83425
92094 92279
97441 107078
107145 108317
108567 114469
115142 120514
120618 120842
120956 159421
161410 190068
190213 190620
191830 193159
202005 231494
233493 234493
241061 241732
243866 244457
256645 256938
261182 261444
263553 263663
265928 266042
269764 271882
272669 272744
274031 274175
274766 275140
276938 277306
278201 278309
279228 279607
281487 284828
306270 306609
307806 308099
309694 309831
311040 311380
312020 312148
313122 313375
315345 316061
324304 324960
325557 326138
327491 327687
328253 328393
329099 329538
332009 333761
334300 338372
341273 345139
346091 346402
348307 371882
381726 381798
382935 383075
383875 384559
385944 386108
386805 388352
390888 391063
393466 393621
394166 394419
414097 414236
417151 417780
421864 422307
427484 428290
428815 428887
430040 430296
430837 432376
438143 438378
439751 454159
459671 460410
471210 472427
473893 475068
476540 477301
479664 480180
485876 486745
487574 489265
490853 490938
497799 498657
503124 503427
507827 507957
510017 510170
511726 512112
516067 516428
517035 518179
518681 519805
520336 520502
523059 523263
525611 526720
529127 539298
540169 540344
551198 551433
554621 565143
568678 569573
570247 582712
588831 588904
591858 592848
593536 594276
595304 596918
Bacteroides_uniformis_gi_512436197_ref_NZ_
11337 13652
16886 18134
18672 19021
19308 19430
27998 28099
29518 30303
31376 37606
38604 48131
50263 50429
58366 63356
63907 64956
70164 70254
72064 72365
72931 73170
77814 78299
79916 80167
82247 83025
83981 84057
88822 104732
104823 105009
105134 106347
106870 107034
107578 108034
139033 141768
142136 152703
158813 213064
215021 215533
228381 228638
229338 229517
237638 250393
250573 278977
281145 281748
282438 283133
287163 290535
291198 293827
295165 295394
296187 301561
307130 307282
311228 311346
312977 313664
316920 328399
329047 337325
339946 340042
340623 341145
342129 358118
362389 362894
371263 371317
373342 373749
379208 379400
381293 382678
384016 384101
387504 391387
412525 412980
414271 414968
415793 416302
420278 421935
427418 428407
435239 436868
444175 446999
452707 496910
499507 499574
502715 504773
505300 505632
509529 510377
511746 513203
519162 519614
521142 522060
523515 523582
525751 525882
530438 531782
563660 563719
567471 568352
568983 569201
570760 571757
572023 572783
574033 574301
577779 578047
579493 582228
587097 588314
592022 596463
598667 598869
600035 600423
602694 603535
604218 605280
608733 608829
613074 613624
614254 614868
615481 615889
616465 618163
619347 619552
621647 622907
623894 623946
624688 624959
625472 626197
626900 633432
637760 654600
655127 658945
659032 660402
662238 663026
669032 669546
670683 671123
673843 673927
677958 678014
680694 689931
694205 694426
696196 696393
697928 698178
699907 700347
706160 706942
707614 707766
708529 709160
709653 711567
712155 712622
713953 714524
715954 716465
723255 737448
741306 741578
747999 748219
753304 753525
762384 762529
766040 774915
776768 779441
786397 786816
811052 811882
812986 843403
843797 846061
848932 849427
850010 850166
853744 853898
854406 854554
854657 855758
862059 863365
885978 886835
889581 890434
897359 897436
899403 902758
903123 903753
905509 905616
908250 908493
909056 912217
913503 954504
Bacteroides_uniformis_gi_512436196_ref_NZ_
1 1350
Bacteroides_uniformis_gi_512436199_ref_NZ_
1 2702
4223 5343
12422 12640
13450 16211
21166 28655
32050 34564
37414 37807
39996 40485
42753 53486
54435 55236
56645 56734
57782 58009
58690 76409
84310 86230
109538 113789
115171 115471
116277 116664
121339 128050
133239 133388
138680 138971
147200 147352
148151 162706
162855 162978
163864 164447
166975 185386
186317 187100
190045 190746
196840 196959
198160 198510
199478 199773
201269 202506
203059 203759
204307 204546
206764 207897
208475 208676
212079 212983
213832 214704
215435 215870
222632 222891
228034 229324
239065 240083
240735 241120
247689 247739
251401 251549
253893 254025
262381 262472
263637 263843
264842 265014
266691 266839
267015 267520
271271 271646
277145 277257
277421 277582
278094 279370
280236 281044
287792 288028
295503 298763
304064 304240
304890 305531
307911 308054
312823 312884
313433 313565
315228 320043
320797 328040
329320 341386
344948 345016
345934 346651
347117 348012
352980 354694
355612 356627
358671 358769
359603 359751
360442 360888
361820 361956
364211 364352
365684 365979
369161 369436
373317 373465
375690 375931
378790 379146
384191 384515
387069 387979
391706 393380
393913 394408
397451 397812
399394 400869
403417 404243
409040 409119
410847 411241
411988 414250
417004 417438
422605 423001
424033 463286
465668 465753
467216 467439
480882 481060
485904 486563
491226 491293
497444 497593
498772 498932
499567 500267
501550 502195
503362 503795
506524 507132
507646 508116
508723 509009
510954 511241
529564 531222
532949 533391
533470 534437
538421 538642
540256 542565
542971 543093
543321 544465
546567 547161
548124 548294
548394 549008
549546 549946
550693 550943
553061 553419
557226 594356
596050 597328
597887 599754
600617 601550
602288 602389
602981 603488
604521 604661
608282 608343
609329 609487
614108 614314
614984 615577
616112 617184
617753 617864
620513 622371
622933 623684
626082 626145
Bacteroides_uniformis_gi_512436204_ref_NZ_
1 8341
Bacteroides_uniformis_gi_512436203_ref_NZ_
1 36889
Bacteroides_uniformis_gi_512436202_ref_NZ_
1 16627
22620 32736
34586 37370
38101 38708
39229 39822
40494 40873
42293 42713
43631 45127
45818 70003
70593 71269
80634 80863
81760 82100
82936 83463
84203 84902
86282 86355
87204 88252
88927 89825
90346 90643
91357 93392
94352 97180
Bacteroides_uniformis_gi_512436195_ref_NZ_
1 5689
Bacteroides_uniformis_gi_512436194_ref_NZ_
1 953
1325 6896
7075 7691
7836 9938
10202 11056
11774 13352
13941 14724
15116 15188
20209 20415
28894 29276
31701 32098
36294 36609
37528 37838
39267 40154
41327 41544
42063 43001
44478 44879
47712 48016
49445 52671
53213 67528
68199 68294
68946 81558
82528 82744
84813 84870
85601 85982
87916 88383
91267 91911
92525 95398
98311 103044
108397 113092
114029 117281
117884 121145
124169 128847
134222 134364
140919 146090
167583 167708
169319 169625
171362 171965
173374 175461
183300 187334
188136 188853
189971 192367
193173 193390
194082 194855
195987 236361
239206 239890
242840 246650
250599 258176
265694 270821
274605 275765
276413 277148
282505 283530
286202 286638
292393 292633
293873 293950
296060 297027
298153 298526
299621 309563
310577 310639
316894 328439
333810 334307
335122 336413
363188 363311
370618 372199
375161 376389
377809 378242
380345 381446
387910 388178
389138 390561
391149 393254
394839 394945
396925 397446
398372 400919
401880 401983
421399 421490
426664 428577
430459 431518
432727 433253
437068 437702
439852 441040
444159 444556
448370 448441
466028 466104
481213 505675
506798 528756
535162 536757
541837 543086
543611 544888
547010 547109
554125 554314
557679 557914
558215 558383
563057 563686
575996 576319
576987 577784
578315 582618
584224 584854
588771 602617
603286 605040
605759 607344
614058 616022
616546 617093
617472 625638
631716 663470
664660 665033
671341 671405
672779 672906
674722 674953
675723 676834
679086 679317
680159 680447
682055 683509
689778 693047
695580 699511
700227 702514
703648 704527
705440 705664
706600 706813
707646 707834
709317 744228
745792 746328
747458 755101
756292 756545
757420 757881
759137 759217
760694 760896
762503 762747
763277 764274
766517 768718
769922 770189
776534 776599
777969 778152
779315 781377
781911 782526
783534 783593
790663 791731
797826 798363
800883 802765
807800 808020
810904 811229
831523 831621
833409 833817
834670 835452
843434 844002
844565 847143
847810 848034
851527 851798
852326 853083
854130 856465
858362 858782
864214 864385
864699 867308
867809 878606
905555 906404
906821 907103
907848 908133
915411 915487
916788 916938
917903 918029
918575 918636
921225 921635
923735 923874
928103 928895
938804 938966
949975 950386
953142 953365
954016 954746
956245 957571
958758 959094
959857 961656
963214 964058
964978 965114
968902 971790
972560 972764
974309 974542
975882 976270
979264 979496
981919 982193
984029 984343
992204 1004829
1006169 1014555
1018052 1018976
1041743 1042374
1062097 1068594
1077698 1095209
1095280 1100458
1101250 1101448
1107912 1108215
1109101 1109337
1112246 1112622
1115900 1115991
1116981 1117482
1118204 1118821
1121094 1121494
1123820 1124816
1130499 1130925
1132411 1132574
1137640 1137712
1138087 1139038
1141823 1142071
1147205 1147375
1152167 1152252
1157734 1158146
1164489 1165009
1166720 1167565
1172834 1173127
1178056 1178170
1179712 1180454
1187288 1187386
1188813 1199016
1201345 1201451
1203111 1203971
1205492 1205947
1206504 1208409
1208653 1212212
1214793 1241973
1253565 1254127
1270458 1270806
1285362 1285451
1291079 1291469
1293739 1293983
1297423 1299110
1299901 1300449
1302582 1305113
1307885 1308009
1308525 1309052
1309716 1310826
1317150 1317290
1338837 1341362
1376699 1377284
1378278 1378355
1381684 1381871
1383536 1384678
1386127 1387205
1387778 1389117
1390714 1391030
1393484 1393658
1394194 1394360
1395457 1395716
1396433 1397151
1400544 1401889
1410651 1412518
1415089 1415248
1419081 1419388
1448365 1448502
1449535 1449827
1461452 1467396
Bacteroides_uniformis_gi_512436198_ref_NZ_
1 5329
5885 6310
6926 7579
9523 10095
11057 12107
15674 15729
16766 17287
18639 19066
20275 21766
23793 24335
25702 26065
29223 31094
36002 36356
37734 38639
39888 41665
62311 65811
66875 67060
69304 69945
74900 76033
79671 79752
81128 81489
86429 88607
89331 90007
92438 92581
94812 95111
95767 96184
97518 98083
99237 100903
109254 110935
116148 127669
127921 128414
139322 140867
143549 143798
146023 146100
153967 154063
161274 167398
172011 173032
174299 174654
175268 181228
184052 187031
187718 230730
231406 232759
238830 239430
242202 242260
248745 250940
263198 263898
265896 266345
273922 275137
279536 311097
321404 321701
322606 338553
342707 343297
347314 347457
348464 351889
353319 354526
358688 358825
359430 362888
372814 374987
376620 376783
379439 383751
386259 387051
387738 387931
398175 398762
399340 399473
403008 403304
405568 406525
410525 411817
421829 422122
427005 427422
428349 435309
439336 439843
441597 441721
445794 450403
450899 452227
457576 457758
458570 458676
459725 459892
464272 466819
468406 469728
471119 472035
472936 473992
479920 480751
483180 504957
505889 507701
509404 509897
513486 513812
522467 524593
528606 530427
534321 534541
535062 535428
545013 564391
567626 568727
568838 569232
575396 575707
576930 578151
579094 579295
584566 584702
588398 589054
589996 590628
594414 594749
598748 599025
601936 602003
603640 604391
605277 606762
607878 608577
610071 610439
612020 612092
617243 617667
618361 618739
620111 620508
624184 632659
634376 636593
637239 637367
643375 643991
648965 649309
654576 654766
656041 656607
660834 661007
665797 666828
667339 670074
673871 684374
685706 688737
691404 691699
695159 695310
700156 700828
702487 706037
