Bacteroides_uniformis_gi_512436201_ref_NZ_
1 65870
66349 68177
101937 102020
112098 119962
136864 150084
201960 213698
218884 219784
264475 276300
281892 281991
295880 298429
299486 302614
329854 335058
Bacteroides_uniformis_gi_512436200_ref_NZ_
1 358
18170 18221
46380 58414
97441 105977
106734 113980
115142 115366
115907 116940
117184 119090
119893 124609
125017 190068
202440 231494
346091 346402
348368 371882
439751 454159
473893 475068
525611 526720
529127 539298
554621 565143
570356 582595
595820 596918
Bacteroides_uniformis_gi_512436197_ref_NZ_
1 5741
11337 13652
16886 18134
29566 29803
31376 35905
41205 48113
50263 50333
61644 61768
88962 105159
139033 141768
142123 152640
158813 212843
238372 275755
287163 297697
319107 319876
322445 337325
342884 356720
362389 362868
435239 436868
444685 446651
452769 496778
502794 503849
513042 513203
572023 572087
579493 582228
605025 605093
629568 631463
637864 649559
649626 658945
680694 689938
724776 737448
766039 774914
777972 779441
818034 843403
854406 854554
854657 855758
862059 863365
899403 902758
908250 954504
Bacteroides_uniformis_gi_512436196_ref_NZ_
1 1350
Bacteroides_uniformis_gi_512436199_ref_NZ_
1 5343
42753 53486
58690 76369
109538 112409
123304 128050
148206 162706
168180 186909
264842 267520
277145 277257
295503 298763
323833 328040
329320 332547
347117 348012
358680 358759
365708 365772
411988 414250
424033 463286
510975 511241
529819 530279
557226 594035
600617 601550
Bacteroides_uniformis_gi_512436204_ref_NZ_
1 8341
Bacteroides_uniformis_gi_512436203_ref_NZ_
1 36889
Bacteroides_uniformis_gi_512436202_ref_NZ_
1 3279
5578 15742
23922 32127
42572 42622
47007 69976
71078 71179
96241 97180
Bacteroides_uniformis_gi_512436195_ref_NZ_
1 5689
Bacteroides_uniformis_gi_512436194_ref_NZ_
1 929
1336 9799
10713 14724
42063 43001
52351 52627
80940 81061
92717 95398
98335 103044
109312 117863
118092 119825
124439 128847
184772 187334
196003 196129
204510 228739
250599 258176
265694 270821
299621 309490
380343 381444
391149 393254
398372 400520
426664 428577
481213 505675
506789 518368
558215 558355
563047 563662
589946 601116
617472 622816
631716 663470
698860 702514
710451 744207
748524 754854
763277 764274
769922 770189
776534 776599
802680 802778
807800 808020
854130 856465
864699 871419
872052 878508
906277 906404
950225 950335
984189 984319
992328 1013903
1063046 1068594
1077698 1101421
1123820 1124816
1130529 1130925
1137640 1137712
1189039 1198984
1203111 1203971
1208653 1212212
1214793 1236232
1270458 1270806
1309731 1310657
1338837 1341377
1376774 1376835
1383536 1383781
1449581 1449791
1461498 1462800
1463401 1464133
1464209 1464487
1466951 1467396
Bacteroides_uniformis_gi_512436198_ref_NZ_
1 4817
109254 109464
116148 127669
161274 167398
176353 181228
184052 186787
187696 232696
248745 250940
263201 263897
279536 311097
322634 337710
411687 411817
428349 435309
447640 452208
484304 500374
513486 513812
523301 523445
545013 564391
567623 568724
584565 584701
626069 632659
643375 643448
660834 661007
667347 670083
673871 688737
702487 706037
