Campylobacter_concisus_13826_gi_157163852_ref_NC_
1 14635
18338 31591
64438 66233
76142 79325
95654 99583
119088 128984
129361 129801
129951 130299
130986 133401
148599 151517
154029 169061
173990 176126
196593 199160
203136 203853
204112 206885
207047 207270
208532 210701
211591 214528
214929 221512
221810 221863
224278 225615
226910 226995
227307 251901
252013 278619
285358 285766
290580 290997
320254 320717
342578 342798
342898 357738
358301 358494
358770 382347
382526 388209
388717 388805
392628 393375
403440 404117
404447 404665
425655 427085
427864 430303
432668 437654
460207 461875
493866 494143
513378 520861
557826 558142
588780 590165
614114 619615
623100 624033
624148 624279
631389 631899
638569 639023
694156 695011
710379 710551
714063 714822
736373 736651
738354 743471
757455 757897
767669 768024
773186 793580
816749 817818
818060 825225
834283 842411
856232 865887
898307 901585
905209 911792
912782 929657
935687 946248
980851 982015
983977 1005187
1005264 1014316
1024557 1087919
1096127 1097127
1109348 1109725
1109843 1110711
1114892 1118232
1134544 1135493
1138740 1147683
1163095 1194481
1243939 1254027
1267223 1272063
1292730 1306552
1306925 1308672
1336153 1336321
1338149 1355638
1359479 1360621
1378382 1378991
1383200 1383323
1394758 1395216
1402999 1412765
1416550 1417548
1444345 1444690
1475030 1475665
1494042 1494405
1521129 1521466
1529240 1530326
1532406 1551646
1574562 1616159
1640778 1643065
1656066 1656126
1663489 1674684
1675801 1675852
1685981 1701931
1702047 1702353
1702470 1709020
1735830 1736238
1772025 1782620
1798307 1798493
1799670 1802906
1803039 1805296
1808256 1808306
1808945 1809521
1819040 1825198
1832174 1839471
1842143 1842304
1853459 1861162
1880203 1880625
1900706 1901782
1917251 1917872
1920984 1922685
1922763 1930845
1931456 1950050
1953818 1954432
1956256 1956455
1958304 1964840
1965293 1966371
1966641 1987809
1995418 2028652
2042437 2043072
2051931 2052007
