Campylobacter_concisus_13826_gi_157163852_ref_NC_
1 6268
7390 13921
14483 17109
17928 32073
44343 44942
50403 52899
53016 57905
61275 64053
64438 66233
73285 75420
76142 79327
86665 92139
95654 99583
112832 113266
114072 117105
118953 119786
120018 120915
122841 130339
130986 133395
143471 144522
148599 151517
154029 169061
172408 179150
196593 197320
198017 199160
204466 207322
208121 210396
211239 211295
211591 221512
221810 232402
232701 232820
233755 234385
236225 237264
240052 240311
243750 248763
249461 252315
253659 253806
264409 264522
272624 275295
275853 276123
285523 285869
286625 287482
288146 288510
288657 289672
290460 290997
293199 293477
294532 296475
297555 297891
299608 300266
308508 315782
318076 318428
320254 320717
323128 323230
324246 324414
329831 330610
336597 370981
371493 382480
384431 388267
389601 390069
391103 394348
396537 400471
402604 403325
403440 403664
403783 404117
411646 411744
415260 415505
416510 418773
420156 420455
423710 423912
425655 440301
440805 441687
442684 443631
448328 448389
453450 453865
458755 462459
463276 470030
478299 478426
480166 483065
484062 490618
491386 491666
493335 495954
496496 496603
499008 499945
502686 502735
504951 505557
506550 506647
507913 508474
510088 510193
513378 514333
515125 516806
518517 518580
519602 521588
522332 523617
524408 524521
526231 526612
535113 538437
539364 540185
541106 541350
543705 544982
547465 548174
549738 549854
554826 555895
557707 562610
565875 566643
567240 567730
569756 570077
573310 574747
576974 577072
578415 580042
582351 583462
585966 587185
587738 592918
595061 600637
601149 601205
602123 603343
604374 606422
608299 608864
609371 610346
611129 612424
613205 619628
622482 626566
627531 627754
631026 631137
631389 632209
634472 635357
637112 637406
638371 639023
639513 640394
642107 643598
646943 647002
649708 649774
654813 655451
661293 661984
662613 662791
665260 665342
667205 669337
670842 670912
673721 673911
674842 674996
678006 678096
682213 684915
688829 689694
690573 692525
693270 695011
695327 698115
700453 700642
704082 704377
705863 706569
707811 708267
709675 715150
715994 717265
717937 722153
723020 723747
726042 726277
727858 729311
730114 730175
731163 733421
735611 739872
740198 744609
747828 747914
749771 752814
753732 757887
759599 759742
760393 760491
761620 762314
764692 765380
766948 769038
770254 771485
772627 782457
785204 793685
794353 794545
795120 795264
796242 798886
802997 805741
806910 807102
807658 811163
814734 818724
819970 820028
820965 826550
827422 827707
830009 830365
830971 831276
833199 834123
834283 835494
835906 839971
841102 845139
846561 849545
854194 854430
855590 865914
871243 872361
873063 873954
874602 875322
876949 880321
883700 884031
884636 886582
891126 893963
894898 897165
898307 902542
903746 903796
904309 912313
913453 913650
914185 914779
916030 916526
917092 917774
918450 918638
919327 923758
925243 930986
931574 947916
950280 953212
954168 954805
962138 962529
965446 965515
966921 968015
968629 968979
970013 972744
973520 974386
974899 978519
979355 979811
980851 982015
983977 986876
990024 991835
993553 994231
994853 995325
996002 996559
997182 999620
1000024 1000882
1001643 1004736
1006116 1008325
1009311 1009547
1010215 1012629
1014044 1014437
1018743 1018961
1020737 1021392
1022786 1032517
1033683 1045611
1047114 1047186
1048970 1049742
1050487 1051335
1052527 1056137
1057325 1057613
1058455 1063097
1065339 1065900
1069804 1072121
1074568 1075879
1077114 1079707
1080490 1082588
1086696 1087908
1088546 1088866
1094013 1095410
1096079 1098320
1099178 1102596
1105721 1106344
1107331 1110754
1112208 1113749
1114314 1118446
1119676 1119801
1121083 1121965
1123593 1124183
1125438 1129010
1133260 1134001
1134544 1135493
1138150 1138911
1139051 1139275
1144430 1147791
1153108 1153236
1153830 1153889
1156447 1157003
1158328 1159658
1163060 1164122
1164650 1164849
1165822 1165936
1166571 1170129
1171850 1174151
1176700 1177454
1179853 1185353
1189109 1194062
1196338 1198620
1199711 1202793
1203621 1205609
1206764 1208470
1210783 1211741
1212510 1213433
1214538 1215424
1216164 1220736
1227270 1228759
1233926 1236127
1237328 1240426
1242656 1245627
1250133 1250188
1251713 1254365
1255565 1257881
1259595 1276203
1281460 1281980
1282727 1283057
1292730 1296311
1298336 1302054
1305479 1309500
1310195 1310788
1311481 1315159
1315924 1315990
1317863 1317924
1323173 1323267
1323821 1324535
1325187 1325302
1333479 1334272
1335646 1335983
1336153 1336321
1338149 1342006
1343229 1355638
1359479 1360822
1361830 1366246
1366916 1367060
1369516 1370485
1371924 1372025
1376197 1378991
1381848 1383898
1394573 1396973
1400463 1400521
1402999 1403074
1403877 1413995
1415219 1415406
1416550 1417881
1418389 1424462
1424966 1425238
1425807 1428910
1433561 1433992
1435033 1435531
1437378 1438863
1439390 1439492
1440103 1445010
1448080 1448435
1452819 1453046
1454586 1458561
1460276 1463727
1465881 1465944
1467981 1468176
1470195 1470271
1473550 1473907
1475030 1476221
1477640 1480222
1481332 1481635
1485734 1487096
1488566 1489859
1494042 1495241
1497349 1497444
1498032 1503580
1504692 1508963
1515620 1517582
1520578 1522656
1528891 1530326
1532406 1551646
1554736 1559010
1561545 1567126
1569409 1573556
1574206 1577060
1579436 1579491
1580189 1618156
1620496 1620585
1629797 1630204
1634933 1643276
1644478 1644602
1645120 1645905
1650892 1652181
1654197 1654559
1655273 1657801
1659451 1660284
1661084 1676915
1678862 1680309
1680943 1683598
1684160 1693548
1697431 1713370
1714921 1715131
1719003 1720654
1727054 1728131
1734360 1734420
1735155 1737229
1740678 1740875
1742036 1742183
1751283 1751520
1758162 1758685
1763395 1763452
1764158 1764229
1765012 1767586
1772025 1778267
1780700 1780841
1781831 1784218
1789719 1790237
1794739 1795454
1796358 1798493
1799724 1800089
1802949 1806984
1808256 1808306
1808945 1809965
1811400 1811562
1815204 1825210
1828153 1828351
1831648 1837894
1838094 1840330
1841970 1842487
1844085 1844360
1845355 1845814
1847735 1848607
1853324 1853443
1854273 1860155
1860838 1862500
1869420 1871145
1875722 1875813
1883255 1884955
1900706 1901708
1909462 1909885
1911752 1911845
1915570 1917872
1921501 1942110
1947258 1950050
1950379 1951218
1953818 1954432
1958318 1961225
1961547 1964195
1964418 1965532
1966641 1967860
1969785 1973801
1978564 1980634
1981622 1989788
1995418 2007159
2008433 2013148
2021437 2029307
2041014 2042255
2042437 2043072
2048142 2052007
