Campylobacter_concisus_13826_gi_157163852_ref_NC_
748 14635
14961 45167
47331 52721
53016 60525
61224 61719
64438 66233
70458 73465
74490 79445
80762 80873
83207 99583
104491 115763
118885 129665
129951 130299
130986 131289
131524 133542
148599 184181
195376 201475
202019 203905
204049 207366
208208 215567
215914 221512
221810 225944
226650 237330
238271 239493
241941 251901
252008 261342
265501 265971
266501 266603
274376 282692
283833 287203
288507 289134
290580 290997
291988 293285
294720 316215
320074 322363
328674 370697
370992 382963
383113 388209
388874 390326
391252 401672
403126 404117
405089 405296
409021 410044
412583 462641
464023 469581
482914 518580
519942 523769
526481 526614
528551 530947
531747 531859
532638 537914
540056 544742
548087 548193
556864 559624
579008 579451
582732 584397
585057 609340
610720 611308
613776 619538
620236 631105
631389 632041
632225 633004
635409 640117
642941 643244
684025 686034
689301 696425
701380 708452
708636 710551
713307 718126
719290 723102
725382 730871
731569 744531
748921 772413
773186 793669
794576 801249
805639 807742
815098 816572
816749 822025
822147 822556
823839 826420
830869 835508
836264 843721
849173 858639
859206 865887
873322 873954
874602 877726
883504 883848
885477 892146
898307 902309
903746 904878
905097 910324
911203 913723
913957 957556
961591 961985
963398 967962
968514 972860
974988 982015
983977 984141
984874 991332
994095 997254
997633 1001348
1001691 1005187
1005264 1009605
1010099 1011901
1014328 1030951
1034206 1041481
1041987 1045026
1046337 1047148
1049277 1054688
1055719 1058488
1059546 1088027
1095340 1095524
1096127 1101941
1108537 1110834
1110934 1112183
1114326 1120651
1121963 1147705
1158360 1166678
1167932 1169539
1172142 1198539
1203705 1207610
1208263 1213320
1227551 1228299
1229257 1245243
1251741 1274336
1282727 1283125
1288400 1318112
1318238 1321124
1323227 1323447
1332038 1334323
1336153 1342006
1343416 1355638
1359479 1360918
1362815 1371372
1372779 1385952
1392898 1400462
1402999 1403074
1405264 1415492
1415851 1415956
1416550 1426602
1426933 1427349
1435005 1444588
1450957 1451083
1451420 1451614
1455520 1457150
1457923 1464031
1473915 1486447
1487148 1517582
1521047 1523314
1529240 1530326
1532406 1551646
1552364 1623936
1625302 1629803
1640778 1643065
1644540 1646058
1649949 1676858
1680832 1681778
1685421 1726894
1734318 1740953
1742214 1751592
1752336 1752486
1752567 1752648
1766114 1778822
1780517 1780828
1781352 1799798
1802949 1805296
1808256 1808306
1808945 1809521
1816723 1823398
1824201 1825206
1832174 1839471
1841969 1842487
1845355 1846633
1846831 1876805
1897575 1898300
1900706 1901708
1911024 1912978
1913576 1919378
1920334 1929347
1929595 1932696
1933475 1941440
1941634 1942080
1946391 1950050
1953818 1954432
1956206 1956517
1957296 1963214
1963383 1964695
1964784 1990938
1994269 2005862
2007726 2017366
2018718 2018823
2022984 2023488
2026830 2031281
2032079 2032157
2036163 2037720
2037955 2038101
2038393 2041979
2042437 2043088
2043698 2050898
2051725 2052007
