Campylobacter_concisus_13826_gi_157163852_ref_NC_
2982 16857
18338 26252
26343 45156
52391 52670
53016 58589
64438 66233
76142 79325
95654 99583
112222 119853
120018 128266
128428 128984
129952 130471
130986 133401
148599 151517
154029 169061
173990 176126
196593 199160
203822 204052
204928 206630
206771 207362
208762 210751
211591 214528
214929 218069
218257 221512
221810 221863
224278 225615
227307 251901
252008 265104
275853 276123
288158 288510
290580 290997
314026 314788
318838 320733
342045 343089
343422 388209
388717 388805
389034 389534
392628 393375
397682 399491
403126 403325
403440 404117
425655 427085
427818 430303
432668 463755
464260 464838
492929 494143
502440 502610
513378 535217
557826 558142
588780 590165
609022 609302
613805 619615
623053 624274
631389 631899
635116 635357
638495 639023
694779 695011
709564 716138
736373 743471
752716 757896
767838 768024
773186 793084
795774 797890
816749 825259
834283 842411
853660 865887
873902 873954
885495 897544
898307 898383
898938 901684
904130 929657
935687 950243
980851 982015
983977 984141
997408 1005187
1005264 1051246
1080452 1082504
1086810 1087963
1096127 1097627
1109348 1109725
1109843 1110018
1114892 1118232
1134544 1135493
1138718 1147683
1163088 1163449
1172248 1194577
1228879 1229208
1243939 1245416
1253795 1272574
1292730 1302950
1303067 1306395
1306925 1308729
1336153 1336321
1338149 1342006
1344926 1355638
1359479 1360753
1378382 1378991
1383200 1383582
1394758 1396851
1402999 1412765
1416550 1417815
1439355 1444549
1474792 1482701
1494042 1494543
1521129 1521466
1529240 1530326
1532406 1551646
1574562 1616159
1640778 1643065
1656066 1656126
1663489 1674664
1676513 1676627
1685910 1702353
1702470 1713523
1735741 1736310
1751410 1751520
1772025 1778818
1782345 1782620
1798307 1802906
1802983 1805296
1808256 1808306
1808898 1809965
1819040 1825198
1832174 1839471
1841978 1842149
1855002 1861026
1861128 1875979
1900706 1901773
1913289 1923998
1924282 1930845
1931468 1950050
1953818 1954432
1956253 1956480
1957300 1957477
1958260 1963331
1963857 1963908
1964317 1987809
1995418 2006245
2009269 2009499
2010084 2013000
2022984 2030711
2042384 2043088
2046791 2052007
