4	4263805	4264884
4	795085	795774
4	2529485	2530246
4	3810754	3811974
4	2260387	2261517
4	4345427	4346767
4	2422539	2423255
4	4199949	4201346
4	5683	6459
4	926697	928418
4	1938337	1939659
4	2585617	2588730
4	2639853	2640866
4	3270809	3271579
4	3331732	3332703
4	3399414	3401354
4	4102995	4103693
4	4585932	4586888
4	4215132	4216436
4	4213501	4215102
4	123017	125680
4	125695	127587
4	4216619	4218355
4	2411492	2412694
4	949563	950303
4	2307363	2308427
4	1700257	1701258
4	1294669	1297344
4	496399	497043
4	1064808	1066049
4	2817403	2820033
4	1486256	1487695
4	1360767	1362254
4	2306713	2307363
4	2053085	2054539
4	4375834	4376967
4	118733	119284
4	119281	120135
4	4434778	4435518
4	1819942	1820280
4	1848884	1849900
4	3097704	3098750
4	51229	51606
4	50380	51222
4	1039840	1041138
4	582904	583653
4	490636	491187
4	66835	68337
4	68348	70048
4	70387	71265
4	65855	66550
4	2978786	2980204
4	1983163	1984152
4	1981579	1983093
4	1980578	1981564
4	410521	411705
4	4637613	4638329
4	3348711	3351047
4	2947264	2948595
4	4154036	4154812
4	4153024	4154028
4	3486982	3488202
4	288525	289529
4	3316659	3318002
4	4475330	4476334
4	3382725	3383195
4	1958086	1959819
4	2425031	2425813
4	958035	959318
4	3515420	3516508
4	2444410	2445495
4	1772710	1773468
4	3428042	3428860
4	2738102	2739172
4	784856	785908
4	1786459	1787505
4	3516565	3517086
4	405629	406153
4	406652	407329
4	120178	121551
4	2839012	2840436
4	2837546	2839003
4	2836276	2837289
4	3571798	3572901
4	3982375	3984030
4	3980981	3982216
4	3925178	3926170
4	696736	698400
4	3924568	3925026
4	986808	988208
4	4364914	4366350
4	983742	984932
4	1946774	1948546
4	3916339	3917880
4	3919259	3920074
4	3913576	3913995
4	3914016	3915398
4	3918973	3919212
4	3918441	3918911
4	3915425	3916288
4	3917893	3918426
4	3920083	3920463
4	3737728	3738981
4	2598500	2598970
4	324801	326471
4	326485	327957
4	327971	328558
4	328687	330720
4	3464271	3464747
4	3900312	3901724
4	3901743	3903620
4	3903754	3904590
4	807191	808480
4	808567	809607
4	810745	811500
4	811493	812170
4	809604	810758
4	3542096	3542866
4	4171105	4172070
4	3712084	3714417
4	453696	454013
4	4161662	4163506
4	1792196	1793176
4	1790833	1791582
4	1791582	1792133
4	1325791	1326381
4	4354493	4356640
4	4356720	4358054
4	4358419	4359957
4	29651	30799
4	30817	34038
4	3199913	3201151
4	2229866	2230750
4	4107953	4108708
4	195677	196534
4	1819323	1819643
4	1817880	1819238
4	1817479	1817829
4	1816629	1817471
4	1815172	1816524
4	4636201	4637553
4	1971384	1973348
4	1965476	1966525
4	1966528	1967388
4	1970860	1971363
4	1965072	1965461
4	1964417	1965061
4	795777	796835
4	864352	865587
4	863603	864352
4	2242800	2244791
4	922487	924763
4	2729622	2732195
4	455901	456524
4	456650	457924
4	4432645	4434588
4	2121108	2122544
4	2119633	2121003
4	4101625	4102998
4	3484142	3484774
4	2533856	2534365
4	3718072	3718284
4	629117	631222
4	688566	690104
4	2428297	2428785
4	3989176	3991722
4	1488926	1489456
4	770681	772249
4	772265	773404
4	358713	359183
4	358023	358682
4	359216	360370
4	449887	450834
4	447874	449865
4	447270	447884
4	446941	447270
4	446039	446929
4	2537739	2538836
4	1331879	1332853
4	2871409	2872014
4	2873443	2874351
4	3779764	3780585
4	3495850	3497223
4	2885600	2886334
4	2886409	2888121
4	2888121	2889920
4	2530431	2531402
4	2536694	2537605
4	2872014	2873441
4	2540534	2541550
4	553834	555219
4	2539701	2540534
4	2538826	2539701
4	4121454	4122479
4	661975	663186
4	3326985	3328418
4	879950	881152
4	3513099	3513935
4	2596904	2597782
4	28374	29195
4	185123	185947
4	2589629	2590756
4	3992785	3993609
4	1407535	1408908
4	2028923	2030341
4	1623359	1625404
4	399053	400147
4	102233	103153
4	3303993	3305882
4	2432104	2432763
4	2431034	2431948
4	2429044	2429706
4	4616252	4617574
4	4617626	4618849
4	4615346	4616125
4	4618906	4619625
4	881199	881957
4	4254660	4255028
4	179237	180754
4	1645958	1646365
4	1647633	1647821
4	1645644	1645874
4	2435972	2436967
4	160149	160604
4	2220207	2221922
4	940182	942626
4	942637	943254
4	943256	944119
4	3880349	3881752
4	4262337	4263752
4	4598261	4598998
4	205126	208608
4	3209129	3210874
4	14168	15298
4	12163	14079
4	3879244	3880344
4	236067	236798
4	4599001	4599540
4	491316	493247
4	232597	233955
4	2698640	2699020
4	3704121	3705728
4	2477224	2478552
4	2475869	2477206
4	3811955	3812410
4	3220655	3223747
4	3223744	3224193
4	3219488	3220471
4	2301927	2302415
4	1930139	1930780
4	1930817	1932628
4	2904665	2905963
4	627774	628520
4	626917	627774
4	624108	625283
4	608682	609311
4	625293	626903
4	613380	617261
4	106557	107474
4	3411886	3413043
4	3413055	3416159
4	585370	586131
4	3532538	3533890
4	2700503	2701408
4	3149272	3150006
4	3148840	3149265
4	1015175	1015693
4	2438407	2439627
4	3403458	3403928
4	3403939	3405288
4	1147982	1148935
4	4025632	4026795
4	4026805	4028994
4	2459328	2460668
4	1234161	1234880
4	3068187	3069266
4	4452634	4453632
4	4078322	4079251
4	4295242	4297389
4	4512376	4514700
4	4511429	4512331
4	4510434	4511432
4	4509481	4510437
4	4508713	4509480
4	4515737	4516258
4	4514787	4515740
4	609477	611717
4	622777	623733
4	618607	619422
4	620408	621412
4	617477	618610
4	619419	620411
4	612038	613162
4	2744456	2745817
4	2852360	2854438
4	167484	169727
4	171462	173444
4	169778	170575
4	170575	171465
4	1158585	1160774
4	3488883	3489485
4	4541138	4541686
4	4538980	4539582
4	4542327	4543052
4	4543119	4545755
4	4540060	4540656
4	4545765	4546295
4	4546308	4546811
4	4546831	4547733
4	200971	201996
4	3409293	3409589
4	710158	710688
4	1975290	1975868
4	1975871	1976221
4	2000134	2001630
4	2017642	2018106
4	2018111	2019115
4	2019112	2019525
4	1396798	1397550
4	49823	50302
4	2429696	2430964
4	556098	556964
4	3808366	3809175
4	4378533	4380341
4	4377806	4378540
4	4377400	4377795
4	4377030	4377389
4	4024550	4025251
4	192872	193429
4	2257741	2259432
4	2259449	2260387
4	88028	89032
4	103982	105244
4	3600102	3600770
4	91413	93179
4	103155	103985
4	3602416	3603012
4	98403	99647
4	3599051	3600109
4	3600773	3602266
4	105305	106456
4	2931063	2931710
4	2933606	2935381
4	2935460	2936908
4	2929887	2931038
4	2932257	2933573
4	2937390	2938121
4	2936910	2937332
4	1684755	1686401
4	4343703	4345349
4	1683209	1684612
4	709423	709869
4	3469422	3471536
4	2790757	2792037
4	790262	791278
4	788054	789202
4	2974621	2975652
4	2238650	2239690
4	789206	790252
4	1860795	1861790
4	3070694	3071713
4	138835	141225
4	2638708	2639826
4	3047182	3047571
4	1840395	1841738
4	16751	16903
4	3583104	3584846
4	3921767	3923656
4	3921080	3921703
4	3564623	3566056
4	3569339	3571525
4	3566056	3567351
4	3562157	3564604
4	3567369	3569342
4	3909862	3911691
4	4054648	4056057
4	2685092	2685430
4	4051892	4053301
4	846481	847227
4	4053313	4054362
4	845683	846342
4	844964	845686
4	705316	706980
4	2350669	2352297
4	2352287	2353546
4	2353543	2354733
4	3560036	3561541
4	3559520	3559846
4	4115268	4116113
4	3558645	3559475
4	4113737	4115245
4	2347957	2349033
4	3557870	3558628
4	2349038	2350396
4	752408	753691
4	3352654	3357207
4	3357220	3358638
4	4292504	4293817
4	3825483	3826688
4	2517279	2518694
4	2682276	2683529
4	3722430	3723341
4	3720351	3722420
4	2097886	2099292
4	3644322	3645674
4	3960768	3962252
4	255977	256435
4	3326261	3326737
4	2748137	2748730
4	889719	889976
4	2812905	2814461
4	3089900	3090850
4	2628980	2630557
4	2630626	2632092
4	113444	114487
4	2334815	2337442
4	3875728	3878142
4	1695297	1696064
4	1023694	1025748
4	1262937	1264193
4	387977	388951
4	3987848	3988789
4	3987111	3987851
4	497279	498241
4	173602	174882
4	3985908	3987089
4	3984709	3985905
4	4401323	4402327
4	4400061	4401320
4	4398695	4399975
4	4398311	4398619
4	479314	479532
4	1793277	1793576
4	963051	963335
4	1590200	1590466
4	1588878	1590200
4	2093149	2093886
4	2091492	2092559
4	2090422	2091492
4	2089121	2090425
4	2093868	2094644
4	2088216	2089115
4	2092559	2093149
4	2094638	2095249
4	2421758	2422531
4	2637323	2638597
4	2432846	2433658
4	200482	200967
4	2683857	2685047
4	1291732	1292145
4	4579482	4581071
4	4581272	4584784
4	4578091	4579485
4	494344	496218
4	1909719	1910600
4	180884	182308
4	1114885	1115805
4	3181835	3182488
4	4198304	4198576
4	460675	460947
4	1031362	1032480
4	1032477	1034270
4	1034289	1034996
4	1034993	1035580
4	1035577	1035975
4	1035972	1036829
4	2847996	2848457
4	2847260	2847871
4	2845437	2847263
4	2844511	2845434
4	2842784	2844493
4	2842232	2842774
4	2841465	2842232
4	2841058	2841468
4	4201343	4202668
4	2848669	2849019
4	2849023	2849895
4	2849886	2850158
4	2850158	2851279
4	2851276	2852286
4	2874603	2875640
4	1194346	1195596
4	3057775	3058668
4	4220827	4221651
4	22391	25207
4	3953354	3954898
4	3849119	3850807
4	3955993	3957468
4	3951501	3953351
4	3950507	3951436
4	87357	87848
4	85630	87354
4	3950224	3950487
4	3848825	3849115
4	3954950	3955843
4	925448	925666
4	3311364	3314036
4	1798120	1798662
4	564038	565201
4	439426	440325
4	1811891	1814152
4	2864581	2865573
4	4131858	4134038
4	3789378	3790574
4	726282	727955
4	724211	726259
4	723630	724202
4	720953	723637
4	720279	720956
4	1267388	1268242
4	970075	970821
4	3806563	3807840
4	47769	49631
4	2722470	2723768
4	51609	52430
4	360473	361084
4	365652	366734
4	361150	362403
4	362455	365529
4	4245994	4247334
4	2703347	2705146
4	2702357	2703331
4	84368	85312
4	671424	674006
4	4255138	4255746
4	2526183	2528198
4	1197918	1198811
4	3590747	3591460
4	3591462	3592229
4	3593500	3594426
4	3596578	3597681
4	3594474	3595583
4	3592226	3593503
4	458112	460466
4	127912	129336
4	1755445	1755681
4	202560	203348
4	203348	204496
4	931818	932312
4	25207	25701
4	2975659	2976921
4	4229907	4231256
4	2977043	2977978
4	3031679	3033196
4	4351223	4352740
4	4243252	4244442
4	4241554	4243098
4	4240649	4241539
4	1696176	1697204
4	4244807	4245922
4	4247577	4248497
4	3548102	3550495
4	3546008	3548092
4	3551107	3553812
4	1697379	1698971
4	1698981	1700153
4	421739	423556
4	1686600	1687775
4	1900072	1901043
4	1901106	1901906
4	1901910	1902770
4	188712	189506
4	2909113	2909361
4	2907916	2908707
4	1209569	1210402
4	4575981	4577360
4	4574935	4575981
4	3381352	3382290
4	4339934	4341289
4	4341404	4342813
4	2375611	2377281
4	2443582	2444406
4	4212303	4213232
4	4126695	4127855
4	3150258	3151445
4	4011076	4013337
4	4130639	4131529
4	2192322	2194355
4	4221851	4225534
4	4126101	4126418
4	3084728	3085882
4	4127858	4130290
4	4009886	4010839
4	2235791	2237311
4	2237372	2238370
4	2234765	2235775
4	4397275	4398225
4	1224608	1225303
4	1223772	1224584
4	1223502	1223768
4	4369048	4370694
4	4368711	4369004
4	1974276	1975163
4	1973353	1974279
4	2808792	2809322
4	96002	97084
4	164730	167264
4	665539	667440
4	664424	665536
4	3398066	3399109
4	3396897	3398000
4	3396409	3396897
4	2191081	2192190
4	4584972	4585886
4	965844	967592
4	1937246	1938217
4	3770304	3772217
4	3772447	3773595
4	3302595	3303839
4	975549	980009
4	100765	102240
4	97087	98403
4	93166	94653
4	94650	96008
4	99644	100711
4	2967684	2968373
4	2855115	2857676
4	111044	111433
4	3101035	3102087
4	567538	567870
4	781308	782351
4	2708442	2710064
4	700826	701974
4	702034	702834
4	698797	699549
4	703167	705113
4	699597	700817
4	3370705	3371598
4	1279087	1282830
4	1282827	1284365
4	1285072	1285749
4	1284362	1285072
4	1277180	1278571
4	1274402	1275052
4	1533961	1534641
4	1534638	1535333
4	1275045	1276841
4	1535333	1536877
4	1536874	1540614
4	1165308	1166612
4	2642455	2642886
4	2248862	2249719
4	17489	18655
4	3492033	3494576
4	3495025	3495831
4	3494573	3494899
4	3332931	3333209
4	3837198	3838016
4	2595853	2596887
4	2342887	2345172
4	2345406	2346536
4	1709547	1710182
4	1820482	1821309
4	3103736	3104992
4	3314061	3315548
4	434361	434780
4	4175766	4176311
4	1397745	1398260
4	1018236	1019276
4	2309668	2310771
4	985117	986205
4	3533887	3534606
4	583903	584856
4	1299206	1300837
4	1300923	1301843
4	1301858	1302766
4	1302778	1303791
4	1303788	1304792
4	1341134	1341352
4	1554649	1555080
4	4156513	4157430
4	3488288	3488851
4	1892829	1894190
4	778290	778811
4	3405629	3407080
4	3161737	3163995
4	3171526	3173418
4	3530840	3532462
4	2866915	2867541
4	157729	159126
4	52427	53416
4	2434737	2435873
4	2699020	2699751
4	4482463	4483974
4	254259	255716
4	989845	992457
4	3051537	3052862
4	4029184	4030515
4	4105575	4106537
4	1804394	1805323
4	950495	952777
4	4231781	4233430
4	3069481	3070644
4	435813	436331
4	1337354	1338118
4	1990293	1990841
4	2735767	2736927
4	601182	602558
4	1795983	1796966
4	1793581	1795968
4	4324422	4324757
4	4323321	4323764
4	4322400	4323188
4	4321359	4322375
4	4319720	4320445
4	4319267	4319719
4	4318686	4319270
4	4317622	4318686
4	4316784	4317629
4	4316029	4316787
4	4315238	4315918
4	4314105	4315241
4	4313548	4314105
4	4313127	4313561
4	4312367	4313125
4	400971	402386
4	416366	417055
4	258269	259324
4	4634719	4636143
4	1188999	1189670
4	1187539	1188999
4	417113	418408
4	3908508	3909548
4	3904876	3905601
4	738730	740148
4	1208908	1209462
4	4002885	4003754
4	4007193	4008215
4	4252066	4254489
4	4455982	4457334
4	988377	989579
4	3307055	3309190
4	1674395	1675927
4	1672996	1674384
4	4044989	4047775
4	63429	65780
4	3520893	3523445
4	1183681	1184817
4	1182840	1183667
4	1182049	1182843
4	1181006	1182052
4	716169	717488
4	908554	910272
4	4447145	4447675
4	4148470	4151121
4	3489747	3490319
4	553166	553660
4	1782758	1785136
4	1910792	1912840
4	1264235	1265317
4	3033206	3034304
4	4122635	4124833
4	4423543	4423857
4	489509	490036
4	3440788	3442119
4	260727	261980
4	259612	260715
4	404059	404868
4	217057	218775
4	2802837	2804039
4	2804032	2805096
4	2805154	2806146
4	1260151	1261098
4	4387415	4388383
4	1366103	1366771
4	1366825	1367049
4	1367049	1367408
4	1367417	1367638
4	1367713	1368027
4	2720749	2722104
4	3906572	3907462
4	3905616	3906389
4	3907462	3908421
4	1257152	1257736
4	2954018	2956906
4	1157092	1158525
4	2531786	2532043
4	2532088	2533815
4	4402710	4404008
4	2594927	2595640
4	4202665	4203954
4	551814	552323
4	2426743	2428260
4	4203966	4205555
4	550750	551817
4	2689678	2693565
4	2619219	2620256
4	2620256	2620894
4	1735868	1736893
4	1074143	1078105
4	1078528	1080036
4	1935673	1937115
4	1753722	1755134
4	4469483	4470418
4	1120784	1121830
4	1003991	1005001
4	3813150	3813791
4	1339945	1340682
4	2906051	2907688
4	4469009	4469470
4	424235	425305
4	1415512	1415787
4	3931801	3933306
4	3934301	3935191
4	3933311	3934276
4	3931374	3931793
4	3935317	3936246
4	3936250	3937242
4	2021992	2022615
4	2314199	2314849
4	2315049	2317898
4	2820730	2821791
4	2950483	2954025
4	2957082	2960450
4	2948657	2950483
4	1412810	1415410
4	3878171	3879244
4	3823233	3825314
4	3034395	3036128
4	2749817	2751478
4	2699763	2700491
4	4003887	4005716
4	493629	494234
4	2909439	2911673
4	1643657	1643896
4	3958700	3960721
4	3792010	3792942
4	4022356	4022844
4	3965939	3967042
4	2001896	2003302
4	4096669	4097517
4	4095759	4096595
4	3962388	3963653
4	3964440	3965699
4	4606208	4606654
4	1124785	1125369
4	891190	892092
4	1496962	1497501
4	663325	664413
4	670828	671409
4	643420	644226
4	2701405	2702085
4	1884888	1886015
4	1140405	1143590
4	235535	236002
4	204493	205089
4	3882516	3882875
4	4176902	4177606
4	3448565	3449386
4	3450319	3450948
4	3449703	3450308
4	3444921	3445460
4	3443629	3444162
4	4424131	4424580
4	4178019	4178516
4	4176470	4176898
4	4178583	4178948
4	3376245	3376673
4	3445800	3446171
4	3442127	3442561
4	3446781	3447191
4	3437638	3438021
4	3443266	3443619
4	2742205	2742552
4	1797417	1797773
4	3447923	3448255
4	3449404	3449706
4	3445475	3445789
4	2280539	2280823
4	3809461	3809697
4	3446590	3446781
4	3442565	3442744
4	4125036	4125248
4	1146590	1146763
4	3809273	3809440
4	3882359	3882499
4	3438062	3439051
4	4179268	4183296
4	4183373	4187596
4	3211069	3212910
4	3597952	3598806
4	3342739	3344172
4	3820129	3820404
4	961218	962891
4	189874	190599
4	3447204	3447905
4	3439077	3439697
4	3442748	3443251
4	4423141	4423536
4	3471564	3472103
4	3444175	3444567
4	3375837	3376229
4	3450981	3451292
4	3439731	3440120
4	3472200	3472574
4	3440137	3440493
4	3444601	3444906
4	3309437	3309706
4	2743959	2744207
4	3446336	3446590
4	4423862	4424089
4	3448270	3448548
4	20815	21078
4	3208803	3209018
4	1986740	1987237
4	4172099	4173049
4	1943389	1944000
4	1942370	1943380
4	1944879	1945400
4	2080780	2082207
4	411831	414977
4	395863	397083
4	4106857	4107846
4	1894956	1896320
4	755130	756896
4	756912	757628
4	754400	754789
4	754783	755130
4	1994134	1994856
4	108279	110984
4	3781684	3782151
4	426871	428718
4	4175381	4175764
4	428729	429700
4	3757881	3759272
4	3756040	3757884
4	1844989	1846032
4	3055200	3056432
4	4622918	4623886
4	956876	957964
4	938651	939943
4	1551996	1553693
4	160782	161486
4	4628756	4630693
4	4622168	4622812
4	2751627	2751968
4	4098833	4099453
4	1733402	1733983
4	3275024	3275359
4	1327356	1328405
4	4275492	4275956
4	4275083	4275406
4	3081957	3083933
4	3080899	3081819
4	3105042	3107177
4	134788	135582
4	135598	136464
4	717485	719683
4	3819451	3820074
4	3820423	3822531
4	3822538	3823227
4	1846861	1848717
4	2823854	2824417
4	2825384	2825755
4	2825759	2826538
4	2826643	2827002
4	2827835	2828800
4	2827069	2827842
4	2710918	2712252
4	4272148	4272684
4	3374804	3375442
4	3374301	3374798
4	757929	760730
4	760745	761962
4	762237	763403
4	763403	764272
4	2661464	2662267
4	1019633	1020142
4	53416	54702
4	3711115	3711678
4	1967407	1969008
4	1969054	1970715
4	3264149	3265087
4	3263061	3264050
4	3261708	3263039
4	3265402	3265620
4	3788343	3789368
4	1292750	1293367
4	473525	474385
4	425361	426488
4	3884851	3886215
4	337	2799
4	2801	3733
4	3734	5020
4	1798666	1800594
4	2962383	2963177
4	454357	455655
4	1924803	1926863
4	3886753	3888168
4	3888259	3889506
4	775565	776830
4	776963	778255
4	3176137	3177618
4	774376	775068
4	775072	775500
4	1309113	1309832
4	1329072	1331669
4	1843023	1844984
4	4108763	4109530
4	1286310	1286399
4	1244902	1246599
4	1490494	1492134
4	3434540	3435916
4	1421806	1423263
4	4031168	4032619
4	4160193	4161293
4	2742594	2743361
4	1314440	1315246
4	1315246	1316439
4	1316451	1317809
4	1317813	1319408
4	1319408	1320970
4	4630783	4631109
4	3510656	3511660
4	3963784	3964113
4	930308	931273
4	190857	191708
4	4589680	4591335
4	430353	431237
4	1682283	1683212
4	2736970	2738091
4	4265137	4266330
4	1987705	1988916
4	1384744	1386285
4	1713972	1715246
4	2426079	2426648
4	4014454	4015215
4	3588047	3588934
4	3589032	3590348
4	3586133	3587203
4	3587205	3588050
4	3585393	3586136
4	3848159	3848749
4	3846657	3848159
4	3845328	3846647
4	3843799	3845190
4	1692284	1694095
4	1230409	1231677
4	1229990	1230409
4	2714776	2715465
4	2433658	2434671
4	504138	505790
4	4269072	4271894
4	812749	814770
4	1990898	1992730
4	3996006	3998168
4	1607253	1608704
4	4549659	4550843
4	4479005	4481860
4	2028472	2028942
4	3994310	3995206
4	3036134	3036844
4	3036869	3037765
4	2632254	2633624
4	1830452	1831258
4	3727466	3728788
4	3725940	3727394
4	4238802	4240277
4	18715	19620
4	21407	22348
4	25826	26275
4	26277	27227
4	27293	28207
4	60358	63264
4	89634	90092
4	90094	91035
4	91032	91397
4	107705	108217
4	122092	122856
4	136570	136917
4	178455	179153
4	256527	257771
4	406203	406394
4	414974	416176
4	423561	424142
4	426511	426843
4	429829	430176
4	440325	440567
4	475896	476249
4	493300	493629
4	498238	499197
4	499349	500653
4	563071	563703
4	621523	622773
4	628523	628936
4	631405	631602
4	738224	738733
4	764376	765098
4	773975	774379
4	921589	921813
4	925951	926655
4	1029982	1030641
4	1039668	1039760
4	1116030	1117082
4	1121936	1122496
4	1144163	1145122
4	1146017	1146538
4	1309872	1310270
4	1310375	1310914
4	1310944	1311687
4	1312044	1312682
4	1312742	1313248
4	1313294	1313794
4	1313880	1314059
4	1340682	1341008
4	1642675	1642926
4	1643143	1643298
4	1643370	1643657
4	1785469	1786302
4	1790291	1790755
4	1846149	1846700
4	1849911	1850552
4	1944275	1944877
4	1945435	1946175
4	1946204	1946656
4	1988978	1989643
4	1992727	1993383
4	2027563	2028483
4	2332978	2334666
4	2337589	2338311
4	2442773	2443582
4	2513665	2515854
4	2519615	2520499
4	2589269	2589625
4	2597928	2598500
4	2599223	2599840
4	2735176	2735517
4	2741647	2742129
4	2743392	2743940
4	2960463	2960786
4	2960771	2961178
4	2961175	2961738
4	2977965	2978657
4	3054263	3054811
4	3066195	3066830
4	3066969	3067829
4	3071998	3072711
4	3072708	3073217
4	3177766	3178437
4	3178443	3179603
4	3179641	3180429
4	3180572	3181345
4	3204485	3205396
4	3205393	3205998
4	3207552	3208565
4	3260474	3261682
4	3265876	3266415
4	3266437	3267624
4	3268647	3269792
4	3269889	3270773
4	3309855	3310799
4	3310799	3311200
4	3315576	3316028
4	3436046	3436456
4	3464819	3465013
4	3483436	3483840
4	3514042	3515328
4	3584966	3585406
4	3724947	3725384
4	3764360	3765202
4	3790849	3791706
4	3794002	3794961
4	3807848	3808327
4	3812517	3813113
4	3814699	3815562
4	3815783	3816607
4	3826968	3828359
4	3874163	3874975
4	3875090	3875488
4	3883099	3884745
4	3911853	3913223
4	3924035	3924478
4	3993606	3994313
4	3995206	3995922
4	4048156	4048788
4	4163451	4164308
4	4170080	4171108
4	4211257	4211640
4	4211703	4212146
4	4218324	4220510
4	4238348	4238758
4	4325158	4327386
4	4380666	4381643
4	4404213	4404638
4	4597718	4598212
4	4599647	4600120
4	4633544	4634017
4	4634030	4634719
4	1489701	1489874
4	1932863	1934338
4	2144716	2145564
4	4154873	4156246
4	2019528	2019893
4	4363495	4364796
4	81958	83529
4	1545425	1548472
4	1548485	1549369
4	1549362	1550015
4	4338743	4339651
4	1797826	1798023
4	3440640	3440756
4	1680906	1682207
4	1771813	1772679
4	830095	831459
4	331595	332683
4	3465182	3467875
4	806656	807132
4	796836	797654
4	1489946	1490095
4	944154	944780
4	945094	946242
4	3065362	3066102
4	3073239	3074204
4	1395696	1396646
4	2911721	2913022
4	2908778	2909113
4	4446470	4446721
4	1266543	1267352
4	974845	975549
4	980270	982117
4	667471	667938
4	667942	668259
4	400610	400870
4	402927	404042
4	952832	953689
4	4404677	4407118
4	3946472	3947992
4	890407	891129
4	3490590	3491771
4	3451530	3451949
4	960424	961107
4	3787070	3788104
4	3725430	3725771
4	3432236	3433183
4	2088020	2088070
4	3948345	3948443
4	2735621	2735668
4	1797250	1797294
4	1321062	1321106
4	3850913	3851011
4	3886458	3886532
4	190	255
4	4470422	4470556
4	83622	83708
4	4395435	4397282
4	2599840	2601858
4	202101	202556
4	2685491	2686825
4	4151719	4152870
4	2854475	2854828
4	409368	410276
4	2233287	2234522
4	2239832	2240989
4	3079935	3080693
4	3147684	3148568
4	1262100	1262723
4	1261249	1262100
4	3967054	3968100
4	4623935	4625317
4	4041441	4042067
4	3395807	3396400
4	3394348	3395817
4	1646532	1646687
4	1646689	1646817
4	1646847	1647065
4	1647818	1648009
4	658170	658373
4	658474	659439
4	1472245	1473105
4	1473168	1475474
4	3408302	3409267
4	3809914	3810582
4	4097514	4098548
4	1189839	1191209
4	3401506	3402480
4	3735520	3737550
4	1148951	1149880
4	1149893	1150627
4	1290680	1291588
4	432226	432675
4	432679	433782
4	433871	434341
4	3052888	3053466
4	3050362	3051540
4	1333855	1336530
4	355395	356678
4	354146	355405
4	2654770	2655105
4	2789295	2790743
4	2792275	2793675
4	1336594	1337184
4	2618268	2618894
4	3049137	3050339
4	3817511	3819193
4	4625338	4626570
4	3088369	3089076
4	2245085	2246554
4	1113030	1113404
4	3803966	3805090
4	3803176	3803973
4	3805087	3806121
4	1297821	1298468
4	1113487	1114713
4	1191890	1192996
4	1191213	1191854
4	2010724	2011038
4	2011253	2012911
4	3882839	3883096
4	3802204	3803139
4	3801081	3802160
4	3800062	3801081
4	3799006	3800022
4	2809449	2810621
4	1999094	1999813
4	1998497	1999048
4	832293	834443
4	3333257	3334516
4	3463565	3464242
4	3734376	3735200
4	2137783	2139636
4	159186	160112
4	4394088	4395425
4	3898627	3900243
4	4632464	4633333
4	2913079	2915835
4	2373984	2374841
4	4250529	4251026
4	4251039	4251911
4	2695937	2696572
4	2695376	2695879
4	2693823	2695379
4	157253	157732
4	2241006	2241674
4	3159279	3160691
4	3160766	3161503
4	1762042	1762410
4	1038519	1039655
4	1036963	1038507
4	3189761	3189961
4	3347828	3348481
4	638168	638731
4	638976	640541
4	2004180	2005667
4	2003327	2003737
4	2003737	2004102
4	3638134	3638568
4	4609419	4610024
4	1232399	1233940
4	1231723	1232253
4	4159147	4159794
4	4159794	4160153
4	4023011	4024504
4	3654431	3654763
4	3653989	3654315
4	3653278	3653925
4	402505	402825
4	4461077	4462732
4	2623137	2624678
4	1255944	1257035
4	928419	930185
4	1740625	1741266
4	1236794	1238092
4	1238102	1239172
4	967589	968575
4	4455337	4455888
4	185978	188650
4	669797	670828
4	4481860	4482303
4	4605826	4606239
4	847631	848134
4	4458545	4460683
4	2139658	2140239
4	2276592	2277782
4	357015	357914
4	2346844	2347494
4	3796262	3797335
4	3794971	3796230
4	3798290	3798988
4	3797368	3798219
4	3077666	3079657
4	4157413	4158813
4	4187809	4188348
4	1186342	1187463
4	2516489	2516833
4	2516835	2517227
4	4439561	4440199
4	1617598	1617981
4	1617144	1617578
4	4493213	4494232
4	1146844	1147914
4	1145234	1145818
4	2810638	2812176
4	3431712	3432221
4	3641163	3643205
4	3047595	3048689
4	3056688	3057347
4	3058872	3061016
4	3061009	3062004
4	2816983	2817168
4	4283436	4285394
4	3945151	3945990
4	3946109	3946447
4	3968156	3969286
4	3969283	3970545
4	3970545	3971612
4	3971631	3972512
4	3972490	3973164
4	3973169	3974299
4	3976624	3977976
4	3977979	3978719
4	3978910	3980295
4	2583753	2585453
4	3998315	3999079
4	3999449	4000399
4	4000442	4000822
4	4000836	4001216
4	4001311	4002201
4	4002253	4002720
4	4005780	4006400
4	4006462	4007082
4	4008223	4009023
4	4009099	4009998
4	4015356	4016783
4	4016878	4017633
4	4017647	4018252
4	4018249	4019889
4	4019968	4020237
4	4020759	4021535
4	4021577	4022359
4	4030515	4031129
4	4032631	4033176
4	3974301	3975551
4	1715375	1716031
4	1716090	1716419
4	1103670	1104125
4	4255765	4257144
4	4261271	4262254
4	1152523	1153332
4	1153335	1154357
4	3655018	3655590
4	3407092	3407973
4	3409675	3410559
4	3329792	3330757
4	1154985	1155989
4	4336277	4338544
4	219591	219995
4	218887	219594
4	220113	220928
4	1923132	1923362
4	3323023	3324957
4	3325057	3325686
4	1553850	1553987
4	2621066	2623132
4	9306	9893
4	9928	10494
4	11382	11786
4	3359198	3359962
4	3360134	3360808
4	1234932	1236464
4	4112592	4113602
4	4111749	4112495
4	3616611	3617012
4	3621422	3621805
4	728357	728563
4	732999	733325
4	734873	735442
4	2288522	2289169
4	1348275	1349063
4	4120403	4121362
4	1886085	1887770
4	1739437	1740585
4	2373022	2373984
4	1258014	1258292
4	3865032	3865445
4	3864492	3864920
4	3862635	3864296
4	1125380	1126027
4	2710049	2710786
4	191855	192580
4	1066335	1066931
4	3929339	3931207
4	518363	518989
4	4195739	4196803
4	3656389	3656916
4	1139256	1140209
4	117752	118645
4	1726371	1727018
4	1727111	1731727
4	1185067	1186293
4	2833195	2835447
4	2835600	2836127
4	3320755	3322092
4	2796113	2796517
4	6529	7959
4	8238	9191
4	35377	36162
4	36271	37824
4	37898	39115
4	39244	40386
4	40417	41931
4	42403	43173
4	43188	44129
4	44180	45466
4	45463	45750
4	45807	47138
4	47246	47776
4	54755	57109
4	57364	58179
4	71351	72115
4	72229	72927
4	72911	74521
4	74497	75480
4	78848	79453
4	79464	80864
4	80867	81958
4	3534834	3535310
4	831691	832173
4	834471	835433
4	835574	836659
4	533140	534921
4	534934	535710
4	4192227	4194122
4	4191592	4192227
4	4190844	4191599
4	4189888	4190658
4	4188758	4189891
4	660860	661501
4	661602	661865
4	659648	660601
4	816267	817256
4	817278	817790
4	818271	818516
4	818518	818970
4	1618013	1618231
4	2650516	2651361
4	2652179	2652955
4	3194823	3197663
4	3197686	3198987
4	3430458	3431582
4	3430013	3430486
4	1307040	1308293
4	1308593	1308889
4	1305209	1306669
4	2481777	2482391
4	2482396	2485989
4	4328525	4330027
4	4331970	4333613
4	4330204	4331295
4	4331305	4331973
4	4374898	4375215
4	2160900	2162303
4	2162300	2163022
4	1169741	1173187
4	1345002	1346936
4	221614	222645
4	468095	469867
4	2927598	2928965
4	902229	902957
4	901480	902211
4	900757	901473
4	900089	900757
4	899067	899798
4	893007	894119
4	894214	895347
4	895357	896310
4	896307	897152
4	580057	580602
4	1615052	1616242
4	1616267	1616932
4	1618262	1619161
4	1619356	1620543
4	1620984	1621874
4	1622129	1622521
4	1622797	1623315
4	2256377	2257318
4	208621	209580
4	229167	229970
4	229967	230881
4	231122	231922
4	231926	232549
4	3380222	3381289
4	3991762	3992082
4	2012904	2013899
4	2013892	2014578
4	518957	519643
4	1690914	1692287
4	2005701	2006114
4	2006301	2007506
4	2007503	2007736
4	3475929	3476519
4	3475662	3475880
4	3201332	3202153
4	817793	818278
4	2318065	2319891
4	2319888	2321273
4	2321469	2322131
4	2322131	2322781
4	2322778	2324100
4	2324131	2325315
4	3202243	3202611
4	3202716	3203333
4	148807	149601
4	4119780	4120310
4	791539	793011
4	149715	150953
4	2971877	2974036
4	3341966	3342691
4	3344195	3344482
4	3344600	3345091
4	3816897	3817514
4	3828480	3830189
4	3830242	3832560
4	3832570	3833952
4	3834976	3836160
4	3836271	3837194
4	3838572	3839762
4	3839973	3840425
4	3840478	3841812
4	3841987	3843753
4	3851945	3853129
4	3853137	3853634
4	3853631	3853993
4	3853983	3854330
4	3854438	3854887
4	787020	788060
4	786066	786818
4	782389	783108
4	2140331	2140972
4	4194926	4195699
4	483650	484843
4	480478	483627
4	3854934	3856427
4	3856424	3858139
4	3858306	3859199
4	3861922	3862638
4	3865751	3866083
4	3866085	3867299
4	3867400	3868464
4	3868461	3869753
4	3871018	3871635
4	3871619	3872497
4	3872494	3873183
4	3873461	3874117
4	3889638	3890813
4	3890788	3891747
4	3891904	3892653
4	3892675	3893241
4	3893295	3894632
4	3894797	3895462
4	3895529	3895996
4	3896045	3896632
4	3896694	3897416
4	3897431	3898600
4	3926175	3927626
4	3927620	3929116
4	3937208	3938635
4	3938658	3939350
4	1084215	1085279
4	1082599	1083870
4	222833	223408
4	220968	221621
4	4194355	4194831
4	590164	592401
4	587205	590177
4	3410825	3411487
4	1575681	1577366
4	1573271	1575643
4	1570431	1573226
4	147944	148795
4	146314	146694
4	146968	147870
4	145081	146310
4	3541189	3542067
4	1978212	1979636
4	1979611	1980411
4	1269972	1271072
4	77621	78799
4	2033859	2034710
4	349236	350405
4	4393608	4394069
4	4392089	4393636
4	1326378	1327136
4	1527946	1528428
4	1531076	1531309
4	3759370	3759978
4	3766200	3766661
4	3768266	3769402
4	3769405	3769767
4	3623702	3624826
4	529356	530450
4	526805	527173
4	2389534	2391063
4	2398240	2399577
4	710828	711121
4	711261	712025
4	3100155	3100874
4	4285787	4287223
4	2752918	2753400
4	2754181	2755422
4	2714088	2714471
4	2712461	2713342
4	2715513	2716550
4	2125217	2126338
4	2124249	2125214
4	2123767	2124246
4	2122547	2123770
4	3076909	3077352
4	3075493	3076881
4	2939258	2939653
4	2938165	2939265
4	2939672	2940589
4	4621124	4622140
4	2576688	2577638
4	114522	115724
4	3142176	3143162
4	3141008	3142186
4	3139308	3141011
4	3138814	3139308
4	3138333	3138821
4	3137999	3138340
4	3137738	3137986
4	1927072	1927731
4	1928058	1928414
4	1928481	1928771
4	1928905	1930083
4	3044190	3047063
4	4412298	4413923
4	4411051	4412214
4	1058479	1061025
4	1057307	1058479
4	2869323	2869802
4	2867535	2868296
4	1287005	1287847
4	1117124	1117699
4	472190	473476
4	1362256	1363536
4	2550374	2551243
4	3151585	3152244
4	1532989	1533882
4	1041253	1043433
4	4311373	4311822
4	4038929	4039456
4	4039438	4040022
4	4040092	4040361
4	4040438	4041424
4	4042222	4043652
4	4043693	4044625
4	4049370	4049879
4	4050068	4051441
4	4056430	4058253
4	4058470	4059180
4	4059188	4060168
4	4060270	4061535
4	4062386	4063789
4	4063832	4065217
4	4065263	4067299
4	4067498	4068424
4	4068538	4069779
4	4069796	4070674
4	4070698	4071594
4	4071762	4072658
4	4072692	4073477
4	4073576	4074175
4	4074169	4075041
4	4075038	4075475
4	4075472	4076461
4	4077320	4077532
4	4077774	4077992
4	4079248	4079883
4	4079880	4080782
4	4080795	4083845
4	4084039	4084872
4	4085025	4086080
4	4086130	4087878
4	4087878	4088948
4	4088938	4090389
4	4090400	4090846
4	4091147	4091461
4	4091471	4092295
4	4092746	4094005
4	4094002	4095471
4	4099713	4100696
4	4100845	4101519
4	3511653	3512411
4	4103843	4104343
4	4104492	4105394
4	4109638	4110237
4	4110338	4110778
4	4110990	4111289
4	4111316	4111744
4	4116538	4116783
4	4116868	4117353
4	4117446	4118372
4	4118439	4119770
4	4125309	4125917
4	1498597	1499589
4	1499586	1500179
4	1108558	1110093
4	1110086	1112629
4	2716757	2717176
4	3779238	3779711
4	3652706	3653236
4	3651984	3652550
4	2077557	2078615
4	2078813	2079286
4	2079405	2080571
4	2082250	2082477
4	2082491	2083549
4	2083728	2085086
4	2707459	2708034
4	1412008	1412817
4	1411757	1411951
4	1411555	1411764
4	4134131	4135036
4	4135063	4135680
4	4135955	4137058
4	4137069	4137731
4	4137743	4140244
4	4140553	4141632
4	4141647	4141967
4	4142018	4144315
4	4144281	4145159
4	4145161	4145502
4	4145489	4146340
4	4146555	4148288
4	4196813	4197484
4	4197527	4198117
4	4198589	4199284
4	4199286	4199711
4	4225754	4227385
4	4227476	4228165
4	4228377	4229249
4	4229382	4229654
4	4233929	4234171
4	4234285	4234923
4	4234920	4235657
4	4235657	4237753
4	4257260	4257469
4	4257511	4258026
4	4258344	4258598
4	4258622	4259329
4	4259737	4260729
4	4260863	4261105
4	4267437	4268150
4	4268261	4268677
4	4268681	4269037
4	4272783	4273064
4	4273494	4275080
4	4276502	4277851
4	4278003	4279652
4	4279806	4281098
4	4281276	4282925
4	4282922	4283236
4	4287268	4287834
4	4287831	4288502
4	4288499	4289455
4	4289535	4291193
4	4291186	4291569
4	4291566	4292162
4	4294459	4295148
4	4297587	4299053
4	4299050	4301101
4	4301101	4302132
4	4302635	4304620
4	4304893	4305822
4	4305806	4306501
4	4306512	4307492
4	4307471	4309003
4	3512404	3513081
4	3775422	3777077
4	3777077	3777853
4	3777850	3779040
4	3774688	3775050
4	3773595	3774182
4	4335191	4335952
4	1137601	1139244
4	3436453	3436671
4	3436727	3437152
4	3437163	3437531
4	2511064	2512266
4	152829	155426
4	155461	156201
4	4541751	4542290
4	2019893	2020630
4	2020640	2020909
4	2020917	2021702
4	2108162	2109043
4	2107605	2108162
4	2106361	2107608
4	2105250	2106353
4	2104084	2105250
4	2103089	2104081
4	2102518	2103108
4	2101415	2102533
4	2185402	2186436
4	2186452	2188932
4	2188948	2189667
4	2189702	2190244
4	2190537	2190818
4	2198301	2201933
4	2201994	2202311
4	2202618	2203706
4	2203717	2205996
4	2205989	2207125
4	2209247	2209708
4	2209748	2210218
4	2210265	2210984
4	2210981	2212666
4	2212888	2213619
4	2213767	2214498
4	2214503	2215429
4	2215422	2216579
4	2216586	2217503
4	2217714	2220011
4	2221960	2222892
4	2223066	2223653
4	2223823	2224401
4	2224531	2225292
4	2227460	2228407
4	2228646	2229044
4	2229041	2229736
4	2230900	2231619
4	2241932	2242768
4	2247739	2248788
4	2249722	2250810
4	2250917	2252167
4	2252267	2253208
4	2253377	2254036
4	2254107	2255357
4	2255451	2256389
4	2261885	2263066
4	2263472	2264044
4	2264267	2265733
4	2270386	2272200
4	2272201	2273295
4	2273295	2274320
4	2274322	2275911
4	2275915	2276259
4	2282151	2282378
4	2277810	2278505
4	2278654	2280414
4	2280962	2281969
4	2282398	2284158
4	2289380	2290432
4	2290429	2290986
4	2290983	2292926
4	2292923	2293402
4	2293605	2294342
4	2294384	2295046
4	2295043	2295666
4	2295679	2296281
4	2296291	2296740
4	2296737	2297600
4	2297587	2298282
4	2298289	2300775
4	2301025	2301519
4	2303130	2304776
4	2304994	2306637
4	2308501	2309556
4	16751	16960
4	3611690	3613264
4	3613264	3614208
4	3614205	3615038
4	3615038	3615802
4	3615799	3616605
4	2820161	2820661
4	2961729	2962199
4	2402651	2403094
4	2401973	2402635
4	2400077	2401867
4	2399574	2400074
4	2395461	2398187
4	2394487	2395464
4	2393930	2394472
4	2393364	2393918
4	2393065	2393367
4	2391227	2393068
4	2388070	2389527
4	75644	77299
4	3320195	3320527
4	4446715	4447065
4	2732325	2733056
4	2733053	2734033
4	4373722	4374288
4	2577658	2579661
4	3538185	3538412
4	3538429	3540750
4	2265851	2266837
4	2246759	2247640
4	115714	117099
4	117109	117549
4	2828797	2830311
4	1485259	1486059
4	2865636	2866775
4	2756666	2756878
4	3517487	3518725
4	4607437	4609026
4	4606669	4607346
4	484985	485632
4	1287897	1288355
4	1288468	1289373
4	1289465	1290478
4	3087777	3088274
4	2403725	2404663
4	2424028	2424810
4	2423252	2423938
4	727955	728044
4	4462782	4464203
4	2963184	2964059
4	2616893	2618182
4	2655107	2656957
4	2656974	2657489
4	2657585	2657908
4	2541854	2542645
4	848433	849320
4	849673	850188
4	2159488	2160903
4	215269	215979
4	216179	217003
4	2686815	2687528
4	1736890	1737822
4	1737935	1739146
4	2926251	2927540
4	2300772	2301035
4	712781	714421
4	3345137	3345991
4	3345988	3346260
4	3086306	3087700
4	1669400	1669708
4	2062503	2063246
4	2061412	2062491
4	4492646	4493209
4	1540696	1542084
4	1416695	1417183
4	1416032	1416253
4	1415862	1416032
4	1417180	1417335
4	408332	409243
4	407401	407685
4	3433229	3434518
4	4631820	4632467
4	973542	974864
4	971845	972624
4	972760	973545
4	418815	420134
4	2293399	2293608
4	4613538	4615088
4	1161108	1161467
4	3463104	3463565
4	1417346	1417480
4	4360756	4361331
4	4363041	4363379
4	4361368	4363065
4	656515	656724
4	655780	656340
4	1731778	1732125
4	452813	453391
4	451294	452769
4	3175303	3175932
4	3174880	3175302
4	3173447	3174028
4	3174028	3174855
4	2964210	2966456
4	2551247	2552146
4	2552152	2553204
4	471822	472160
4	2748853	2749731
4	1062078	1062998
4	1061773	1062078
4	1061022	1061621
4	1063259	1064515
4	712210	712755
4	1814410	1815159
4	2145698	2147050
4	2797672	2798016
4	4464322	4465269
4	1639363	1639578
4	1905250	1905459
4	1639879	1640091
4	1904275	1905084
4	656778	657161
4	3792952	3793998
4	3596007	3596390
4	3603002	3603271
4	3603274	3603633
4	3603774	3604400
4	3604474	3606672
4	3606774	3607019
4	3607240	3607905
4	3607978	3608535
4	3608539	3609756
4	3609888	3610937
4	3610992	3611579
4	3624826	3627561
4	3627558	3628625
4	3628991	3630613
4	3632864	3633916
4	3634231	3635433
4	3635665	3637164
4	3637408	3637743
4	3638885	3640354
4	3640403	3641155
4	3643408	3644250
4	3646551	3646904
4	3646958	3648247
4	3648260	3648685
4	3657255	3658412
4	3658437	3661550
4	3661913	3662641
4	3663009	3663833
4	3665814	3667211
4	3667615	3669264
4	3669315	3669917
4	3670437	3671336
4	3671385	3672398
4	3672809	3674131
4	3674313	3676373
4	3676443	3677210
4	3677442	3678371
4	3678467	3679963
4	3681653	3683641
4	3683723	3687196
4	3687178	3688284
4	3688291	3690630
4	3690641	3693259
4	3694020	3694208
4	3694481	3696052
4	3696049	3696240
4	3696237	3697916
4	3698586	3699857
4	3706807	3708498
4	3708822	3710030
4	3710259	3710957
4	3711675	3712115
4	3714570	3715229
4	3715333	3716307
4	3716357	3717067
4	3723910	3724905
4	3730224	3731765
4	3731743	3732924
4	3739707	3740555
4	3740756	3741754
4	3741766	3742233
4	3742351	3742824
4	3742827	3744104
4	3744117	3745103
4	3745107	3746603
4	3746600	3747262
4	3747255	3748115
4	3748109	3748804
4	3749151	3749891
4	3750015	3750989
4	3750986	3752122
4	3752128	3752451
4	3752996	3754534
4	3754699	3755850
4	3782214	3782465
4	3782607	3783038
4	3783283	3784827
4	3784861	3786120
4	3786124	3787083
4	1073465	1074103
4	1154347	1154988
4	1156000	1156797
4	1350660	1351652
4	1349852	1350658
4	1023125	1023571
4	1025780	1026238
4	2696781	2697629
4	4638965	4639651
4	2653097	2654380
4	2654558	2654758
4	112599	113219
4	111856	112599
4	111649	111846
4	129407	131260
4	131615	134212
4	137083	138633
4	142008	142670
4	142779	143705
4	143702	144472
4	144577	145017
4	2354926	2355825
4	151003	151599
4	151626	152231
4	152243	152812
4	156299	156883
4	162105	164534
4	161501	162031
4	175107	176528
4	176610	176954
4	177001	177624
4	177662	178462
4	182463	183620
4	183709	184095
4	184257	185069
4	280053	281207
4	276980	278026
4	2706776	2707426
4	4619792	4621123
4	4626878	4628545
4	1364959	1365936
4	1625541	1626287
4	3718471	3718623
4	1995086	1995838
4	3957555	3957836
4	3992545	3992748
4	214833	215255
4	3556290	3557888
4	1781055	1782701
4	992500	993267
4	751452	752018
4	2346536	2346790
4	2980519	2981280
4	2377370	2378665
4	3183436	3183987
4	3482512	3483381
4	3089156	3089887
4	597937	601080
4	1941438	1942223
4	1850645	1852003
4	1198902	1200029
4	3306062	3306946
4	2929077	2929832
4	2924330	2925694
4	3489475	3489642
4	963543	965807
4	2524968	2525966
4	1948856	1949422
4	1949419	1950237
4	3544581	3545897
4	2801524	2802483
4	4366687	4367163
4	549662	550555
4	2311510	2314182
4	2793696	2794358
4	2788004	2789272
4	562553	563068
4	4536808	4537524
4	1787637	1787828
4	1258347	1260026
4	3206046	3207509
4	1860040	1860453
4	773532	773825
4	2141290	2144607
4	1003170	1003880
4	1246919	1248337
4	1741481	1742854
4	2641151	2642305
4	1271342	1271572
4	1271730	1272425
4	1272469	1272822
4	1273007	1274401
4	829195	829866
4	865791	866756
4	2581568	2583547
4	2580925	2581500
4	2109101	2110000
4	2110000	2111085
4	2464567	2465724
4	2172619	2173071
4	2172304	2172588
4	2170945	2172300
4	2169857	2170897
4	2173081	2174343
4	2174372	2175226
4	2463323	2464255
4	837413	837679
4	836888	837148
4	387019	387870
4	1265317	1266150
4	2165326	2165544
4	794312	795085
4	479558	479932
4	1359935	1360492
4	1773611	1775206
4	1324876	1325751
4	3199229	3199849
4	196546	197898
4	2371670	2373025
4	2374856	2375614
4	4451606	4452601
4	4453808	4455181
4	2746796	2748082
4	3099829	3100155
4	1166822	1167361
4	2713445	2714032
4	2739382	2739747
4	1654208	1654768
4	586314	587204
4	2445530	2446462
4	2831934	2833067
4	1651951	1653165
4	1650920	1651939
4	4476496	4476912
4	505827	506306
4	2970691	2971884
4	1566978	1568513
4	1687876	1689384
4	4309130	4310065
4	4310124	4311014
4	4327383	4328261
4	4333717	4335054
4	4342952	4343581
4	4347338	4348057
4	4348054	4349685
4	4349866	4350096
4	4350108	4350380
4	4350607	4350903
4	4352977	4354434
4	4367179	4368435
4	4370832	4371185
4	4371388	4372257
4	4372652	4373680
4	4375212	4375745
4	4381862	4383364
4	4383416	4383730
4	4383727	4384041
4	4384070	4387393
4	4388480	4389532
4	4389627	4390172
4	4390951	4392090
4	4402409	4402606
4	4407298	4408029
4	4408156	4408557
4	4408576	4409274
4	4409325	4409984
4	4410002	4410400
4	4410410	4411048
4	4414464	4414793
4	4414975	4415724
4	4415721	4416476
4	4416584	4417648
4	4418003	4419400
4	4419416	4419721
4	4419731	4420195
4	4420209	4420859
4	4420869	4421723
4	4421723	4422409
4	4422539	4422814
4	4424651	4425445
4	4426102	4426740
4	4426958	4427578
4	4427887	4429299
4	4429344	4430006
4	4430114	4431079
4	4431187	4432047
4	4432136	4432516
4	4435730	4436668
4	4436731	4437285
4	4437610	4437816
4	4437895	4439238
4	4440405	4442138
4	4442135	4445914
4	4445917	4446258
4	4447985	4448941
4	4449081	4450583
4	4450594	4451619
4	4414040	4414315
4	3273304	3274875
4	4457923	4458387
4	4468550	4468936
4	4465648	4468344
4	4470837	4471232
4	4471363	4472076
4	4472147	4472740
4	4472885	4473337
4	4473460	4475274
4	4477057	4477560
4	4477753	4478949
4	4484241	4485341
4	4485341	4486423
4	4486584	4488086
4	4488164	4489162
4	4489229	4490548
4	4490610	4491374
4	4491398	4492429
4	4502081	4503298
4	4503310	4504428
4	4518694	4520043
4	4520150	4522117
4	4522128	4523033
4	4523038	4523826
4	4524129	4524911
4	4524928	4525560
4	4525572	4526003
4	4526134	4526940
4	4526953	4528266
4	4528553	4529674
4	4530460	4531206
4	4531262	4531807
4	4534637	4535617
4	4535682	4536788
4	4547976	4549319
4	4553513	4554343
4	4555016	4555408
4	4555401	4556312
4	4556377	4557549
4	4557562	4558023
4	4558020	4558703
4	4558953	4559507
4	4559520	4560698
4	4560766	4561626
4	4561945	4562712
4	4562722	4563873
4	4563989	4565269
4	4565310	4566542
4	4568185	4569597
4	4569774	4569938
4	4577522	4577863
4	4586899	4587102
4	4587152	4589302
4	4591384	4592745
4	4592960	4593874
4	4594013	4595035
4	4595173	4597464
4	4600111	4600881
4	4601500	4602225
4	4602333	4602860
4	4602898	4603686
4	4604692	4605723
4	4610434	4611507
4	4611504	4612283
4	4612703	4613566
4	4631256	4631768
4	4638425	4638565
4	4499283	4499612
4	4517361	4518347
4	134388	134750
4	1151162	1152403
4	2415103	2416623
4	34781	35371
4	59687	60346
4	3378765	3380132
4	1712401	1713006
4	3378213	3378611
4	1056485	1057177
4	1055484	1056512
4	1052657	1055401
4	3341402	3341959
4	604741	605109
4	602639	603886
4	1103174	1103629
4	1550852	1551862
4	500786	502462
4	3717501	3717791
4	3702794	3703813
4	3701882	3702784
4	3700888	3701871
4	3699887	3700891
4	3575088	3575615
4	3575754	3576749
4	3573744	3575084
4	2882575	2885241
4	2022659	2022847
4	642780	643190
4	2534408	2535259
4	2535364	2535738
4	2112526	2113920
4	2113931	2115151
4	1349431	1349784
4	3170552	3171133
4	3171164	3171478
4	1117703	1118269
4	685152	685892
4	684478	685152
4	683753	684478
4	1129058	1129351
4	1128637	1129053
4	552441	553163
4	1694486	1695076
4	1689610	1690875
4	1118691	1119809
4	1120465	1120710
4	2371294	2371560
4	1386329	1386835
4	1433209	1433643
4	2794359	2794808
4	197928	200360
4	2658339	2659553
4	1939675	1940607
4	1861874	1862758
4	1997609	1998409
4	2060415	2061347
4	640662	641090
4	936595	937206
4	3039335	3040315
4	2069563	2072682
4	1122630	1123277
4	1112802	1113029
4	937217	938560
4	1338582	1339751
4	631612	632700
4	1894194	1894772
4	3203346	3204278
4	1480279	1480884
4	3037877	3038398
4	2821871	2822368
4	2822513	2823598
4	686062	686970
4	682700	683635
4	948891	949481
4	1066087	1066314
4	3096580	3097587
4	3098926	3099645
4	2871036	2871359
4	555255	555776
4	2026473	2027390
4	2030408	2031103
4	2812240	2812755
4	1544312	1545193
4	193521	194717
4	3212989	3213495
4	3217516	3218895
4	3218937	3219269
4	3224256	3225689
4	3225823	3226893
4	3226910	3229261
4	3229687	3231705
4	3231750	3232166
4	3232163	3232477
4	3232761	3233897
4	3233982	3234485
4	3234562	3235254
4	3235333	3236319
4	3236602	3237567
4	3237966	3239210
4	3239215	3239766
4	3239849	3241336
4	3241351	3242763
4	3243126	3244544
4	3244674	3245450
4	3245795	3246457
4	3246461	3246844
4	3246991	3247359
4	3247397	3247702
4	3247705	3248109
4	3248584	3248976
4	3249046	3250032
4	3250326	3250691
4	3250933	3251289
4	3251340	3252236
4	3252341	3253042
4	3253065	3253229
4	3253363	3254673
4	3254701	3256032
4	3256307	3257671
4	3257743	3258132
4	3258146	3260440
4	3271595	3272929
4	3275359	3275823
4	3275878	3276687
4	3276936	3278216
4	3278239	3278712
4	3279998	3281152
4	3281165	3282025
4	3282192	3282668
4	3282707	3283510
4	3283500	3284291
4	3284292	3285047
4	3285448	3286032
4	3286112	3286807
4	3286836	3289352
4	3289363	3290454
4	3290497	3291357
4	3291422	3293458
4	3293416	3293811
4	3293831	3294421
4	3294431	3295006
4	3295120	3296160
4	3296233	3296868
4	3296996	3297514
4	3297494	3297937
4	3297988	3298290
4	3298277	3298780
4	3298774	3299298
4	3299507	3300502
4	3300511	3301389
4	3301470	3302477
4	3318010	3319635
4	3325812	3326105
4	3328604	3329776
4	3334571	3334825
4	3334985	3335278
4	3335278	3335913
4	3335932	3336483
4	3336488	3337270
4	3337278	3338087
4	3338297	3339274
4	3339288	3340274
4	3340295	3340861
4	3340858	3341433
4	3346474	3347106
4	3347103	3347831
4	3351143	3352072
4	3360829	3363210
4	3364948	3365664
4	3365849	3366976
4	3367036	3367500
4	3367497	3368372
4	3368369	3369058
4	3371720	3372511
4	3372891	3374258
4	3376892	3378019
4	3383560	3383823
4	3383879	3384151
4	3384243	3386210
4	3386216	3387148
4	3387156	3387359
4	3387542	3388471
4	3388605	3390050
4	3390480	3394280
4	489334	489495
4	3405397	3405639
4	3410643	3410822
4	3416412	3416633
4	3418156	3419337
4	3419347	3420450
4	3420458	3421216
4	3427258	3427812
4	3427788	3428045
4	3428865	3429437
4	3429442	3429984
4	890136	890423
4	490106	490483
4	2087486	2087737
4	2876591	2876875
4	2338439	2342191
4	674241	674723
4	1398271	1399797
4	778821	779612
4	1017708	1018160
4	2722150	2722473
4	1494880	1496535
4	1934676	1935545
4	1993842	1994066
4	1977777	1978205
4	1987275	1987514
4	1496675	1496899
4	1912860	1913558
4	394354	395511
4	1328441	1328692
4	719806	720063
4	1383535	1384596
4	431536	432075
4	805221	806504
4	1029562	1029891
4	3053634	3053963
4	555884	556096
4	2740405	2741631
4	3134685	3136544
4	3132894	3134393
4	3457839	3459035
4	3459045	3459482
4	3459490	3459999
4	3451951	3453420
4	3453600	3454415
4	3454399	3456351
4	3456361	3457842
4	3459996	3460373
4	3460366	3460953
4	3460946	3461929
4	3461944	3463107
4	3472700	3472987
4	3472995	3473354
4	3473354	3473740
4	3473740	3474462
4	3474629	3475441
4	2493667	2494587
4	3478629	3479183
4	3479311	3481224
4	3481224	3482246
4	3482240	3482458
4	3484813	3486915
4	3497470	3497637
4	3497932	3499269
4	3499290	3500312
4	3500362	3501192
4	3501189	3501974
4	3502074	3502805
4	3502957	3504042
4	3504054	3505358
4	3505370	3505723
4	3505734	3506612
4	3506609	3507835
4	3507835	3508998
4	3509082	3509444
4	3509461	3510366
4	3518637	3519041
4	3519031	3519471
4	3519455	3519994
4	3519994	3520773
4	3523611	3524171
4	3524491	3526626
4	3526691	3527359
4	3527370	3527771
4	3527796	3528674
4	3528737	3530461
4	3535407	3537728
4	3540750	3540986
4	3542904	3543587
4	3543646	3544221
4	1481085	1484987
4	3553855	3554871
4	3554875	3556101
4	2808366	2808701
4	3573094	3573687
4	3576973	3577668
4	3577791	3578828
4	3579161	3579649
4	3579886	3581064
4	3582782	3583066
4	2470409	2470903
4	1667723	1668976
4	3121849	3122253
4	3213749	3214513
4	3214801	3215424
4	3215578	3217098
4	1956544	1957290
4	2506483	2507448
4	2922757	2923302
4	2830498	2831937
4	1011224	1012477
4	1012482	1014122
4	1322122	1322742
4	1322770	1324665
4	3043180	3043923
4	3062015	3062800
4	3062824	3064302
4	3064299	3065195
4	3074201	3075478
4	3092122	3093102
4	3093120	3093824
4	3093842	3094408
4	3094405	3094695
4	3094703	3095296
4	3095289	3096425
4	3102115	3102390
4	3102455	3103534
4	3107575	3108282
4	3108612	3109148
4	3111089	3111499
4	3111565	3112374
4	3112572	3117134
4	3117619	3119301
4	3123492	3124544
4	3124544	3126043
4	3126294	3127058
4	3129363	3130430
4	3130476	3131234
4	3131266	3131979
4	3132153	3132845
4	3136749	3137615
4	3143165	3144283
4	3144472	3144759
4	3145919	3146959
4	3146999	3147493
4	3152284	3153240
4	3153377	3154540
4	3154645	3155472
4	3155672	3156598
4	3156649	3156906
4	3156949	3159168
4	3164133	3165740
4	3165873	3166268
4	3166270	3166566
4	3166771	3167253
4	3167306	3167698
4	3167850	3168509
4	3168506	3169855
4	3169901	3170233
4	3182862	3183152
4	2899918	2901396
4	2902769	2903440
4	2903733	2904605
4	2989290	2989781
4	2990116	2991492
4	2991660	2991878
4	2997158	2997913
4	2998367	3000625
4	3000636	3001514
4	3001511	3001990
4	3002030	3003808
4	3004284	3005474
4	3005532	3006728
4	3006786	3007997
4	3008050	3009435
4	3009483	3010415
4	3010636	3012261
4	3012309	3013079
4	3013182	3013760
4	3014082	3017180
4	3017183	3018511
4	3018562	3019341
4	3019338	3022208
4	3022373	3023773
4	3023788	3025107
4	3025143	3026510
4	3026546	3027034
4	3027034	3028953
4	3029389	3030837
4	3031087	3031635
4	3038438	3038845
4	3038826	3039092
4	2969293	2969511
4	3040511	3041170
4	3041334	3041645
4	3041684	3043123
4	2940940	2941167
4	2941359	2942564
4	2942564	2943007
4	2943058	2943864
4	2944103	2945200
4	2945779	2947032
4	2966469	2966999
4	2968442	2969155
4	2969619	2970659
4	2981310	2982146
4	2982433	2983614
4	2983869	2985098
4	2985558	2986190
4	2986524	2987333
4	2987326	2987808
4	2857782	2858438
4	2858489	2859256
4	2859452	2860360
4	2860357	2861523
4	2861615	2862253
4	2862258	2863034
4	2863123	2864487
4	2868277	2869326
4	2869802	2870512
4	2870531	2870842
4	2876877	2877794
4	2877810	2878409
4	2878396	2879070
4	2879073	2880164
4	2880177	2880659
4	2880652	2882160
4	2890236	2890601
4	2890679	2891950
4	2891941	2892201
4	2892218	2892793
4	2892941	2893801
4	2893798	2894577
4	2894555	2895892
4	2895986	2897440
4	2897510	2898295
4	1940686	1941441
4	959487	960251
4	1009187	1011094
4	1447100	1449373
4	250898	251953
4	246242	246502
4	240859	243303
4	243543	244121
4	244327	245094
4	245065	245805
4	246712	247461
4	247637	248134
4	252005	252298
4	252301	252699
4	252709	253161
4	245961	246239
4	2363040	2363642
4	1665368	1666588
4	2520751	2522007
4	2523149	2523913
4	2474716	2475651
4	3083942	3084073
4	3084209	3084424
4	2916067	2917407
4	2917428	2918768
4	2918770	2920122
4	2920557	2921006
4	2921024	2921806
4	2921806	2922135
4	2923370	2924218
4	2898614	2899891
4	1984949	1985452
4	404988	405446
4	2705820	2706776
4	2705344	2705823
4	1445543	1447042
4	1441075	1443714
4	1439345	1439767
4	1439082	1439348
4	1435284	1438808
4	2379104	2379565
4	2378744	2379049
4	1439878	1440867
4	1363574	1364839
4	1679000	1679722
4	1680183	1680902
4	1679719	1680054
4	2752030	2752320
4	2752310	2752786
4	2755666	2756622
4	2757007	2758416
4	2758569	2759195
4	2759373	2761562
4	2761559	2763175
4	2763535	2763798
4	2763940	2765013
4	2765006	2765377
4	2765732	2766595
4	2766687	2767508
4	2767725	2768426
4	2768703	2769146
4	2769170	2769637
4	2771340	2773043
4	2773941	2774399
4	2774408	2774890
4	2775137	2775454
4	2776168	2780748
4	2697685	2697945
4	466636	467454
4	464836	466536
4	467607	468065
4	209679	211820
4	212331	213629
4	213678	213932
4	213925	214125
4	214291	214836
4	211877	212266
4	932447	936436
4	793079	793867
4	1386954	1387919
4	798845	799798
4	797809	798804
4	1051070	1051300
4	1051290	1051463
4	1051512	1052585
4	765207	767183
4	767201	769834
4	745158	745949
4	2063243	2063788
4	668519	669130
4	669154	669795
4	1985531	1985782
4	1228706	1229617
4	506510	507304
4	507442	507783
4	508099	510603
4	510865	511797
4	511800	513092
4	461139	463010
4	463161	463532
4	463626	464024
4	464076	464771
4	474603	475175
4	475206	475595
4	513217	513624
4	513625	514083
4	514080	514997
4	515143	515820
4	515807	516586
4	516649	517503
4	517564	518373
4	519640	522054
4	535810	536688
4	530519	531445
4	502700	503920
4	914575	915270
4	442828	443739
4	442275	442865
4	440773	442221
4	2987957	2988382
4	2362576	2363001
4	1952602	1955031
4	1955056	1956156
4	2007845	2008513
4	2008624	2009103
4	2480198	2481361
4	2478660	2480198
4	2486045	2487190
4	2798156	2798497
4	2798745	2798990
4	2798987	2799397
4	2795542	2796066
4	3090959	3091522
4	3091522	3091938
4	3122258	3123481
4	373092	374105
4	374683	375894
4	375996	376535
4	376759	377592
4	378830	379105
4	379293	380066
4	381963	383159
4	385431	386198
4	384456	385418
4	386195	387022
4	383283	383840
4	740298	741779
4	742050	742793
4	742816	743472
4	743466	744398
4	744388	745122
4	745946	746992
4	747144	748205
4	748202	748930
4	748945	751392
4	826468	828204
4	828197	829195
4	837753	838430
4	838472	840754
4	841019	841279
4	841555	842481
4	842478	844703
4	850237	851820
4	852406	852873
4	852870	853988
4	854047	854967
4	855186	856778
4	857019	858284
4	858436	859251
4	859397	861829
4	194903	195664
4	234027	234782
4	234816	235538
4	237335	238120
4	239419	240189
4	262914	263231
4	263972	264430
4	265334	265777
4	266408	267229
4	267321	268184
4	268513	269406
4	274549	275952
4	275939	276871
4	281481	282410
4	282425	284392
4	284619	286001
4	286013	287623
4	4603827	4604063
4	287628	288386
4	1399834	1401279
4	1401279	1402589
4	1402765	1403673
4	1404003	1404566
4	1404587	1405819
4	1406074	1407057
4	1409037	1409972
4	1410024	1411259
4	1411261	1411476
4	1417789	1418265
4	1418389	1418685
4	1418708	1419130
4	1419143	1420000
4	1420007	1420753
4	1427073	1430435
4	1431108	1431698
4	1432015	1432281
4	4061626	4062318
4	1433784	1434917
4	1391251	1392864
4	2041675	2042472
4	2042962	2050038
4	2054882	2055598
4	2072803	2074335
4	2074332	2074778
4	2074841	2075062
4	2075136	2075504
4	2075593	2075967
4	2077056	2077385
4	2085353	2086282
4	2086328	2087152
4	2645348	2650309
4	2657925	2658311
4	2840595	2841065
4	2659665	2660153
4	545904	547571
4	1957304	1957870
4	2095345	2096325
4	2096471	2097637
4	1718414	1718848
4	1717900	1718367
4	1101769	1102419
4	1101375	1101764
4	1100934	1101350
4	1100074	1100907
4	1104184	1104516
4	1342781	1344766
4	3193342	3194775
4	2663457	2664737
4	1722158	1722679
4	1722760	1723656
4	1725861	1726268
4	1444402	1445307
4	915696	917354
4	913181	914080
4	897741	898868
4	1379971	1380876
4	1644429	1644761
4	1161470	1161847
4	1161861	1162502
4	1162483	1163307
4	1163318	1164343
4	1164366	1164908
4	1167423	1168055
4	1168296	1168553
4	1168635	1169597
4	1173315	1174388
4	1174650	1175849
4	1175842	1176543
4	1176543	1177787
4	1177816	1178727
4	1178743	1179582
4	1179702	1180490
4	1180487	1180948
4	1193050	1193511
4	1193521	1194174
4	1196090	1196755
4	1196756	1197460
4	34300	34695
4	2660605	2661345
4	2662412	2663266
4	2664729	2665868
4	2666028	2666918
4	2667054	2668415
4	2668412	2668930
4	2668930	2669250
4	2669247	2670059
4	2670069	2671271
4	2687693	2689120
4	2671368	2671790
4	2671838	2672710
4	2672722	2673783
4	2673849	2674847
4	2674872	2676383
4	2676406	2677389
4	2677486	2680767
4	2680885	2682078
4	861835	862734
4	862865	863527
4	866743	868614
4	868634	870172
4	870190	871110
4	871113	872024
4	872202	874550
4	874558	875886
4	875933	877258
4	877471	877854
4	877965	879080
4	879077	879703
4	1852120	1852878
4	1853015	1853995
4	1854005	1854952
4	1854957	1855793
4	1855814	1856857
4	1856874	1858253
4	1858280	1859356
4	1859726	1859998
4	1823164	1823649
4	1862806	1863660
4	1863750	1864496
4	1864932	1866866
4	1866979	1868262
4	1868409	1869884
4	1871598	1872101
4	1872376	1872822
4	1872779	1873600
4	1873697	1874878
4	1874933	1875280
4	1875739	1876764
4	1877031	1877279
4	1877613	1877972
4	1878145	1878783
4	1878910	1879833
4	1879936	1881021
4	1881212	1882657
4	1882689	1883813
4	1883869	1884834
4	1887975	1888556
4	1888596	1889291
4	1889349	1891259
4	1891391	1891735
4	1892157	1892456
4	1896451	1898049
4	1898053	1899609
4	2787007	2787984
4	2795233	2795532
4	2797186	2797635
4	2807639	2808376
4	2814534	2814962
4	2814959	2815525
4	632809	633969
4	633970	634599
4	634572	635792
4	635939	636841
4	637050	637796
4	641311	642549
4	644340	645803
4	645854	646732
4	646707	647258
4	647262	648794
4	648805	649713
4	649710	650006
4	653085	653765
4	653806	655191
4	1724683	1725780
4	240343	240816
4	264844	265311
4	291546	292172
4	293169	294023
4	294363	294803
4	296994	297950
4	297960	300158
4	300155	301111
4	301108	301797
4	302215	302829
4	303719	304429
4	304398	306041
4	306031	308556
4	308582	309250
4	309308	309895
4	2134128	2135267
4	2133679	2134122
4	2131514	2133676
4	2130582	2131421
4	2130091	2130579
4	2128877	2130094
4	2127685	2128902
4	2126928	2127674
4	2126364	2126912
4	2118184	2119578
4	2116704	2118182
4	2115148	2116428
4	2111458	2112351
4	316950	317543
4	317900	319225
4	319451	320305
4	320832	321551
4	321562	322989
4	322982	323677
4	323920	324588
4	332725	333657
4	333749	334246
4	334504	335109
4	335149	336012
4	336002	337549
4	337549	338967
4	339389	340339
4	340349	341731
4	342108	343157
4	343400	344215
4	344628	344873
4	344890	345561
4	345708	345983
4	346081	347667
4	347906	348796
4	350439	351890
4	351930	353816
4	393730	394353
4	397096	398190
4	420210	421583
4	436385	437359
4	437539	439401
4	443907	444398
4	444526	445890
4	531675	532157
4	532235	533050
4	536857	538311
4	538371	539732
4	539789	541090
4	541112	542257
4	542485	543270
4	543281	544516
4	544538	545587
4	372145	373095
4	548850	549665
4	568125	569651
4	570116	570667
4	570677	571474
4	571689	572144
4	572307	572597
4	573179	573562
4	576621	576836
4	576836	577333
4	577330	577791
4	577823	578116
4	578407	578817
4	579103	579309
4	592551	593993
4	605174	605422
4	605488	606606
4	650021	651079
4	651458	653116
4	674793	675770
4	675934	676641
4	676638	678065
4	678075	678629
4	678731	679438
4	679435	680886
4	680946	682616
4	690129	691007
4	691097	691564
4	691561	692601
4	692754	694178
4	694324	695499
4	707557	708963
4	709013	709339
4	783105	784046
4	784160	784540
4	799982	801034
4	801110	802543
4	802726	804987
4	814962	815870
4	819107	819811
4	820016	820729
4	820765	821721
4	821721	822962
4	822959	823720
4	823853	824263
4	824225	825331
4	825342	826475
4	882015	882611
4	884169	884453
4	884539	885354
4	885354	886562
4	886646	887182
4	887357	889042
4	889312	889689
4	892180	892656
4	897212	897700
4	903175	903690
4	903816	904139
4	904136	904966
4	904963	905976
4	906075	907505
4	907516	908517
4	910405	911373
4	911385	913037
4	917351	918343
4	918458	919573
4	919570	921516
4	882896	884128
4	946452	947882
4	947883	948791
4	954095	955855
4	955985	956677
4	968612	969844
4	970975	971868
4	982298	982846
4	982873	983520
4	993264	994055
4	994066	995211
4	995208	996167
4	996160	996735
4	997091	997630
4	997713	998414
4	998439	1001039
4	1001030	1002100
4	1002112	1002654
4	1002662	1003177
4	1005175	1005717
4	1005714	1006823
4	1007067	1009175
4	1015762	1017522
4	1014119	1014682
4	1020361	1020990
4	1020953	1023106
4	1026334	1026996
4	1027169	1027582
4	1027627	1027944
4	1028002	1029192
4	1029287	1029565
4	1043453	1043899
4	1043887	1045026
4	1045072	1047168
4	1047168	1047914
4	1047911	1048555
4	1048662	1048967
4	1443904	1444230
4	1449621	1451666
4	1451951	1452880
4	1453188	1453934
4	1453949	1454446
4	1454454	1455524
4	1455521	1456288
4	1456288	1457076
4	1457078	1458505
4	1458495	1458917
4	1458917	1460122
4	1460149	1461462
4	1461563	1462513
4	1462495	1463085
4	1475645	1476250
4	1476250	1477146
4	1477162	1478919
4	1478933	1480225
4	1492172	1493095
4	1493312	1494655
4	1497493	1498473
4	1500481	1501149
4	1501741	1502889
4	1504196	1504732
4	1502929	1504104
4	1504805	1506766
4	1507532	1507948
4	1508027	1509433
4	1509678	1510823
4	1510841	1511854
4	1511855	1512796
4	1512786	1513580
4	1513602	1515026
4	1515413	1515586
4	1515672	1515905
4	1515906	1516355
4	1516352	1516870
4	1517051	1518088
4	1518286	1518951
4	1518987	1521089
4	1521331	1522392
4	1522505	1524004
4	1524271	1524888
4	1524964	1525176
4	1531306	1531875
4	1532048	1532893
4	1542408	1542743
4	1550422	1550706
4	1555136	1556062
4	1556055	1557041
4	1557038	1557934
4	1557931	1558953
4	1558955	1560505
4	1560519	1561100
4	1561358	1563757
4	1563782	1565164
4	1565528	1566847
4	1577657	1578814
4	1578866	1580548
4	1580950	1581711
4	1582231	1584510
4	1584844	1585758
4	1585817	1586320
4	1586333	1586863
4	1596641	1598233
4	1598312	1599265
4	1599514	1601049
4	1601043	1602071
4	1602071	1603063
4	1603075	1604097
4	1604124	1604999
4	1605023	1605313
4	1605370	1606128
4	1606132	1607046
4	1608931	1609878
4	1609990	1610349
4	1610349	1611275
4	1611339	1612727
4	1613787	1614902
4	1626376	1627062
4	1627477	1628937
4	1631063	1631329
4	1631646	1632236
4	1632909	1633871
4	1635071	1635481
4	1637054	1637551
4	1637548	1638081
4	1638078	1638389
4	1638394	1638609
4	1640513	1641265
4	1641279	1642328
4	1643921	1644226
4	1635633	1635806
4	1627239	1627442
4	1653371	1653697
4	1653832	1654173
4	1654771	1655481
4	1655589	1655894
4	1656093	1658519
4	1658580	1661003
4	1661014	1661631
4	1661633	1662487
4	1662530	1663144
4	1663339	1664595
4	1664548	1665243
4	1666723	1667616
4	593983	594666
4	1067734	1069062
4	1069083	1069577
4	1069588	1070178
4	1070188	1070988
4	1070996	1071382
4	1071394	1072086
4	1072086	1073234
4	1081466	1082593
4	1085329	1085742
4	1085744	1087069
4	1087062	1089080
4	1092099	1093457
4	1095066	1096052
4	1097109	1098047
4	1098102	1098839
4	1098863	1099417
4	1099519	1100010
4	1104637	1104948
4	1105043	1105576
4	1105578	1106999
4	1107007	1108164
4	1636479	1636691
4	1123341	1124549
4	1126029	1126952
4	1127062	1128597
4	557435	557977
4	558197	558889
4	558920	561523
4	561559	562542
4	1210903	1211226
4	1212551	1213282
4	1213487	1214698
4	1216551	1218074
4	1225823	1226191
4	1226294	1226695
4	1226904	1227230
4	1227302	1227961
4	1228038	1228499
4	1239558	1241294
4	1242403	1243014
4	1241389	1242303
4	1243016	1243750
4	1248348	1248980
4	1248991	1250061
4	1250289	1252208
4	1252308	1255175
4	1338267	1338575
4	1341621	1342370
4	1387894	1388622
4	1355826	1357211
4	1357514	1358932
4	1359144	1359908
4	1368240	1369919
4	1369933	1371225
4	1371246	1372127
4	1372114	1372956
4	1372987	1374039
4	1374058	1374846
4	1374856	1375911
4	1375908	1378175
4	1378172	1378831
4	1380987	1381985
4	1382141	1383538
4	1388957	1389877
4	1390015	1390914
4	1392915	1393946
4	1669984	1670805
4	1670844	1671173
4	1671160	1671525
4	1671937	1672971
4	1676451	1677395
4	1677581	1678963
4	1701292	1702332
4	1703274	1703714
4	1703791	1704372
4	1704372	1704950
4	1704943	1707165
4	1707166	1708224
4	1708228	1708848
4	1708852	1709547
4	1710793	1712295
4	1713050	1713913
4	1716517	1717626
4	1719049	1719285
4	1719288	1720145
4	1720145	1722157
4	1723705	1723944
4	1724047	1724646
4	1902825	1903283
4	1732459	1733274
4	1734145	1735314
4	1742895	1744151
4	1744724	1745029
4	1745155	1746759
4	1746771	1747583
4	1747587	1748372
4	1749752	1751854
4	1749101	1749748
4	1748369	1749037
4	1751875	1752501
4	1752956	1753165
4	1756898	1757314
4	1757327	1758547
4	1758544	1759815
4	1759790	1760536
4	1760546	1762033
4	1762958	1763146
4	1763246	1763656
4	1763653	1766709
4	1767098	1768210
4	1768639	1768995
4	1769095	1770309
4	1770536	1771801
4	1775220	1776371
4	1776414	1777325
4	1777641	1778405
4	1778425	1779363
4	1779419	1780708
4	1780705	1780998
4	1787832	1789268
4	1789331	1790044
4	1803349	1804107
4	1805424	1805714
4	1805820	1806680
4	1806721	1807257
4	1807404	1808072
4	1808235	1808825
4	1808958	1810349
4	1810353	1811156
4	1811445	1811687
4	1821539	1822426
4	1822386	1822961
4	1823979	1824947
4	1824940	1826283
4	1826280	1827758
4	1827755	1828789
4	1828786	1830006
4	1831425	1832135
4	1832140	1832817
4	1832832	1833539
4	1833539	1834087
4	1834097	1835263
4	1835236	1836771
4	1836771	1837424
4	1837491	1838798
4	1838807	1839427
4	1839514	1839921
4	1839887	1840159
4	1841855	1842895
4	1903712	1904278
4	1960604	1960996
4	1906285	1906572
4	1755745	1756749
4	1735480	1735569
4	1907332	1908123
4	1908300	1909673
4	1913655	1914152
4	1914282	1915565
4	1915534	1918167
4	1918247	1919686
4	1919804	1920040
4	1920145	1920336
4	1920337	1920993
4	1921389	1921730
4	1921743	1922615
4	1922619	1922993
4	1923464	1924120
4	1924144	1924806
4	1950290	1950685
4	1950726	1951469
4	1951466	1952437
4	1963067	1964215
4	1986246	1986569
4	1995835	1996503
4	1996518	1997504
4	2023535	2024350
4	2024347	2026041
4	2031143	2031508
4	2034818	2036176
4	2036176	2036847
4	2036980	2037393
4	2037502	2038506
4	2038507	2039142
4	2039399	2040049
4	2040392	2040922
4	2135926	2137509
4	2147063	2149009
4	2149209	2149670
4	2149735	2150496
4	2150493	2151152
4	2152040	2153287
4	2153287	2156409
4	2156410	2159487
4	2163213	2163545
4	2163692	2165053
4	2166013	2166330
4	2175534	2176586
4	2176843	2178120
4	2178117	2179121
4	2179118	2180083
4	2180057	2180803
4	2180855	2181673
4	2181738	2182538
4	2182535	2183323
4	2183546	2183818
4	2183939	2184763
4	2184982	2185320
4	2231622	2231861
4	2232055	2233293
4	2266876	2267589
4	2268001	2268567
4	2268748	2270304
4	2325389	2326165
4	2326170	2327819
4	2332358	2332981
4	2356064	2356867
4	2356885	2358174
4	2358231	2359436
4	2359451	2360233
4	2360453	2361655
4	2361755	2362297
4	2363950	2365089
4	2365093	2366061
4	2366061	2368043
4	2368040	2368930
4	2368930	2370582
4	2370914	2371300
4	2382017	2383744
4	2383882	2384853
4	2384956	2385459
4	2385732	2386448
4	2386657	2387079
4	2387135	2387986
4	2405583	2406800
4	2406884	2407483
4	2407542	2409374
4	2409461	2410111
4	2410122	2410616
4	2410699	2411154
4	2416656	2417198
4	2417256	2417810
4	2417863	2418507
4	2418643	2419290
4	2419730	2420623
4	2420671	2421561
4	2436964	2438142
4	2439786	2441792
4	2441913	2442191
4	2442225	2442773
4	2446628	2447179
4	2447250	2448071
4	2448073	2448612
4	2448609	2449097
4	2449094	2449606
4	2449606	2450358
4	2453105	2453668
4	2454349	2454834
4	2455037	2457181
4	2457181	2458491
4	2458672	2458956
4	2461034	2462092
4	2465877	2466239
4	2466236	2467156
4	2467153	2468484
4	2469099	2469539
4	2471626	2471988
4	2472054	2472878
4	2473006	2473542
4	2473533	2473895
4	2473895	2474200
4	2488278	2489972
4	2487264	2488208
4	2490026	2491276
4	2491789	2492424
4	2493072	2493314
4	2496693	2498390
4	2498405	2499139
4	2499152	2500009
4	2500012	2502507
4	2502532	2503569
4	2503569	2504654
4	2504669	2505916
4	2505938	2506264
4	2507652	2508908
4	2509490	2510728
4	714635	715129
4	2523952	2524878
4	2535771	2536505
4	2542774	2543631
4	2543795	2544691
4	2544695	2546119
4	2546124	2547428
4	2547668	2548567
4	2548663	2549238
4	2549299	2549748
4	2549735	2550160
4	2528269	2529255
4	2553250	2553750
4	2553763	2554422
4	2556880	2558088
4	2558279	2558920
4	2559390	2559635
4	2559647	2560015
4	2560133	2560549
4	2560546	2561139
4	2561614	2561991
4	2562002	2562394
4	2562545	2563354
4	2563503	2564906
4	2564903	2566129
4	2566346	2567533
4	2567523	2568359
4	2568370	2569773
4	2569785	2570072
4	2570179	2570472
4	2570511	2571527
4	2571524	2572327
4	2572324	2573025
4	2573000	2573479
4	2573492	2573827
4	2574120	2576399
4	2579756	2580799
4	2591094	2591792
4	2591866	2593881
4	2593896	2594759
4	2495079	2496317
4	2614116	2615579
4	2615600	2615959
4	2616097	2616798
4	2624717	2626960
4	2627312	2627503
4	2627814	2628332
4	2628348	2628887
4	2633621	2633836
4	2633906	2635378
4	2635496	2636674
4	2636685	2637305
4	2643035	2645347
4	2601869	2602816
4	2602833	2604272
4	2604284	2604934
4	2604939	2606519
4	2606509	2608176
4	2608186	2608731
4	2608728	2609486
4	2609479	2609892
4	2609922	2611934
4	2611956	2612804
4	2612842	2613903
4	2734168	2734905
4	2717245	2717943
4	2717975	2720635
4	2739897	2740415
4	2745984	2746775
4	3187903	3188652
4	3188654	3189718
4	3190230	3190859
4	3190886	3192547
4	594823	596196
4	596354	596686
4	596702	597925
4	476291	477841
4	478005	478475
4	478591	479142
4	485760	489122
4	922136	922456
4	1050684	1050896
4	1211926	1212330
4	1200010	1200255
4	1200720	1201061
4	1200999	1201307
4	1201482	1202156
4	1202491	1203048
4	1203045	1203383
4	1206136	1206720
4	1304845	1305174
4	1321244	1322125
4	2379630	2380547
4	2380735	2381946
4	1347004	1348131
4	2419347	2419709
4	2057988	2058938
4	2059040	2059957
4	1130241	1130657
4	1130661	1131065
4	1131077	1131772
4	1131797	1133005
4	1133025	1133780
4	1133952	1134734
4	1136594	1137535
4	1960996	1963074
4	371339	372148
4	1244383	1244823
4	2462274	2463029
4	317555	317791
4	398249	398557
4	398817	399029
4	1050186	1050398
4	264528	264767
4	2775475	2775804
4	572144	572314
4	969896	970078
4	1215012	1215248
4	1215291	1215563
4	1215592	1215858
4	1215971	1216219
4	1221528	1221857
4	1266147	1266539
4	1395389	1395646
4	1355447	1355692
4	1423401	1423664
4	1443711	1443896
4	1452892	1453179
4	1506858	1507088
4	1554089	1554304
4	607059	607211
4	1702973	1703188
4	1875302	1875556
4	1877427	1877609
4	1892576	1892755
4	2026212	2026394
4	2794892	2795050
4	3248099	3248398
4	1959996	1960484
4	3739132	3739605
4	3975548	3976627
4	4013377	4014192
4	4020241	4020756
4	303077	303406
4	309970	310560
4	311336	311563
4	311738	312001
4	793996	794145
4	773419	773532
4	2774899	2775099
4	263480	263956
4	263250	263471
4	262552	262893
4	1118530	1118670
4	1119924	1120178
4	1204772	1204954
4	1207355	1207768
4	1243951	1244205
4	10643	11356
4	1218206	1218424
4	4350931	4351104
4	4528278	4528556
4	2370579	2370914
4	4374576	4374722
4	4266832	4267035
4	1333315	1333482
4	613165	613383
4	572953	573093
4	571591	571692
4	2087235	2087489
4	1067304	1067477
4	4190660	4190860
4	3476614	3476814
4	2525963	2526181
4	2166736	2167635
4	3582427	3582582
4	4374340	4374465
4	2824414	2825373
4	469860	471641
4	2263063	2263317
4	2492720	2492995
4	2768467	2768703
4	577550	577732
4	1421424	1421609
4	1905472	1905615
4	1906647	1906790
4	5234	5530
4	2509023	2509349
4	21181	21399
4	2023010	2023237
4	1635978	1636133
4	1702575	1702700
4	1306812	1306985
4	1515123	1515218
4	1620670	1620765
4	2588829	2588888
4	3774194	3774403
4	4610151	4610312
4	2590784	2590984
4	3723436	3723735
4	4302151	4302426
4	3851576	3851665
4	1268391	1268498
4	1269461	1269568
4	3698003	3698110
4	4311891	4312220
4	851894	852163
4	2474332	2474532
4	1143725	1144045
4	1202247	1202447
4	1221867	1222211
4	1872102	1872206
4	1507310	1507486
4	1803189	1803296
4	1906949	1907188
4	2213679	2213786
4	2355838	2356023
4	3838238	3838531
4	4531819	4532076
4	3645728	3645856
4	311598	311738
4	1222213	1222386
4	1222487	1222672
4	238257	238736
4	4237800	4238078
4	1342460	1342633
4	2301628	2301792
4	1669801	1669884
4	1333184	1333312
4	4504471	4504596
4	709862	709948
4	1581786	1581983
4	77388	77519
4	1985897	1985983
4	3192788	3192847
4	3054912	3054971
4	3193163	3193222
4	2151373	2151432
4	2151705	2151761
4	3948530	3948580
4	4390915	4390968
4	312365	312466
4	1344820	1344924
4	1463189	1463254
4	1876898	1876972
4	1876797	1876895
4	1944139	1944204
4	2085076	2085138
4	2227004	2227087
4	2494943	2495014
4	2903579	2903719
4	2987841	2987921
4	3030839	3030964
4	3305875	3305955
4	4051670	4051780
4	1637104	1637358
4	2698139	2698219
4	3923767	3923998
4	3680184	3681470
4	3869873	3871021
4	3119656	3121827
4	3780665	3781684
4	141431	141967
4	3476824	3478629
4	3369106	3370596
4	603994	604647
4	2412769	2414913
4	2051667	2052983
4	434858	435835
4	4550924	4552384
4	4552599	4553372
4	2522067	2522900
4	3729154	3730146
4	3733002	3734180
4	1353491	1355134
4	1352529	1353494
4	1351652	1352542
4	2799370	2801514
4	1489986	1490153
4	1129427	1130086
4	1134787	1135485
4	1135497	1136594
4	2014578	2015951
4	2015970	2016413
4	2016410	2017537
4	367835	369499
4	369501	370445
4	370448	371329
4	366811	367644
4	572594	572956
4	4035283	4035358
4	3424980	3425055
4	2516063	2516138
4	2815806	2815882
4	563946	564022
4	2816495	2816571
4	2464331	2464405
4	3980398	3980474
4	2816220	2816296
4	2816081	2816157
4	2042573	2042648
4	2057875	2057950
4	2060284	2060359
4	236931	237007
4	1989938	1990011
4	475672	475785
4	696088	696162
4	695765	695839
4	695979	696053
4	695653	695727
4	4173696	4173770
4	2997006	2997079
4	4390383	4390458
4	1990066	1990141
4	4390495	4390570
4	4390606	4390681
4	3980532	3980608
4	4035164	4035240
4	3425098	3425174
4	3213620	3213695
4	4604223	4604309
4	4604338	4604424
4	3980629	3980715
4	3320094	3320180
4	4604102	4604188
4	696186	696270
4	4494428	4494512
4	1989839	1989925
4	779777	779852
4	696280	696356
4	695887	695963
4	2945629	2945705
4	3316235	3316311
4	2945409	2945485
4	2311106	2311198
4	4360574	4360649
4	3108388	3108463
4	3706639	3706715
4	2284233	2284309
4	3980758	3980834
4	3268238	3268614
4	4169660	4169779
4	4033554	4035095
4	4164682	4166223
4	3939831	3941372
4	3425243	3426784
4	4206170	4207711
4	2727638	2729179
4	223771	225312
4	3421445	3421564
4	3834245	3834339
4	1030848	1030935
4	2041492	2041581
4	2816575	2816667
4	925107	925194
4	1096788	1096875
4	4047922	4048030
4	3054005	3054187
4	2753615	2753977
4	4173777	4173852
4	4173411	4173486
4	3421602	3421677
4	262095	262170
4	3944980	3945055
4	1286761	1286845
4	4173495	4173579
4	1286467	1286551
4	2518953	2519028
4	1744459	1744535
4	1744540	1744616
4	2519073	2519148
4	2519195	2519270
4	1647406	1647458
4	4156308	4156417
4	2945519	2945595
4	2023251	2023337
4	2922178	2922537
4	2056051	2056126
4	2783784	2783859
4	780800	780875
4	780592	780667
4	1490143	1490198
4	16952	17006
4	2940718	2940923
4	1768396	1768501
4	1286289	1286459
4	3578950	3579039
4	4049059	4049303
4	189712	189847
4	852175	852263
4	887199	887277
4	1145812	1145980
4	1268546	1268612
4	1269616	1269683
4	3698159	3698224
4	1403676	1403833
4	1435145	1435253
4	1762737	1762804
4	1921090	1921338
4	1921188	1921308
4	77367	77593
4	2069339	2069542
4	2151333	2151475
4	2151668	2151803
4	2165138	2165224
4	2651877	2652180
4	2689179	2689362
4	2812824	2812901
4	2974124	2974211
4	2974326	2974407
4	3054871	3055010
4	3192745	3192887
4	3236396	3236583
4	3309247	3309420
4	3348599	3348719
4	3662887	3662991
4	3984455	3984626
4	4275950	4276089
4	3851141	3851280
4	1489467	1489530
4	3193121	3193262
4	2031673	2031763
4	506428	506511
4	2698542	2698618
4	2732175	2732317
4	4577858	4577934
4	4526000	4526089
4	4188350	4188510
4	271804	271878
4	1620841	1620938
4	1407153	1407274
4	606957	607015
4	2885376	2885431
4	4516550	4516825
4	4516744	4517247
4	380575	380940
4	314515	314814
4	314811	315677
4	4500126	4501454
4	3718703	3719224
4	3719221	3720072
4	15445	16557
4	3331162	3331473
4	3330884	3331141
4	1150838	1151074
4	1014938	1015105
4	2555340	2556701
4	2554432	2555319
4	377686	378795
4	3322085	3322933
4	15445	16557
4	19811	20314
4	20233	20508
4	278402	278905
4	278824	279099
4	289873	290376
4	290295	290570
4	314515	314814
4	314811	315677
4	380575	380940
4	390963	391829
4	391826	392125
4	566065	566364
4	566361	567227
4	607288	608400
4	1049056	1049331
4	1049250	1049753
4	1093498	1094364
4	1094361	1094660
4	1466808	1467173
4	1976542	1977045
4	1976964	1977239
4	2067839	2068204
4	2168260	2168559
4	2168556	2169422
4	2512353	2513465
4	2995257	2995622
4	3184209	3184574
4	3581506	3581781
4	3581700	3582203
4	4496295	4496660
4	4516550	4516825
