2	4263805	4264884
2	795085	795774
2	2529485	2530246
2	3810754	3811974
2	2260387	2261517
2	4345427	4346767
2	2422539	2423255
2	4199949	4201346
2	5683	6459
2	926697	928418
2	1938337	1939659
2	2585617	2588730
2	2639853	2640866
2	3270809	3271579
2	3331732	3332703
2	3399414	3401354
2	4102995	4103693
2	4585932	4586888
2	4215132	4216436
2	4213501	4215102
2	123017	125680
2	125695	127587
2	4216619	4218355
2	2411492	2412694
2	949563	950303
2	2307363	2308427
2	1700257	1701258
2	1294669	1297344
2	496399	497043
2	1064808	1066049
2	2817403	2820033
2	1486256	1487695
2	1360767	1362254
2	2306713	2307363
2	2053085	2054539
2	4375834	4376967
2	118733	119284
2	119281	120135
2	4434778	4435518
2	1819942	1820280
2	1848884	1849900
2	3097704	3098750
2	51229	51606
2	50380	51222
2	1039840	1041138
2	582904	583653
2	490636	491187
2	66835	68337
2	68348	70048
2	70387	71265
2	65855	66550
2	2978786	2980204
2	1983163	1984152
2	1981579	1983093
2	1980578	1981564
2	410521	411705
2	4637613	4638329
2	3348711	3351047
2	2947264	2948595
2	4154036	4154812
2	4153024	4154028
2	3486982	3488202
2	288525	289529
2	3316659	3318002
2	4475330	4476334
2	3382725	3383195
2	1958086	1959819
2	2425031	2425813
2	958035	959318
2	3515420	3516508
2	2444410	2445495
2	1772710	1773468
2	3428042	3428860
2	2738102	2739172
2	784856	785908
2	1786459	1787505
2	3516565	3517086
2	405629	406153
2	406652	407329
2	120178	121551
2	2839012	2840436
2	2837546	2839003
2	2836276	2837289
2	3571798	3572901
2	3982375	3984030
2	3980981	3982216
2	3925178	3926170
2	696736	698400
2	3924568	3925026
2	986808	988208
2	4364914	4366350
2	983742	984932
2	1946774	1948546
2	3916339	3917880
2	3919259	3920074
2	3913576	3913995
2	3914016	3915398
2	3918973	3919212
2	3918441	3918911
2	3915425	3916288
2	3917893	3918426
2	3920083	3920463
2	3737728	3738981
2	2598500	2598970
2	324801	326471
2	326485	327957
2	327971	328558
2	328687	330720
2	3464271	3464747
2	3900312	3901724
2	3901743	3903620
2	3903754	3904590
2	807191	808480
2	808567	809607
2	810745	811500
2	811493	812170
2	809604	810758
2	3542096	3542866
2	4171105	4172070
2	3712084	3714417
2	453696	454013
2	4161662	4163506
2	1792196	1793176
2	1790833	1791582
2	1791582	1792133
2	1325791	1326381
2	4354493	4356640
2	4356720	4358054
2	4358419	4359957
2	29651	30799
2	30817	34038
2	3199913	3201151
2	2229866	2230750
2	4107953	4108708
2	195677	196534
2	1819323	1819643
2	1817880	1819238
2	1817479	1817829
2	1816629	1817471
2	1815172	1816524
2	4636201	4637553
2	1971384	1973348
2	1965476	1966525
2	1966528	1967388
2	1970860	1971363
2	1965072	1965461
2	1964417	1965061
2	795777	796835
2	864352	865587
2	863603	864352
2	2242800	2244791
2	922487	924763
2	2729622	2732195
2	455901	456524
2	456650	457924
2	4432645	4434588
2	2121108	2122544
2	2119633	2121003
2	4101625	4102998
2	3484142	3484774
2	2533856	2534365
2	3718072	3718284
2	629117	631222
2	688566	690104
2	2428297	2428785
2	3989176	3991722
2	1488926	1489456
2	770681	772249
2	772265	773404
2	358713	359183
2	358023	358682
2	359216	360370
2	449887	450834
2	447874	449865
2	447270	447884
2	446941	447270
2	446039	446929
2	2537739	2538836
2	1331879	1332853
2	2871409	2872014
2	2873443	2874351
2	3779764	3780585
2	3495850	3497223
2	2885600	2886334
2	2886409	2888121
2	2888121	2889920
2	2530431	2531402
2	2536694	2537605
2	2872014	2873441
2	2540534	2541550
2	553834	555219
2	2539701	2540534
2	2538826	2539701
2	4121454	4122479
2	661975	663186
2	3326985	3328418
2	879950	881152
2	3513099	3513935
2	2596904	2597782
2	28374	29195
2	185123	185947
2	2589629	2590756
2	3992785	3993609
2	1407535	1408908
2	2028923	2030341
2	1623359	1625404
2	399053	400147
2	102233	103153
2	3303993	3305882
2	2432104	2432763
2	2431034	2431948
2	2429044	2429706
2	4616252	4617574
2	4617626	4618849
2	4615346	4616125
2	4618906	4619625
2	881199	881957
2	4254660	4255028
2	179237	180754
2	1645958	1646365
2	1647633	1647821
2	1645644	1645874
2	2435972	2436967
2	160149	160604
2	2220207	2221922
2	940182	942626
2	942637	943254
2	943256	944119
2	3880349	3881752
2	4262337	4263752
2	4598261	4598998
2	205126	208608
2	3209129	3210874
2	14168	15298
2	12163	14079
2	3879244	3880344
2	236067	236798
2	4599001	4599540
2	491316	493247
2	232597	233955
2	2698640	2699020
2	3704121	3705728
2	2477224	2478552
2	2475869	2477206
2	3811955	3812410
2	3220655	3223747
2	3223744	3224193
2	3219488	3220471
2	2301927	2302415
2	1930139	1930780
2	1930817	1932628
2	2904665	2905963
2	627774	628520
2	626917	627774
2	624108	625283
2	608682	609311
2	625293	626903
2	613380	617261
2	106557	107474
2	3411886	3413043
2	3413055	3416159
2	585370	586131
2	3532538	3533890
2	2700503	2701408
2	3149272	3150006
2	3148840	3149265
2	1015175	1015693
2	2438407	2439627
2	3403458	3403928
2	3403939	3405288
2	1147982	1148935
2	4025632	4026795
2	4026805	4028994
2	2459328	2460668
2	1234161	1234880
2	3068187	3069266
2	4452634	4453632
2	4078322	4079251
2	4295242	4297389
2	4512376	4514700
2	4511429	4512331
2	4510434	4511432
2	4509481	4510437
2	4508713	4509480
2	4515737	4516258
2	4514787	4515740
2	609477	611717
2	622777	623733
2	618607	619422
2	620408	621412
2	617477	618610
2	619419	620411
2	612038	613162
2	2744456	2745817
2	2852360	2854438
2	167484	169727
2	171462	173444
2	169778	170575
2	170575	171465
2	1158585	1160774
2	3488883	3489485
2	4541138	4541686
2	4538980	4539582
2	4542327	4543052
2	4543119	4545755
2	4540060	4540656
2	4545765	4546295
2	4546308	4546811
2	4546831	4547733
2	200971	201996
2	3409293	3409589
2	710158	710688
2	1975290	1975868
2	1975871	1976221
2	2000134	2001630
2	2017642	2018106
2	2018111	2019115
2	2019112	2019525
2	1396798	1397550
2	49823	50302
2	2429696	2430964
2	556098	556964
2	3808366	3809175
2	4378533	4380341
2	4377806	4378540
2	4377400	4377795
2	4377030	4377389
2	4024550	4025251
2	192872	193429
2	2257741	2259432
2	2259449	2260387
2	88028	89032
2	103982	105244
2	3600102	3600770
2	91413	93179
2	103155	103985
2	3602416	3603012
2	98403	99647
2	3599051	3600109
2	3600773	3602266
2	105305	106456
2	2931063	2931710
2	2933606	2935381
2	2935460	2936908
2	2929887	2931038
2	2932257	2933573
2	2937390	2938121
2	2936910	2937332
2	1684755	1686401
2	4343703	4345349
2	1683209	1684612
2	709423	709869
2	3469422	3471536
2	2790757	2792037
2	790262	791278
2	788054	789202
2	2974621	2975652
2	2238650	2239690
2	789206	790252
2	1860795	1861790
2	3070694	3071713
2	138835	141225
2	2638708	2639826
2	3047182	3047571
2	1840395	1841738
2	16751	16903
2	3583104	3584846
2	3921767	3923656
2	3921080	3921703
2	3564623	3566056
2	3569339	3571525
2	3566056	3567351
2	3562157	3564604
2	3567369	3569342
2	3909862	3911691
2	4054648	4056057
2	2685092	2685430
2	4051892	4053301
2	846481	847227
2	4053313	4054362
2	845683	846342
2	844964	845686
2	705316	706980
2	2350669	2352297
2	2352287	2353546
2	2353543	2354733
2	3560036	3561541
2	3559520	3559846
2	4115268	4116113
2	3558645	3559475
2	4113737	4115245
2	2347957	2349033
2	3557870	3558628
2	2349038	2350396
2	752408	753691
2	3352654	3357207
2	3357220	3358638
2	4292504	4293817
2	3825483	3826688
2	2517279	2518694
2	2682276	2683529
2	3722430	3723341
2	3720351	3722420
2	2097886	2099292
2	3644322	3645674
2	3960768	3962252
2	255977	256435
2	3326261	3326737
2	2748137	2748730
2	889719	889976
2	2812905	2814461
2	3089900	3090850
2	2628980	2630557
2	2630626	2632092
2	113444	114487
2	2334815	2337442
2	3875728	3878142
2	1695297	1696064
2	1023694	1025748
2	1262937	1264193
2	387977	388951
2	3987848	3988789
2	3987111	3987851
2	497279	498241
2	173602	174882
2	3985908	3987089
2	3984709	3985905
2	4401323	4402327
2	4400061	4401320
2	4398695	4399975
2	4398311	4398619
2	479314	479532
2	1793277	1793576
2	963051	963335
2	1590200	1590466
2	1588878	1590200
2	2093149	2093886
2	2091492	2092559
2	2090422	2091492
2	2089121	2090425
2	2093868	2094644
2	2088216	2089115
2	2092559	2093149
2	2094638	2095249
2	2421758	2422531
2	2637323	2638597
2	2432846	2433658
2	200482	200967
2	2683857	2685047
2	1291732	1292145
2	4579482	4581071
2	4581272	4584784
2	4578091	4579485
2	494344	496218
2	1909719	1910600
2	180884	182308
2	1114885	1115805
2	3181835	3182488
2	4198304	4198576
2	460675	460947
2	1031362	1032480
2	1032477	1034270
2	1034289	1034996
2	1034993	1035580
2	1035577	1035975
2	1035972	1036829
2	2847996	2848457
2	2847260	2847871
2	2845437	2847263
2	2844511	2845434
2	2842784	2844493
2	2842232	2842774
2	2841465	2842232
2	2841058	2841468
2	4201343	4202668
2	2848669	2849019
2	2849023	2849895
2	2849886	2850158
2	2850158	2851279
2	2851276	2852286
2	2874603	2875640
2	1194346	1195596
2	3057775	3058668
2	4220827	4221651
2	22391	25207
2	3953354	3954898
2	3849119	3850807
2	3955993	3957468
2	3951501	3953351
2	3950507	3951436
2	87357	87848
2	85630	87354
2	3950224	3950487
2	3848825	3849115
2	3954950	3955843
2	925448	925666
2	3311364	3314036
2	1798120	1798662
2	564038	565201
2	439426	440325
2	1811891	1814152
2	2864581	2865573
2	4131858	4134038
2	3789378	3790574
2	726282	727955
2	724211	726259
2	723630	724202
2	720953	723637
2	720279	720956
2	1267388	1268242
2	970075	970821
2	3806563	3807840
2	47769	49631
2	2722470	2723768
2	51609	52430
2	360473	361084
2	365652	366734
2	361150	362403
2	362455	365529
2	4245994	4247334
2	2703347	2705146
2	2702357	2703331
2	84368	85312
2	671424	674006
2	4255138	4255746
2	2526183	2528198
2	1197918	1198811
2	3590747	3591460
2	3591462	3592229
2	3593500	3594426
2	3596578	3597681
2	3594474	3595583
2	3592226	3593503
2	458112	460466
2	127912	129336
2	1755445	1755681
2	202560	203348
2	203348	204496
2	931818	932312
2	25207	25701
2	2975659	2976921
2	4229907	4231256
2	2977043	2977978
2	3031679	3033196
2	4351223	4352740
2	4243252	4244442
2	4241554	4243098
2	4240649	4241539
2	1696176	1697204
2	4244807	4245922
2	4247577	4248497
2	3548102	3550495
2	3546008	3548092
2	3551107	3553812
2	1697379	1698971
2	1698981	1700153
2	421739	423556
2	1686600	1687775
2	1900072	1901043
2	1901106	1901906
2	1901910	1902770
2	188712	189506
2	2909113	2909361
2	2907916	2908707
2	1209569	1210402
2	4575981	4577360
2	4574935	4575981
2	3381352	3382290
2	4339934	4341289
2	4341404	4342813
2	2375611	2377281
2	2443582	2444406
2	4212303	4213232
2	4126695	4127855
2	3150258	3151445
2	4011076	4013337
2	4130639	4131529
2	2192322	2194355
2	4221851	4225534
2	4126101	4126418
2	3084728	3085882
2	4127858	4130290
2	4009886	4010839
2	2235791	2237311
2	2237372	2238370
2	2234765	2235775
2	4397275	4398225
2	1224608	1225303
2	1223772	1224584
2	1223502	1223768
2	4369048	4370694
2	4368711	4369004
2	1974276	1975163
2	1973353	1974279
2	2808792	2809322
2	96002	97084
2	164730	167264
2	665539	667440
2	664424	665536
2	3398066	3399109
2	3396897	3398000
2	3396409	3396897
2	2191081	2192190
2	4584972	4585886
2	965844	967592
2	1937246	1938217
2	3770304	3772217
2	3772447	3773595
2	3302595	3303839
2	975549	980009
2	100765	102240
2	97087	98403
2	93166	94653
2	94650	96008
2	99644	100711
2	2967684	2968373
2	2855115	2857676
2	111044	111433
2	3101035	3102087
2	567538	567870
2	781308	782351
2	2708442	2710064
2	700826	701974
2	702034	702834
2	698797	699549
2	703167	705113
2	699597	700817
2	3370705	3371598
2	1279087	1282830
2	1282827	1284365
2	1285072	1285749
2	1284362	1285072
2	1277180	1278571
2	1274402	1275052
2	1533961	1534641
2	1534638	1535333
2	1275045	1276841
2	1535333	1536877
2	1536874	1540614
2	1165308	1166612
2	2642455	2642886
2	2248862	2249719
2	17489	18655
2	3492033	3494576
2	3495025	3495831
2	3494573	3494899
2	3332931	3333209
2	3837198	3838016
2	2595853	2596887
2	2342887	2345172
2	2345406	2346536
2	1709547	1710182
2	1820482	1821309
2	3103736	3104992
2	3314061	3315548
2	434361	434780
2	4175766	4176311
2	1397745	1398260
2	1018236	1019276
2	2309668	2310771
2	985117	986205
2	3533887	3534606
2	583903	584856
2	1299206	1300837
2	1300923	1301843
2	1301858	1302766
2	1302778	1303791
2	1303788	1304792
2	1341134	1341352
2	1554649	1555080
2	4156513	4157430
2	3488288	3488851
2	1892829	1894190
2	778290	778811
2	3405629	3407080
2	3161737	3163995
2	3171526	3173418
2	3530840	3532462
2	2866915	2867541
2	157729	159126
2	52427	53416
2	2434737	2435873
2	2699020	2699751
2	4482463	4483974
2	254259	255716
2	989845	992457
2	3051537	3052862
2	4029184	4030515
2	4105575	4106537
2	1804394	1805323
2	950495	952777
2	4231781	4233430
2	3069481	3070644
2	435813	436331
2	1337354	1338118
2	1990293	1990841
2	2735767	2736927
2	601182	602558
2	1795983	1796966
2	1793581	1795968
2	4324422	4324757
2	4323321	4323764
2	4322400	4323188
2	4321359	4322375
2	4319720	4320445
2	4319267	4319719
2	4318686	4319270
2	4317622	4318686
2	4316784	4317629
2	4316029	4316787
2	4315238	4315918
2	4314105	4315241
2	4313548	4314105
2	4313127	4313561
2	4312367	4313125
2	400971	402386
2	416366	417055
2	258269	259324
2	4634719	4636143
2	1188999	1189670
2	1187539	1188999
2	417113	418408
2	3908508	3909548
2	3904876	3905601
2	738730	740148
2	1208908	1209462
2	4002885	4003754
2	4007193	4008215
2	4252066	4254489
2	4455982	4457334
2	988377	989579
2	3307055	3309190
2	1674395	1675927
2	1672996	1674384
2	4044989	4047775
2	63429	65780
2	3520893	3523445
2	1183681	1184817
2	1182840	1183667
2	1182049	1182843
2	1181006	1182052
2	716169	717488
2	908554	910272
2	4447145	4447675
2	4148470	4151121
2	3489747	3490319
2	553166	553660
2	1782758	1785136
2	1910792	1912840
2	1264235	1265317
2	3033206	3034304
2	4122635	4124833
2	4423543	4423857
2	489509	490036
2	3440788	3442119
2	260727	261980
2	259612	260715
2	404059	404868
2	217057	218775
2	2802837	2804039
2	2804032	2805096
2	2805154	2806146
2	1260151	1261098
2	4387415	4388383
2	1366103	1366771
2	1366825	1367049
2	1367049	1367408
2	1367417	1367638
2	1367713	1368027
2	2720749	2722104
2	3906572	3907462
2	3905616	3906389
2	3907462	3908421
2	1257152	1257736
2	2954018	2956906
2	1157092	1158525
2	2531786	2532043
2	2532088	2533815
2	4402710	4404008
2	2594927	2595640
2	4202665	4203954
2	551814	552323
2	2426743	2428260
2	4203966	4205555
2	550750	551817
2	2689678	2693565
2	2619219	2620256
2	2620256	2620894
2	1735868	1736893
2	1074143	1078105
2	1078528	1080036
2	1935673	1937115
2	1753722	1755134
2	4469483	4470418
2	1120784	1121830
2	1003991	1005001
2	3813150	3813791
2	1339945	1340682
2	2906051	2907688
2	4469009	4469470
2	424235	425305
2	1415512	1415787
2	3931801	3933306
2	3934301	3935191
2	3933311	3934276
2	3931374	3931793
2	3935317	3936246
2	3936250	3937242
2	2021992	2022615
2	2314199	2314849
2	2315049	2317898
2	2820730	2821791
2	2950483	2954025
2	2957082	2960450
2	2948657	2950483
2	1412810	1415410
2	3878171	3879244
2	3823233	3825314
2	3034395	3036128
2	2749817	2751478
2	2699763	2700491
2	4003887	4005716
2	493629	494234
2	2909439	2911673
2	1643657	1643896
2	3958700	3960721
2	3792010	3792942
2	4022356	4022844
2	3965939	3967042
2	2001896	2003302
2	4096669	4097517
2	4095759	4096595
2	3962388	3963653
2	3964440	3965699
2	4606208	4606654
2	1124785	1125369
2	891190	892092
2	1496962	1497501
2	663325	664413
2	670828	671409
2	643420	644226
2	2701405	2702085
2	1884888	1886015
2	1140405	1143590
2	235535	236002
2	204493	205089
2	3882516	3882875
2	4176902	4177606
2	3448565	3449386
2	3450319	3450948
2	3449703	3450308
2	3444921	3445460
2	3443629	3444162
2	4424131	4424580
2	4178019	4178516
2	4176470	4176898
2	4178583	4178948
2	3376245	3376673
2	3445800	3446171
2	3442127	3442561
2	3446781	3447191
2	3437638	3438021
2	3443266	3443619
2	2742205	2742552
2	1797417	1797773
2	3447923	3448255
2	3449404	3449706
2	3445475	3445789
2	2280539	2280823
2	3809461	3809697
2	3446590	3446781
2	3442565	3442744
2	4125036	4125248
2	1146590	1146763
2	3809273	3809440
2	3882359	3882499
2	3438062	3439051
2	4179268	4183296
2	4183373	4187596
2	3211069	3212910
2	3597952	3598806
2	3342739	3344172
2	3820129	3820404
2	961218	962891
2	189874	190599
2	3447204	3447905
2	3439077	3439697
2	3442748	3443251
2	4423141	4423536
2	3471564	3472103
2	3444175	3444567
2	3375837	3376229
2	3450981	3451292
2	3439731	3440120
2	3472200	3472574
2	3440137	3440493
2	3444601	3444906
2	3309437	3309706
2	2743959	2744207
2	3446336	3446590
2	4423862	4424089
2	3448270	3448548
2	20815	21078
2	3208803	3209018
2	1986740	1987237
2	4172099	4173049
2	1943389	1944000
2	1942370	1943380
2	1944879	1945400
2	2080780	2082207
2	411831	414977
2	395863	397083
2	4106857	4107846
2	1894956	1896320
2	755130	756896
2	756912	757628
2	754400	754789
2	754783	755130
2	1994134	1994856
2	108279	110984
2	3781684	3782151
2	426871	428718
2	4175381	4175764
2	428729	429700
2	3757881	3759272
2	3756040	3757884
2	1844989	1846032
2	3055200	3056432
2	4622918	4623886
2	956876	957964
2	938651	939943
2	1551996	1553693
2	160782	161486
2	4628756	4630693
2	4622168	4622812
2	2751627	2751968
2	4098833	4099453
2	1733402	1733983
2	3275024	3275359
2	1327356	1328405
2	4275492	4275956
2	4275083	4275406
2	3081957	3083933
2	3080899	3081819
2	3105042	3107177
2	134788	135582
2	135598	136464
2	717485	719683
2	3819451	3820074
2	3820423	3822531
2	3822538	3823227
2	1846861	1848717
2	2823854	2824417
2	2825384	2825755
2	2825759	2826538
2	2826643	2827002
2	2827835	2828800
2	2827069	2827842
2	2710918	2712252
2	4272148	4272684
2	3374804	3375442
2	3374301	3374798
2	757929	760730
2	760745	761962
2	762237	763403
2	763403	764272
2	2661464	2662267
2	1019633	1020142
2	53416	54702
2	3711115	3711678
2	1967407	1969008
2	1969054	1970715
2	3264149	3265087
2	3263061	3264050
2	3261708	3263039
2	3265402	3265620
2	3788343	3789368
2	1292750	1293367
2	473525	474385
2	425361	426488
2	3884851	3886215
2	337	2799
2	2801	3733
2	3734	5020
2	1798666	1800594
2	2962383	2963177
2	454357	455655
2	1924803	1926863
2	3886753	3888168
2	3888259	3889506
2	775565	776830
2	776963	778255
2	3176137	3177618
2	774376	775068
2	775072	775500
2	1309113	1309832
2	1329072	1331669
2	1843023	1844984
2	4108763	4109530
2	1286310	1286399
2	1244902	1246599
2	1490494	1492134
2	3434540	3435916
2	1421806	1423263
2	4031168	4032619
2	4160193	4161293
2	2742594	2743361
2	1314440	1315246
2	1315246	1316439
2	1316451	1317809
2	1317813	1319408
2	1319408	1320970
2	4630783	4631109
2	3510656	3511660
2	3963784	3964113
2	930308	931273
2	190857	191708
2	4589680	4591335
2	430353	431237
2	1682283	1683212
2	2736970	2738091
2	4265137	4266330
2	1987705	1988916
2	1384744	1386285
2	1713972	1715246
2	2426079	2426648
2	4014454	4015215
2	3588047	3588934
2	3589032	3590348
2	3586133	3587203
2	3587205	3588050
2	3585393	3586136
2	3848159	3848749
2	3846657	3848159
2	3845328	3846647
2	3843799	3845190
2	1692284	1694095
2	1230409	1231677
2	1229990	1230409
2	2714776	2715465
2	2433658	2434671
2	504138	505790
2	4269072	4271894
2	812749	814770
2	1990898	1992730
2	3996006	3998168
2	1607253	1608704
2	4549659	4550843
2	4479005	4481860
2	2028472	2028942
2	3994310	3995206
2	3036134	3036844
2	3036869	3037765
2	2632254	2633624
2	1830452	1831258
2	3727466	3728788
2	3725940	3727394
2	4238802	4240277
2	18715	19620
2	21407	22348
2	25826	26275
2	26277	27227
2	27293	28207
2	60358	63264
2	89634	90092
2	90094	91035
2	91032	91397
2	107705	108217
2	122092	122856
2	136570	136917
2	178455	179153
2	256527	257771
2	406203	406394
2	414974	416176
2	423561	424142
2	426511	426843
2	429829	430176
2	440325	440567
2	475896	476249
2	493300	493629
2	498238	499197
2	499349	500653
2	563071	563703
2	621523	622773
2	628523	628936
2	631405	631602
2	738224	738733
2	764376	765098
2	773975	774379
2	921589	921813
2	925951	926655
2	1029982	1030641
2	1039668	1039760
2	1116030	1117082
2	1121936	1122496
2	1144163	1145122
2	1146017	1146538
2	1309872	1310270
2	1310375	1310914
2	1310944	1311687
2	1312044	1312682
2	1312742	1313248
2	1313294	1313794
2	1313880	1314059
2	1340682	1341008
2	1642675	1642926
2	1643143	1643298
2	1643370	1643657
2	1785469	1786302
2	1790291	1790755
2	1846149	1846700
2	1849911	1850552
2	1944275	1944877
2	1945435	1946175
2	1946204	1946656
2	1988978	1989643
2	1992727	1993383
2	2027563	2028483
2	2332978	2334666
2	2337589	2338311
2	2442773	2443582
2	2513665	2515854
2	2519615	2520499
2	2589269	2589625
2	2597928	2598500
2	2599223	2599840
2	2735176	2735517
2	2741647	2742129
2	2743392	2743940
2	2960463	2960786
2	2960771	2961178
2	2961175	2961738
2	2977965	2978657
2	3054263	3054811
2	3066195	3066830
2	3066969	3067829
2	3071998	3072711
2	3072708	3073217
2	3177766	3178437
2	3178443	3179603
2	3179641	3180429
2	3180572	3181345
2	3204485	3205396
2	3205393	3205998
2	3207552	3208565
2	3260474	3261682
2	3265876	3266415
2	3266437	3267624
2	3268647	3269792
2	3269889	3270773
2	3309855	3310799
2	3310799	3311200
2	3315576	3316028
2	3436046	3436456
2	3464819	3465013
2	3483436	3483840
2	3514042	3515328
2	3584966	3585406
2	3724947	3725384
2	3764360	3765202
2	3790849	3791706
2	3794002	3794961
2	3807848	3808327
2	3812517	3813113
2	3814699	3815562
2	3815783	3816607
2	3826968	3828359
2	3874163	3874975
2	3875090	3875488
2	3883099	3884745
2	3911853	3913223
2	3924035	3924478
2	3993606	3994313
2	3995206	3995922
2	4048156	4048788
2	4163451	4164308
2	4170080	4171108
2	4211257	4211640
2	4211703	4212146
2	4218324	4220510
2	4238348	4238758
2	4325158	4327386
2	4380666	4381643
2	4404213	4404638
2	4597718	4598212
2	4599647	4600120
2	4633544	4634017
2	4634030	4634719
2	1489701	1489874
2	1932863	1934338
2	2144716	2145564
2	4154873	4156246
2	2019528	2019893
2	4363495	4364796
2	81958	83529
2	1545425	1548472
2	1548485	1549369
2	1549362	1550015
2	4338743	4339651
2	1797826	1798023
2	3440640	3440756
2	1680906	1682207
2	1771813	1772679
2	830095	831459
2	331595	332683
2	3465182	3467875
2	806656	807132
2	796836	797654
2	1489946	1490095
2	944154	944780
2	945094	946242
2	3065362	3066102
2	3073239	3074204
2	1395696	1396646
2	2911721	2913022
2	2908778	2909113
2	4446470	4446721
2	1266543	1267352
2	974845	975549
2	980270	982117
2	667471	667938
2	667942	668259
2	400610	400870
2	402927	404042
2	952832	953689
2	4404677	4407118
2	3946472	3947992
2	890407	891129
2	3490590	3491771
2	3451530	3451949
2	960424	961107
2	3787070	3788104
2	3725430	3725771
2	3432236	3433183
2	2088020	2088070
2	3948345	3948443
2	2735621	2735668
2	1797250	1797294
2	1321062	1321106
2	3850913	3851011
2	3886458	3886532
2	190	255
2	4470422	4470556
2	83622	83708
2	4395435	4397282
2	2599840	2601858
2	202101	202556
2	2685491	2686825
2	4151719	4152870
2	2854475	2854828
2	409368	410276
2	2233287	2234522
2	2239832	2240989
2	3079935	3080693
2	3147684	3148568
2	1262100	1262723
2	1261249	1262100
2	3967054	3968100
2	4623935	4625317
2	4041441	4042067
2	3395807	3396400
2	3394348	3395817
2	1646532	1646687
2	1646689	1646817
2	1646847	1647065
2	1647818	1648009
2	658170	658373
2	658474	659439
2	1472245	1473105
2	1473168	1475474
2	3408302	3409267
2	3809914	3810582
2	4097514	4098548
2	1189839	1191209
2	3401506	3402480
2	3735520	3737550
2	1148951	1149880
2	1149893	1150627
2	1290680	1291588
2	432226	432675
2	432679	433782
2	433871	434341
2	3052888	3053466
2	3050362	3051540
2	1333855	1336530
2	355395	356678
2	354146	355405
2	2654770	2655105
2	2789295	2790743
2	2792275	2793675
2	1336594	1337184
2	2618268	2618894
2	3049137	3050339
2	3817511	3819193
2	4625338	4626570
2	3088369	3089076
2	2245085	2246554
2	1113030	1113404
2	3803966	3805090
2	3803176	3803973
2	3805087	3806121
2	1297821	1298468
2	1113487	1114713
2	1191890	1192996
2	1191213	1191854
2	2010724	2011038
2	2011253	2012911
2	3882839	3883096
2	3802204	3803139
2	3801081	3802160
2	3800062	3801081
2	3799006	3800022
2	2809449	2810621
2	1999094	1999813
2	1998497	1999048
2	832293	834443
2	3333257	3334516
2	3463565	3464242
2	3734376	3735200
2	2137783	2139636
2	159186	160112
2	4394088	4395425
2	3898627	3900243
2	4632464	4633333
2	2913079	2915835
2	2373984	2374841
2	4250529	4251026
2	4251039	4251911
2	2695937	2696572
2	2695376	2695879
2	2693823	2695379
2	157253	157732
2	2241006	2241674
2	3159279	3160691
2	3160766	3161503
2	1762042	1762410
2	1038519	1039655
2	1036963	1038507
2	3189761	3189961
2	3347828	3348481
2	638168	638731
2	638976	640541
2	2004180	2005667
2	2003327	2003737
2	2003737	2004102
2	3638134	3638568
2	4609419	4610024
2	1232399	1233940
2	1231723	1232253
2	4159147	4159794
2	4159794	4160153
2	4023011	4024504
2	3654431	3654763
2	3653989	3654315
2	3653278	3653925
2	402505	402825
2	4461077	4462732
2	2623137	2624678
2	1255944	1257035
2	928419	930185
2	1740625	1741266
2	1236794	1238092
2	1238102	1239172
2	967589	968575
2	4455337	4455888
2	185978	188650
2	669797	670828
2	4481860	4482303
2	4605826	4606239
2	847631	848134
2	4458545	4460683
2	2139658	2140239
2	2276592	2277782
2	357015	357914
2	2346844	2347494
2	3796262	3797335
2	3794971	3796230
2	3798290	3798988
2	3797368	3798219
2	3077666	3079657
2	4157413	4158813
2	4187809	4188348
2	1186342	1187463
2	2516489	2516833
2	2516835	2517227
2	4439561	4440199
2	1617598	1617981
2	1617144	1617578
2	4493213	4494232
2	1146844	1147914
2	1145234	1145818
2	2810638	2812176
2	3431712	3432221
2	3641163	3643205
2	3047595	3048689
2	3056688	3057347
2	3058872	3061016
2	3061009	3062004
2	2816983	2817168
2	4283436	4285394
2	3945151	3945990
2	3946109	3946447
2	3968156	3969286
2	3969283	3970545
2	3970545	3971612
2	3971631	3972512
2	3972490	3973164
2	3973169	3974299
2	3976624	3977976
2	3977979	3978719
2	3978910	3980295
2	2583753	2585453
2	3998315	3999079
2	3999449	4000399
2	4000442	4000822
2	4000836	4001216
2	4001311	4002201
2	4002253	4002720
2	4005780	4006400
2	4006462	4007082
2	4008223	4009023
2	4009099	4009998
2	4015356	4016783
2	4016878	4017633
2	4017647	4018252
2	4018249	4019889
2	4019968	4020237
2	4020759	4021535
2	4021577	4022359
2	4030515	4031129
2	4032631	4033176
2	3974301	3975551
2	1715375	1716031
2	1716090	1716419
2	1103670	1104125
2	4255765	4257144
2	4261271	4262254
2	1152523	1153332
2	1153335	1154357
2	3655018	3655590
2	3407092	3407973
2	3409675	3410559
2	3329792	3330757
2	1154985	1155989
2	4336277	4338544
2	219591	219995
2	218887	219594
2	220113	220928
2	1923132	1923362
2	3323023	3324957
2	3325057	3325686
2	1553850	1553987
2	2621066	2623132
2	9306	9893
2	9928	10494
2	11382	11786
2	3359198	3359962
2	3360134	3360808
2	1234932	1236464
2	4112592	4113602
2	4111749	4112495
2	3616611	3617012
2	3621422	3621805
2	728357	728563
2	732999	733325
2	734873	735442
2	2288522	2289169
2	1348275	1349063
2	4120403	4121362
2	1886085	1887770
2	1739437	1740585
2	2373022	2373984
2	1258014	1258292
2	3865032	3865445
2	3864492	3864920
2	3862635	3864296
2	1125380	1126027
2	2710049	2710786
2	191855	192580
2	1066335	1066931
2	3929339	3931207
2	518363	518989
2	4195739	4196803
2	3656389	3656916
2	1139256	1140209
2	117752	118645
2	1726371	1727018
2	1727111	1731727
2	1185067	1186293
2	2833195	2835447
2	2835600	2836127
2	3320755	3322092
2	2796113	2796517
2	6529	7959
2	8238	9191
2	35377	36162
2	36271	37824
2	37898	39115
2	39244	40386
2	40417	41931
2	42403	43173
2	43188	44129
2	44180	45466
2	45463	45750
2	45807	47138
2	47246	47776
2	54755	57109
2	57364	58179
2	71351	72115
2	72229	72927
2	72911	74521
2	74497	75480
2	78848	79453
2	79464	80864
2	80867	81958
2	3534834	3535310
2	831691	832173
2	834471	835433
2	835574	836659
2	533140	534921
2	534934	535710
2	4192227	4194122
2	4191592	4192227
2	4190844	4191599
2	4189888	4190658
2	4188758	4189891
2	660860	661501
2	661602	661865
2	659648	660601
2	816267	817256
2	817278	817790
2	818271	818516
2	818518	818970
2	1618013	1618231
2	2650516	2651361
2	2652179	2652955
2	3194823	3197663
2	3197686	3198987
2	3430458	3431582
2	3430013	3430486
2	1307040	1308293
2	1308593	1308889
2	1305209	1306669
2	2481777	2482391
2	2482396	2485989
2	4328525	4330027
2	4331970	4333613
2	4330204	4331295
2	4331305	4331973
2	4374898	4375215
2	2160900	2162303
2	2162300	2163022
2	1169741	1173187
2	1345002	1346936
2	221614	222645
2	468095	469867
2	2927598	2928965
2	902229	902957
2	901480	902211
2	900757	901473
2	900089	900757
2	899067	899798
2	893007	894119
2	894214	895347
2	895357	896310
2	896307	897152
2	1615052	1616242
2	1616267	1616932
2	1618262	1619161
2	1619356	1620543
2	1620984	1621874
2	1622129	1622521
2	1622797	1623315
2	2256377	2257318
2	208621	209580
2	229167	229970
2	229967	230881
2	231122	231922
2	231926	232549
2	3380222	3381289
2	3991762	3992082
2	2012904	2013899
2	2013892	2014578
2	518957	519643
2	1690914	1692287
2	2005701	2006114
2	2006301	2007506
2	2007503	2007736
2	3475929	3476519
2	3475662	3475880
2	3201332	3202153
2	817793	818278
2	2318065	2319891
2	2319888	2321273
2	2321469	2322131
2	2322131	2322781
2	2322778	2324100
2	2324131	2325315
2	3202243	3202611
2	3202716	3203333
2	148807	149601
2	4119780	4120310
2	791539	793011
2	149715	150953
2	2971877	2974036
2	3341966	3342691
2	3344195	3344482
2	3344600	3345091
2	3816897	3817514
2	3828480	3830189
2	3830242	3832560
2	3832570	3833952
2	3834976	3836160
2	3836271	3837194
2	3838572	3839762
2	3839973	3840425
2	3840478	3841812
2	3841987	3843753
2	3851945	3853129
2	3853137	3853634
2	3853631	3853993
2	3853983	3854330
2	3854438	3854887
2	787020	788060
2	786066	786818
2	782389	783108
2	2140331	2140972
2	4194926	4195699
2	483650	484843
2	480478	483627
2	3854934	3856427
2	3856424	3858139
2	3858306	3859199
2	3861922	3862638
2	3865751	3866083
2	3866085	3867299
2	3867400	3868464
2	3868461	3869753
2	3871018	3871635
2	3871619	3872497
2	3872494	3873183
2	3873461	3874117
2	3889638	3890813
2	3890788	3891747
2	3891904	3892653
2	3892675	3893241
2	3893295	3894632
2	3894797	3895462
2	3895529	3895996
2	3896045	3896632
2	3896694	3897416
2	3897431	3898600
2	3926175	3927626
2	3927620	3929116
2	3937208	3938635
2	3938658	3939350
2	1084215	1085279
2	1082599	1083870
2	222833	223408
2	220968	221621
2	4194355	4194831
2	590164	592401
2	587205	590177
2	3410825	3411487
2	1575681	1577366
2	1573271	1575643
2	1570431	1573226
2	147944	148795
2	146314	146694
2	146968	147870
2	145081	146310
2	3541189	3542067
2	1978212	1979636
2	1979611	1980411
2	1269972	1271072
2	77621	78799
2	2033859	2034710
2	349236	350405
2	4393608	4394069
2	4392089	4393636
2	1326378	1327136
2	1527946	1528428
2	1531076	1531309
2	3759370	3759978
2	3766200	3766661
2	3768266	3769402
2	3769405	3769767
2	3623702	3624826
2	529356	530450
2	526805	527173
2	2389534	2391063
2	2398240	2399577
2	710828	711121
2	711261	712025
2	3100155	3100874
2	4285787	4287223
2	2752918	2753400
2	2754181	2755422
2	2714088	2714471
2	2712461	2713342
2	2715513	2716550
2	2125217	2126338
2	2124249	2125214
2	2123767	2124246
2	2122547	2123770
2	3076909	3077352
2	3075493	3076881
2	2939258	2939653
2	2938165	2939265
2	2939672	2940589
2	4621124	4622140
2	2576688	2577638
2	114522	115724
2	3142176	3143162
2	3141008	3142186
2	3139308	3141011
2	3138814	3139308
2	3138333	3138821
2	3137999	3138340
2	3137738	3137986
2	1927072	1927731
2	1928058	1928414
2	1928481	1928771
2	1928905	1930083
2	3044190	3047063
2	4412298	4413923
2	4411051	4412214
2	1058479	1061025
2	1057307	1058479
2	2869323	2869802
2	2867535	2868296
2	1287005	1287847
2	1117124	1117699
2	472190	473476
2	1362256	1363536
2	2550374	2551243
2	3151585	3152244
2	1532989	1533882
2	1041253	1043433
2	4311373	4311822
2	4038929	4039456
2	4039438	4040022
2	4040092	4040361
2	4040438	4041424
2	4042222	4043652
2	4043693	4044625
2	4049370	4049879
2	4050068	4051441
2	4056430	4058253
2	4058470	4059180
2	4059188	4060168
2	4060270	4061535
2	4062386	4063789
2	4063832	4065217
2	4065263	4067299
2	4067498	4068424
2	4068538	4069779
2	4069796	4070674
2	4070698	4071594
2	4071762	4072658
2	4072692	4073477
2	4073576	4074175
2	4074169	4075041
2	4075038	4075475
2	4075472	4076461
2	4077320	4077532
2	4077774	4077992
2	4079248	4079883
2	4079880	4080782
2	4080795	4083845
2	4084039	4084872
2	4085025	4086080
2	4086130	4087878
2	4087878	4088948
2	4088938	4090389
2	4090400	4090846
2	4091147	4091461
2	4091471	4092295
2	4092746	4094005
2	4094002	4095471
2	4099713	4100696
2	4100845	4101519
2	3511653	3512411
2	4103843	4104343
2	4104492	4105394
2	4109638	4110237
2	4110338	4110778
2	4110990	4111289
2	4111316	4111744
2	4116538	4116783
2	4116868	4117353
2	4117446	4118372
2	4118439	4119770
2	4125309	4125917
2	1498597	1499589
2	1499586	1500179
2	1108558	1110093
2	1110086	1112629
2	2716757	2717176
2	3779238	3779711
2	3652706	3653236
2	3651984	3652550
2	2077557	2078615
2	2078813	2079286
2	2079405	2080571
2	2082250	2082477
2	2082491	2083549
2	2083728	2085086
2	2707459	2708034
2	1412008	1412817
2	1411757	1411951
2	1411555	1411764
2	4134131	4135036
2	4135063	4135680
2	4135955	4137058
2	4137069	4137731
2	4137743	4140244
2	4140553	4141632
2	4141647	4141967
2	4142018	4144315
2	4144281	4145159
2	4145161	4145502
2	4145489	4146340
2	4146555	4148288
2	4196813	4197484
2	4197527	4198117
2	4198589	4199284
2	4199286	4199711
2	4225754	4227385
2	4227476	4228165
2	4228377	4229249
2	4229382	4229654
2	4233929	4234171
2	4234285	4234923
2	4234920	4235657
2	4235657	4237753
2	4257260	4257469
2	4257511	4258026
2	4258344	4258598
2	4258622	4259329
2	4259737	4260729
2	4260863	4261105
2	4267437	4268150
2	4268261	4268677
2	4268681	4269037
2	4272783	4273064
2	4273494	4275080
2	4276502	4277851
2	4278003	4279652
2	4279806	4281098
2	4281276	4282925
2	4282922	4283236
2	4287268	4287834
2	4287831	4288502
2	4288499	4289455
2	4289535	4291193
2	4291186	4291569
2	4291566	4292162
2	4294459	4295148
2	4297587	4299053
2	4299050	4301101
2	4301101	4302132
2	4302635	4304620
2	4304893	4305822
2	4305806	4306501
2	4306512	4307492
2	4307471	4309003
2	3512404	3513081
2	3775422	3777077
2	3777077	3777853
2	3777850	3779040
2	3774688	3775050
2	3773595	3774182
2	4335191	4335952
2	1137601	1139244
2	3436453	3436671
2	3436727	3437152
2	3437163	3437531
2	2511064	2512266
2	152829	155426
2	155461	156201
2	4541751	4542290
2	2019893	2020630
2	2020640	2020909
2	2020917	2021702
2	2108162	2109043
2	2107605	2108162
2	2106361	2107608
2	2105250	2106353
2	2104084	2105250
2	2103089	2104081
2	2102518	2103108
2	2101415	2102533
2	2185402	2186436
2	2186452	2188932
2	2188948	2189667
2	2189702	2190244
2	2190537	2190818
2	2198301	2201933
2	2201994	2202311
2	2202618	2203706
2	2203717	2205996
2	2205989	2207125
2	2209247	2209708
2	2209748	2210218
2	2210265	2210984
2	2210981	2212666
2	2212888	2213619
2	2213767	2214498
2	2214503	2215429
2	2215422	2216579
2	2216586	2217503
2	2217714	2220011
2	2221960	2222892
2	2223066	2223653
2	2223823	2224401
2	2224531	2225292
2	2227460	2228407
2	2228646	2229044
2	2229041	2229736
2	2230900	2231619
2	2241932	2242768
2	2247739	2248788
2	2249722	2250810
2	2250917	2252167
2	2252267	2253208
2	2253377	2254036
2	2254107	2255357
2	2255451	2256389
2	2261885	2263066
2	2263472	2264044
2	2264267	2265733
2	2270386	2272200
2	2272201	2273295
2	2273295	2274320
2	2274322	2275911
2	2275915	2276259
2	2282151	2282378
2	2277810	2278505
2	2278654	2280414
2	2280962	2281969
2	2282398	2284158
2	2289380	2290432
2	2290429	2290986
2	2290983	2292926
2	2292923	2293402
2	2293605	2294342
2	2294384	2295046
2	2295043	2295666
2	2295679	2296281
2	2296291	2296740
2	2296737	2297600
2	2297587	2298282
2	2298289	2300775
2	2301025	2301519
2	2303130	2304776
2	2304994	2306637
2	2308501	2309556
2	16751	16960
2	3611690	3613264
2	3613264	3614208
2	3614205	3615038
2	3615038	3615802
2	3615799	3616605
2	2820161	2820661
2	2961729	2962199
2	2402651	2403094
2	2401973	2402635
2	2400077	2401867
2	2399574	2400074
2	2395461	2398187
2	2394487	2395464
2	2393930	2394472
2	2393364	2393918
2	2393065	2393367
2	2391227	2393068
2	2388070	2389527
2	75644	77299
2	3320195	3320527
2	4446715	4447065
2	2732325	2733056
2	2733053	2734033
2	4373722	4374288
2	2577658	2579661
2	3538185	3538412
2	3538429	3540750
2	2265851	2266837
2	2246759	2247640
2	115714	117099
2	117109	117549
2	2828797	2830311
2	1485259	1486059
2	2865636	2866775
2	2756666	2756878
2	3517487	3518725
2	4607437	4609026
2	4606669	4607346
2	484985	485632
2	1287897	1288355
2	1288468	1289373
2	1289465	1290478
2	3087777	3088274
2	2403725	2404663
2	2424028	2424810
2	2423252	2423938
2	727955	728044
2	4462782	4464203
2	2963184	2964059
2	2616893	2618182
2	2655107	2656957
2	2656974	2657489
2	2657585	2657908
2	2541854	2542645
2	848433	849320
2	849673	850188
2	2159488	2160903
2	215269	215979
2	216179	217003
2	2686815	2687528
2	1736890	1737822
2	1737935	1739146
2	2926251	2927540
2	2300772	2301035
2	712781	714421
2	3345137	3345991
2	3345988	3346260
2	3086306	3087700
2	1669400	1669708
2	2062503	2063246
2	2061412	2062491
2	4492646	4493209
2	1540696	1542084
2	1416695	1417183
2	1416032	1416253
2	1415862	1416032
2	1417180	1417335
2	408332	409243
2	407401	407685
2	3433229	3434518
2	4631820	4632467
2	973542	974864
2	971845	972624
2	972760	973545
2	418815	420134
2	2293399	2293608
2	4613538	4615088
2	1161108	1161467
2	3463104	3463565
2	1417346	1417480
2	4360756	4361331
2	4363041	4363379
2	4361368	4363065
2	656515	656724
2	655780	656340
2	1731778	1732125
2	452813	453391
2	451294	452769
2	3175303	3175932
2	3174880	3175302
2	3173447	3174028
2	3174028	3174855
2	2964210	2966456
2	2551247	2552146
2	2552152	2553204
2	471822	472160
2	2748853	2749731
2	1062078	1062998
2	1061773	1062078
2	1061022	1061621
2	1063259	1064515
2	712210	712755
2	1814410	1815159
2	2145698	2147050
2	2797672	2798016
2	4464322	4465269
2	1639363	1639578
2	1905250	1905459
2	1639879	1640091
2	1904275	1905084
2	656778	657161
2	3792952	3793998
2	3596007	3596390
2	3603002	3603271
2	3603274	3603633
2	3603774	3604400
2	3604474	3606672
2	3606774	3607019
2	3607240	3607905
2	3607978	3608535
2	3608539	3609756
2	3609888	3610937
2	3610992	3611579
2	3624826	3627561
2	3627558	3628625
2	3628991	3630613
2	3632864	3633916
2	3634231	3635433
2	3635665	3637164
2	3637408	3637743
2	3638885	3640354
2	3640403	3641155
2	3643408	3644250
2	3646958	3648247
2	3648260	3648685
2	3657255	3658412
2	3658437	3661550
2	3661913	3662641
2	3663009	3663833
2	3665814	3667211
2	3667615	3669264
2	3669315	3669917
2	3670437	3671336
2	3671385	3672398
2	3672809	3674131
2	3674313	3676373
2	3676443	3677210
2	3677442	3678371
2	3678467	3679963
2	3681653	3683641
2	3683723	3687196
2	3687178	3688284
2	3688291	3690630
2	3690641	3693259
2	3694020	3694208
2	3694481	3696052
2	3696049	3696240
2	3696237	3697916
2	3698586	3699857
2	3706807	3708498
2	3708822	3710030
2	3710259	3710957
2	3711675	3712115
2	3714570	3715229
2	3715333	3716307
2	3716357	3717067
2	3723910	3724905
2	3730224	3731765
2	3731743	3732924
2	3739707	3740555
2	3740756	3741754
2	3741766	3742233
2	3742351	3742824
2	3742827	3744104
2	3744117	3745103
2	3745107	3746603
2	3746600	3747262
2	3747255	3748115
2	3748109	3748804
2	3749151	3749891
2	3750015	3750989
2	3750986	3752122
2	3752128	3752451
2	3752996	3754534
2	3754699	3755850
2	3782214	3782465
2	3782607	3783038
2	3783283	3784827
2	3784861	3786120
2	3786124	3787083
2	1073465	1074103
2	1154347	1154988
2	1156000	1156797
2	1350660	1351652
2	1349852	1350658
2	1023125	1023571
2	1025780	1026238
2	2696781	2697629
2	4638965	4639651
2	2653097	2654380
2	2654558	2654758
2	112599	113219
2	111856	112599
2	111649	111846
2	129407	131260
2	131615	134212
2	137083	138633
2	142008	142670
2	142779	143705
2	143702	144472
2	144577	145017
2	2354926	2355825
2	151003	151599
2	151626	152231
2	152243	152812
2	156299	156883
2	162105	164534
2	161501	162031
2	175107	176528
2	176610	176954
2	177001	177624
2	177662	178462
2	182463	183620
2	183709	184095
2	184257	185069
2	280053	281207
2	276980	278026
2	2706776	2707426
2	4619792	4621123
2	4626878	4628545
2	1364959	1365936
2	1625541	1626287
2	3718471	3718623
2	1995086	1995838
2	3957555	3957836
2	3992545	3992748
2	214833	215255
2	3556290	3557888
2	1781055	1782701
2	992500	993267
2	751452	752018
2	2346536	2346790
2	2980519	2981280
2	2377370	2378665
2	3183436	3183987
2	3482512	3483381
2	3089156	3089887
2	597937	601080
2	1941438	1942223
2	1850645	1852003
2	1198902	1200029
2	3306062	3306946
2	2929077	2929832
2	2924330	2925694
2	3489475	3489642
2	963543	965807
2	2524968	2525966
2	1948856	1949422
2	1949419	1950237
2	3544581	3545897
2	2801524	2802483
2	4366687	4367163
2	549662	550555
2	2311510	2314182
2	2793696	2794358
2	2788004	2789272
2	562553	563068
2	4536808	4537524
2	1787637	1787828
2	1258347	1260026
2	3206046	3207509
2	1860040	1860453
2	773532	773825
2	2141290	2144607
2	1003170	1003880
2	1246919	1248337
2	1741481	1742854
2	2641151	2642305
2	1271342	1271572
2	1271730	1272425
2	1272469	1272822
2	1273007	1274401
2	829195	829866
2	865791	866756
2	2581568	2583547
2	2580925	2581500
2	2109101	2110000
2	2110000	2111085
2	2464567	2465724
2	2172619	2173071
2	2172304	2172588
2	2170945	2172300
2	2169857	2170897
2	2174372	2175226
2	2463323	2464255
2	837413	837679
2	836888	837148
2	387019	387870
2	1265317	1266150
2	2165326	2165544
2	794312	795085
2	479558	479932
2	1359935	1360492
2	1773611	1775206
2	1324876	1325751
2	3199229	3199849
2	196546	197898
2	2371670	2373025
2	2374856	2375614
2	4451606	4452601
2	4453808	4455181
2	2746796	2748082
2	3099829	3100155
2	1166822	1167361
2	2713445	2714032
2	2739382	2739747
2	1654208	1654768
2	586314	587204
2	2445530	2446462
2	2831934	2833067
2	1651951	1653165
2	1650920	1651939
2	4476496	4476912
2	505827	506306
2	2970691	2971884
2	1566978	1568513
2	1687876	1689384
2	4309130	4310065
2	4310124	4311014
2	4327383	4328261
2	4333717	4335054
2	4342952	4343581
2	4347338	4348057
2	4348054	4349685
2	4349866	4350096
2	4350108	4350380
2	4350607	4350903
2	4352977	4354434
2	4367179	4368435
2	4370832	4371185
2	4371388	4372257
2	4372652	4373680
2	4375212	4375745
2	4381862	4383364
2	4383416	4383730
2	4383727	4384041
2	4384070	4387393
2	4388480	4389532
2	4389627	4390172
2	4390951	4392090
2	4402409	4402606
2	4407298	4408029
2	4408156	4408557
2	4408576	4409274
2	4409325	4409984
2	4410002	4410400
2	4410410	4411048
2	4414464	4414793
2	4414975	4415724
2	4415721	4416476
2	4416584	4417648
2	4418003	4419400
2	4419416	4419721
2	4419731	4420195
2	4420209	4420859
2	4420869	4421723
2	4421723	4422409
2	4422539	4422814
2	4424651	4425445
2	4426102	4426740
2	4426958	4427578
2	4427887	4429299
2	4429344	4430006
2	4430114	4431079
2	4431187	4432047
2	4432136	4432516
2	4435730	4436668
2	4436731	4437285
2	4437610	4437816
2	4437895	4439238
2	4440405	4442138
2	4442135	4445914
2	4445917	4446258
2	4447985	4448941
2	4449081	4450583
2	4450594	4451619
2	4414040	4414315
2	3273304	3274875
2	4457923	4458387
2	4468550	4468936
2	4465648	4468344
2	4470837	4471232
2	4471363	4472076
2	4472147	4472740
2	4472885	4473337
2	4473460	4475274
2	4477057	4477560
2	4477753	4478949
2	4484241	4485341
2	4485341	4486423
2	4486584	4488086
2	4488164	4489162
2	4489229	4490548
2	4490610	4491374
2	4491398	4492429
2	4502081	4503298
2	4503310	4504428
2	4518694	4520043
2	4520150	4522117
2	4522128	4523033
2	4523038	4523826
2	4524129	4524911
2	4524928	4525560
2	4525572	4526003
2	4526134	4526940
2	4526953	4528266
2	4528553	4529674
2	4530460	4531206
2	4531262	4531807
2	4534637	4535617
2	4535682	4536788
2	4547976	4549319
2	4553513	4554343
2	4555016	4555408
2	4556377	4557549
2	4557562	4558023
2	4558020	4558703
2	4560766	4561626
2	4561945	4562712
2	4562722	4563873
2	4563989	4565269
2	4565310	4566542
2	4568185	4569597
2	4569774	4569938
2	4577522	4577863
2	4586899	4587102
2	4587152	4589302
2	4591384	4592745
2	4592960	4593874
2	4594013	4595035
2	4595173	4597464
2	4600111	4600881
2	4601500	4602225
2	4602333	4602860
2	4602898	4603686
2	4604692	4605723
2	4610434	4611507
2	4611504	4612283
2	4612703	4613566
2	4631256	4631768
2	4638425	4638565
2	4499283	4499612
2	4517361	4518347
2	134388	134750
2	1151162	1152403
2	2415103	2416623
2	34781	35371
2	59687	60346
2	3378765	3380132
2	1712401	1713006
2	3378213	3378611
2	1056485	1057177
2	1055484	1056512
2	1052657	1055401
2	3341402	3341959
2	604741	605109
2	602639	603886
2	1103174	1103629
2	1550852	1551862
2	500786	502462
2	3717501	3717791
2	3702794	3703813
2	3701882	3702784
2	3700888	3701871
2	3699887	3700891
2	3575088	3575615
2	3575754	3576749
2	3573744	3575084
2	2882575	2885241
2	2022659	2022847
2	642780	643190
2	2534408	2535259
2	2535364	2535738
2	2112526	2113920
2	2113931	2115151
2	1349431	1349784
2	3170552	3171133
2	3171164	3171478
2	1117703	1118269
2	685152	685892
2	684478	685152
2	683753	684478
2	1129058	1129351
2	1128637	1129053
2	552441	553163
2	1694486	1695076
2	1689610	1690875
2	1118691	1119809
2	1120465	1120710
2	2371294	2371560
2	1386329	1386835
2	1433209	1433643
2	2794359	2794808
2	197928	200360
2	2658339	2659553
2	1939675	1940607
2	1861874	1862758
2	1997609	1998409
2	2060415	2061347
2	640662	641090
2	936595	937206
2	3039335	3040315
2	2069563	2072682
2	1122630	1123277
2	1112802	1113029
2	937217	938560
2	1338582	1339751
2	631612	632700
2	1894194	1894772
2	3203346	3204278
2	1480279	1480884
2	3037877	3038398
2	2821871	2822368
2	2822513	2823598
2	686062	686970
2	682700	683635
2	948891	949481
2	1066087	1066314
2	3096580	3097587
2	3098926	3099645
2	2871036	2871359
2	555255	555776
2	2026473	2027390
2	2030408	2031103
2	2812240	2812755
2	1544312	1545193
2	193521	194717
2	3212989	3213495
2	3217516	3218895
2	3218937	3219269
2	3224256	3225689
2	3225823	3226893
2	3226910	3229261
2	3229687	3231705
2	3231750	3232166
2	3232163	3232477
2	3232761	3233897
2	3233982	3234485
2	3234562	3235254
2	3235333	3236319
2	3236602	3237567
2	3237966	3239210
2	3239215	3239766
2	3239849	3241336
2	3241351	3242763
2	3243126	3244544
2	3244674	3245450
2	3245795	3246457
2	3246461	3246844
2	3246991	3247359
2	3247397	3247702
2	3247705	3248109
2	3248584	3248976
2	3249046	3250032
2	3250326	3250691
2	3250933	3251289
2	3251340	3252236
2	3252341	3253042
2	3253065	3253229
2	3253363	3254673
2	3254701	3256032
2	3256307	3257671
2	3257743	3258132
2	3258146	3260440
2	3271595	3272929
2	3275359	3275823
2	3275878	3276687
2	3276936	3278216
2	3278239	3278712
2	3279998	3281152
2	3281165	3282025
2	3282192	3282668
2	3282707	3283510
2	3283500	3284291
2	3284292	3285047
2	3285448	3286032
2	3286112	3286807
2	3286836	3289352
2	3289363	3290454
2	3290497	3291357
2	3291422	3293458
2	3293416	3293811
2	3293831	3294421
2	3294431	3295006
2	3295120	3296160
2	3296233	3296868
2	3296996	3297514
2	3297494	3297937
2	3297988	3298290
2	3298277	3298780
2	3298774	3299298
2	3299507	3300502
2	3300511	3301389
2	3301470	3302477
2	3318010	3319635
2	3325812	3326105
2	3328604	3329776
2	3334571	3334825
2	3334985	3335278
2	3335278	3335913
2	3335932	3336483
2	3336488	3337270
2	3337278	3338087
2	3338297	3339274
2	3339288	3340274
2	3340295	3340861
2	3340858	3341433
2	3346474	3347106
2	3347103	3347831
2	3351143	3352072
2	3360829	3363210
2	3364948	3365664
2	3365849	3366976
2	3367036	3367500
2	3367497	3368372
2	3368369	3369058
2	3371720	3372511
2	3372891	3374258
2	3376892	3378019
2	3383560	3383823
2	3383879	3384151
2	3384243	3386210
2	3386216	3387148
2	3387156	3387359
2	3387542	3388471
2	3388605	3390050
2	3390480	3394280
2	489334	489495
2	3405397	3405639
2	3410643	3410822
2	3416412	3416633
2	3418156	3419337
2	3419347	3420450
2	3420458	3421216
2	3427258	3427812
2	3427788	3428045
2	3428865	3429437
2	3429442	3429984
2	890136	890423
2	490106	490483
2	2087486	2087737
2	2876591	2876875
2	2338439	2342191
2	674241	674723
2	1398271	1399797
2	778821	779612
2	1017708	1018160
2	2722150	2722473
2	1494880	1496535
2	1934676	1935545
2	1993842	1994066
2	1977777	1978205
2	1987275	1987514
2	1496675	1496899
2	1912860	1913558
2	394354	395511
2	1328441	1328692
2	719806	720063
2	1383535	1384596
2	431536	432075
2	805221	806504
2	1029562	1029891
2	3053634	3053963
2	555884	556096
2	2740405	2741631
2	3134685	3136544
2	3132894	3134393
2	3457839	3459035
2	3459045	3459482
2	3459490	3459999
2	3451951	3453420
2	3453600	3454415
2	3454399	3456351
2	3456361	3457842
2	3459996	3460373
2	3460366	3460953
2	3460946	3461929
2	3461944	3463107
2	3472700	3472987
2	3472995	3473354
2	3473354	3473740
2	3473740	3474462
2	3474629	3475441
2	2493667	2494587
2	3478629	3479183
2	3479311	3481224
2	3481224	3482246
2	3482240	3482458
2	3484813	3486915
2	3497470	3497637
2	3497932	3499269
2	3499290	3500312
2	3500362	3501192
2	3501189	3501974
2	3502074	3502805
2	3502957	3504042
2	3504054	3505358
2	3505370	3505723
2	3505734	3506612
2	3506609	3507835
2	3507835	3508998
2	3509082	3509444
2	3509461	3510366
2	3518637	3519041
2	3519031	3519471
2	3519455	3519994
2	3519994	3520773
2	3523611	3524171
2	3524491	3526626
2	3526691	3527359
2	3527370	3527771
2	3527796	3528674
2	3528737	3530461
2	3535407	3537728
2	3540750	3540986
2	3542904	3543587
2	3543646	3544221
2	1481085	1484987
2	3553855	3554871
2	3554875	3556101
2	2808366	2808701
2	3573094	3573687
2	3576973	3577668
2	3577791	3578828
2	3579161	3579649
2	3579886	3581064
2	3582782	3583066
2	2470409	2470903
2	1667723	1668976
2	3121849	3122253
2	3213749	3214513
2	3214801	3215424
2	3215578	3217098
2	1956544	1957290
2	2506483	2507448
2	2922757	2923302
2	2830498	2831937
2	1011224	1012477
2	1012482	1014122
2	1322122	1322742
2	1322770	1324665
2	3043180	3043923
2	3062015	3062800
2	3062824	3064302
2	3064299	3065195
2	3074201	3075478
2	3092122	3093102
2	3093120	3093824
2	3093842	3094408
2	3094405	3094695
2	3094703	3095296
2	3095289	3096425
2	3102115	3102390
2	3102455	3103534
2	3107575	3108282
2	3108612	3109148
2	3111089	3111499
2	3111565	3112374
2	3112572	3117134
2	3117619	3119301
2	3123492	3124544
2	3124544	3126043
2	3126294	3127058
2	3129363	3130430
2	3130476	3131234
2	3131266	3131979
2	3132153	3132845
2	3136749	3137615
2	3143165	3144283
2	3144472	3144759
2	3145919	3146959
2	3146999	3147493
2	3152284	3153240
2	3153377	3154540
2	3154645	3155472
2	3155672	3156598
2	3156649	3156906
2	3156949	3159168
2	3164133	3165740
2	3165873	3166268
2	3166270	3166566
2	3166771	3167253
2	3167306	3167698
2	3167850	3168509
2	3168506	3169855
2	3169901	3170233
2	3182862	3183152
2	2899918	2901396
2	2902769	2903440
2	2903733	2904605
2	2989290	2989781
2	2990116	2991492
2	2991660	2991878
2	2997158	2997913
2	2998367	3000625
2	3000636	3001514
2	3001511	3001990
2	3002030	3003808
2	3004284	3005474
2	3005532	3006728
2	3006786	3007997
2	3008050	3009435
2	3009483	3010415
2	3010636	3012261
2	3012309	3013079
2	3013182	3013760
2	3014082	3017180
2	3017183	3018511
2	3018562	3019341
2	3019338	3022208
2	3022373	3023773
2	3023788	3025107
2	3025143	3026510
2	3026546	3027034
2	3027034	3028953
2	3029389	3030837
2	3031087	3031635
2	3038438	3038845
2	3038826	3039092
2	2969293	2969511
2	3040511	3041170
2	3041334	3041645
2	3041684	3043123
2	2940940	2941167
2	2941359	2942564
2	2942564	2943007
2	2943058	2943864
2	2944103	2945200
2	2945779	2947032
2	2966469	2966999
2	2968442	2969155
2	2969619	2970659
2	2981310	2982146
2	2982433	2983614
2	2983869	2985098
2	2985558	2986190
2	2986524	2987333
2	2987326	2987808
2	2857782	2858438
2	2858489	2859256
2	2859452	2860360
2	2860357	2861523
2	2861615	2862253
2	2862258	2863034
2	2863123	2864487
2	2868277	2869326
2	2869802	2870512
2	2870531	2870842
2	2876877	2877794
2	2877810	2878409
2	2878396	2879070
2	2879073	2880164
2	2880177	2880659
2	2880652	2882160
2	2890236	2890601
2	2890679	2891950
2	2891941	2892201
2	2892218	2892793
2	2892941	2893801
2	2893798	2894577
2	2894555	2895892
2	2895986	2897440
2	2897510	2898295
2	1940686	1941441
2	959487	960251
2	1009187	1011094
2	1447100	1449373
2	250898	251953
2	246242	246502
2	240859	243303
2	243543	244121
2	244327	245094
2	245065	245805
2	246712	247461
2	247637	248134
2	252005	252298
2	252301	252699
2	252709	253161
2	245961	246239
2	2363040	2363642
2	1665368	1666588
2	2520751	2522007
2	2523149	2523913
2	2474716	2475651
2	3083942	3084073
2	3084209	3084424
2	2916067	2917407
2	2917428	2918768
2	2918770	2920122
2	2920557	2921006
2	2921024	2921806
2	2921806	2922135
2	2923370	2924218
2	2898614	2899891
2	1984949	1985452
2	404988	405446
2	2705820	2706776
2	2705344	2705823
2	1445543	1447042
2	1441075	1443714
2	1439345	1439767
2	1439082	1439348
2	1435284	1438808
2	2379104	2379565
2	2378744	2379049
2	1439878	1440867
2	1363574	1364839
2	1679000	1679722
2	1680183	1680902
2	1679719	1680054
2	2752030	2752320
2	2752310	2752786
2	2755666	2756622
2	2757007	2758416
2	2758569	2759195
2	2759373	2761562
2	2761559	2763175
2	2763535	2763798
2	2763940	2765013
2	2765006	2765377
2	2765732	2766595
2	2766687	2767508
2	2767725	2768426
2	2768703	2769146
2	2769170	2769637
2	2771340	2773043
2	2773941	2774399
2	2774408	2774890
2	2775137	2775454
2	2776168	2780748
2	2697685	2697945
2	466636	467454
2	464836	466536
2	467607	468065
2	209679	211820
2	212331	213629
2	213678	213932
2	213925	214125
2	214291	214836
2	211877	212266
2	932447	936436
2	793079	793867
2	1386954	1387919
2	798845	799798
2	797809	798804
2	1051070	1051300
2	1051290	1051463
2	1051512	1052585
2	765207	767183
2	767201	769834
2	745158	745949
2	2063243	2063788
2	668519	669130
2	669154	669795
2	1985531	1985782
2	1228706	1229617
2	506510	507304
2	507442	507783
2	508099	510603
2	510865	511797
2	511800	513092
2	461139	463010
2	463161	463532
2	463626	464024
2	464076	464771
2	474603	475175
2	475206	475595
2	513217	513624
2	513625	514083
2	514080	514997
2	515143	515820
2	515807	516586
2	516649	517503
2	517564	518373
2	519640	522054
2	535810	536688
2	530519	531445
2	502700	503920
2	914575	915270
2	442828	443739
2	442275	442865
2	440773	442221
2	2987957	2988382
2	2362576	2363001
2	1952602	1955031
2	1955056	1956156
2	2007845	2008513
2	2008624	2009103
2	2480198	2481361
2	2478660	2480198
2	2486045	2487190
2	2798156	2798497
2	2798745	2798990
2	2798987	2799397
2	2795542	2796066
2	3090959	3091522
2	3091522	3091938
2	3122258	3123481
2	373092	374105
2	374683	375894
2	375996	376535
2	376759	377592
2	378830	379105
2	379293	380066
2	381963	383159
2	385431	386198
2	384456	385418
2	386195	387022
2	383283	383840
2	740298	741779
2	742050	742793
2	742816	743472
2	743466	744398
2	744388	745122
2	745946	746992
2	747144	748205
2	748202	748930
2	748945	751392
2	826468	828204
2	828197	829195
2	837753	838430
2	838472	840754
2	841019	841279
2	841555	842481
2	842478	844703
2	850237	851820
2	852406	852873
2	852870	853988
2	854047	854967
2	855186	856778
2	857019	858284
2	858436	859251
2	859397	861829
2	194903	195664
2	234027	234782
2	234816	235538
2	237335	238120
2	239419	240189
2	262914	263231
2	263972	264430
2	265334	265777
2	266408	267229
2	267321	268184
2	268513	269406
2	274549	275952
2	275939	276871
2	281481	282410
2	282425	284392
2	284619	286001
2	286013	287623
2	4603827	4604063
2	287628	288386
2	1399834	1401279
2	1401279	1402589
2	1402765	1403673
2	1404003	1404566
2	1404587	1405819
2	1406074	1407057
2	1409037	1409972
2	1410024	1411259
2	1411261	1411476
2	1417789	1418265
2	1418389	1418685
2	1418708	1419130
2	1419143	1420000
2	1420007	1420753
2	1427073	1430435
2	1432015	1432281
2	4061626	4062318
2	1433784	1434917
2	1391251	1392864
2	2041675	2042472
2	2042962	2050038
2	2054882	2055598
2	2056227	2057714
2	2072803	2074335
2	2074332	2074778
2	2074841	2075062
2	2075136	2075504
2	2075593	2075967
2	2077056	2077385
2	2085353	2086282
2	2086328	2087152
2	2645348	2650309
2	2657925	2658311
2	2840595	2841065
2	2659665	2660153
2	545904	547571
2	1957304	1957870
2	2095345	2096325
2	2096471	2097637
2	1718414	1718848
2	1717900	1718367
2	1101769	1102419
2	1101375	1101764
2	1100934	1101350
2	1100074	1100907
2	1104184	1104516
2	1342781	1344766
2	3193342	3194775
2	2663457	2664737
2	1722158	1722679
2	1722760	1723656
2	1725861	1726268
2	1444402	1445307
2	915696	917354
2	913181	914080
2	897741	898868
2	1379971	1380876
2	1644429	1644761
2	1161470	1161847
2	1161861	1162502
2	1162483	1163307
2	1163318	1164343
2	1164366	1164908
2	1167423	1168055
2	1168296	1168553
2	1168635	1169597
2	1173315	1174388
2	1174650	1175849
2	1175842	1176543
2	1176543	1177787
2	1177816	1178727
2	1178743	1179582
2	1179702	1180490
2	1180487	1180948
2	1193050	1193511
2	1193521	1194174
2	1196090	1196755
2	1196756	1197460
2	34300	34695
2	2660605	2661345
2	2662412	2663266
2	2664729	2665868
2	2666028	2666918
2	2667054	2668415
2	2668412	2668930
2	2668930	2669250
2	2669247	2670059
2	2670069	2671271
2	2687693	2689120
2	2671368	2671790
2	2671838	2672710
2	2672722	2673783
2	2673849	2674847
2	2674872	2676383
2	2676406	2677389
2	2677486	2680767
2	2680885	2682078
2	861835	862734
2	862865	863527
2	866743	868614
2	868634	870172
2	870190	871110
2	871113	872024
2	872202	874550
2	874558	875886
2	875933	877258
2	877471	877854
2	877965	879080
2	879077	879703
2	1852120	1852878
2	1853015	1853995
2	1854005	1854952
2	1854957	1855793
2	1855814	1856857
2	1856874	1858253
2	1858280	1859356
2	1859726	1859998
2	1823164	1823649
2	1862806	1863660
2	1863750	1864496
2	1864932	1866866
2	1866979	1868262
2	1868409	1869884
2	1871598	1872101
2	1872376	1872822
2	1872779	1873600
2	1873697	1874878
2	1874933	1875280
2	1875739	1876764
2	1877031	1877279
2	1877613	1877972
2	1878145	1878783
2	1878910	1879833
2	1879936	1881021
2	1881212	1882657
2	1882689	1883813
2	1883869	1884834
2	1887975	1888556
2	1888596	1889291
2	1889349	1891259
2	1891391	1891735
2	1892157	1892456
2	1896451	1898049
2	1898053	1899609
2	2787007	2787984
2	2795233	2795532
2	2797186	2797635
2	2807639	2808376
2	2814534	2814962
2	2814959	2815525
2	632809	633969
2	633970	634599
2	634572	635792
2	635939	636841
2	637050	637796
2	641311	642549
2	644340	645803
2	645854	646732
2	646707	647258
2	647262	648794
2	648805	649713
2	649710	650006
2	653085	653765
2	653806	655191
2	1724683	1725780
2	240343	240816
2	264844	265311
2	291546	292172
2	292444	293142
2	293169	294023
2	294363	294803
2	294920	296320
2	296994	297950
2	297960	300158
2	300155	301111
2	301108	301797
2	302215	302829
2	303719	304429
2	304398	306041
2	306031	308556
2	308582	309250
2	309308	309895
2	2134128	2135267
2	2133679	2134122
2	2131514	2133676
2	2130582	2131421
2	2130091	2130579
2	2128877	2130094
2	2127685	2128902
2	2126928	2127674
2	2126364	2126912
2	2118184	2119578
2	2116704	2118182
2	2115148	2116428
2	2111458	2112351
2	316950	317543
2	317900	319225
2	319451	320305
2	320832	321551
2	321562	322989
2	322982	323677
2	323920	324588
2	332725	333657
2	333749	334246
2	334504	335109
2	335149	336012
2	336002	337549
2	337549	338967
2	339389	340339
2	340349	341731
2	342108	343157
2	343400	344215
2	344628	344873
2	344890	345561
2	345708	345983
2	346081	347667
2	347906	348796
2	350439	351890
2	351930	353816
2	393730	394353
2	397096	398190
2	420210	421583
2	436385	437359
2	437539	439401
2	443907	444398
2	444526	445890
2	531675	532157
2	532235	533050
2	536857	538311
2	538371	539732
2	539789	541090
2	541112	542257
2	542485	543270
2	543281	544516
2	544538	545587
2	372145	373095
2	548850	549665
2	568125	569651
2	570116	570667
2	570677	571474
2	571689	572144
2	572307	572597
2	573179	573562
2	576621	576836
2	576836	577333
2	577330	577791
2	577823	578116
2	578407	578817
2	579103	579309
2	592551	593993
2	605174	605422
2	605488	606606
2	650021	651079
2	651458	653116
2	674793	675770
2	675934	676641
2	676638	678065
2	678075	678629
2	678731	679438
2	679435	680886
2	680946	682616
2	690129	691007
2	691097	691564
2	691561	692601
2	692754	694178
2	694324	695499
2	707557	708963
2	709013	709339
2	783105	784046
2	784160	784540
2	799982	801034
2	801110	802543
2	802726	804987
2	814962	815870
2	819107	819811
2	820016	820729
2	820765	821721
2	821721	822962
2	822959	823720
2	823853	824263
2	824225	825331
2	825342	826475
2	882015	882611
2	884169	884453
2	884539	885354
2	885354	886562
2	886646	887182
2	887357	889042
2	889312	889689
2	892180	892656
2	897212	897700
2	903175	903690
2	903816	904139
2	904136	904966
2	904963	905976
2	906075	907505
2	907516	908517
2	910405	911373
2	911385	913037
2	917351	918343
2	918458	919573
2	919570	921516
2	882896	884128
2	946452	947882
2	947883	948791
2	954095	955855
2	955985	956677
2	968612	969844
2	970975	971868
2	982298	982846
2	982873	983520
2	993264	994055
2	994066	995211
2	995208	996167
2	996160	996735
2	997091	997630
2	997713	998414
2	998439	1001039
2	1001030	1002100
2	1002112	1002654
2	1002662	1003177
2	1005175	1005717
2	1005714	1006823
2	1007067	1009175
2	1015762	1017522
2	1014119	1014682
2	1020361	1020990
2	1020953	1023106
2	1026334	1026996
2	1027169	1027582
2	1027627	1027944
2	1028002	1029192
2	1029287	1029565
2	1043453	1043899
2	1043887	1045026
2	1045072	1047168
2	1047168	1047914
2	1047911	1048555
2	1048662	1048967
2	1443904	1444230
2	1449621	1451666
2	1451951	1452880
2	1453188	1453934
2	1453949	1454446
2	1454454	1455524
2	1455521	1456288
2	1456288	1457076
2	1457078	1458505
2	1458495	1458917
2	1458917	1460122
2	1460149	1461462
2	1461563	1462513
2	1462495	1463085
2	1475645	1476250
2	1476250	1477146
2	1477162	1478919
2	1478933	1480225
2	1492172	1493095
2	1493312	1494655
2	1497493	1498473
2	1500481	1501149
2	1501741	1502889
2	1504196	1504732
2	1502929	1504104
2	1504805	1506766
2	1507532	1507948
2	1508027	1509433
2	1509678	1510823
2	1510841	1511854
2	1511855	1512796
2	1512786	1513580
2	1513602	1515026
2	1515413	1515586
2	1515672	1515905
2	1515906	1516355
2	1516352	1516870
2	1517051	1518088
2	1518286	1518951
2	1518987	1521089
2	1521331	1522392
2	1522505	1524004
2	1524271	1524888
2	1524964	1525176
2	1531306	1531875
2	1532048	1532893
2	1542408	1542743
2	1550422	1550706
2	1555136	1556062
2	1556055	1557041
2	1557038	1557934
2	1557931	1558953
2	1558955	1560505
2	1560519	1561100
2	1561358	1563757
2	1563782	1565164
2	1565528	1566847
2	1577657	1578814
2	1578866	1580548
2	1580950	1581711
2	1582231	1584510
2	1584844	1585758
2	1585817	1586320
2	1586333	1586863
2	1596641	1598233
2	1598312	1599265
2	1599514	1601049
2	1601043	1602071
2	1602071	1603063
2	1603075	1604097
2	1604124	1604999
2	1605023	1605313
2	1605370	1606128
2	1606132	1607046
2	1608931	1609878
2	1609990	1610349
2	1610349	1611275
2	1611339	1612727
2	1612828	1613709
2	1613787	1614902
2	1626376	1627062
2	1627477	1628937
2	1631063	1631329
2	1632909	1633871
2	1635071	1635481
2	1637054	1637551
2	1637548	1638081
2	1638078	1638389
2	1638394	1638609
2	1640513	1641265
2	1641279	1642328
2	1643921	1644226
2	1635633	1635806
2	1627239	1627442
2	1653371	1653697
2	1653832	1654173
2	1654771	1655481
2	1655589	1655894
2	1656093	1658519
2	1658580	1661003
2	1661014	1661631
2	1661633	1662487
2	1662530	1663144
2	1663339	1664595
2	1664548	1665243
2	1666723	1667616
2	593983	594666
2	1067734	1069062
2	1069083	1069577
2	1069588	1070178
2	1070188	1070988
2	1070996	1071382
2	1071394	1072086
2	1072086	1073234
2	1081466	1082593
2	1085329	1085742
2	1085744	1087069
2	1087062	1089080
2	1089089	1091512
2	1092099	1093457
2	1095066	1096052
2	1097109	1098047
2	1098102	1098839
2	1098863	1099417
2	1099519	1100010
2	1104637	1104948
2	1105043	1105576
2	1105578	1106999
2	1107007	1108164
2	1636479	1636691
2	1123341	1124549
2	1126029	1126952
2	1127062	1128597
2	557435	557977
2	558197	558889
2	558920	561523
2	561559	562542
2	1210903	1211226
2	1212551	1213282
2	1213487	1214698
2	1216551	1218074
2	1225823	1226191
2	1226294	1226695
2	1226904	1227230
2	1227302	1227961
2	1228038	1228499
2	1239558	1241294
2	1242403	1243014
2	1241389	1242303
2	1243016	1243750
2	1248348	1248980
2	1248991	1250061
2	1250289	1252208
2	1252308	1255175
2	1338267	1338575
2	1341621	1342370
2	1387894	1388622
2	1355826	1357211
2	1357514	1358932
2	1359144	1359908
2	1368240	1369919
2	1369933	1371225
2	1371246	1372127
2	1372114	1372956
2	1372987	1374039
2	1374058	1374846
2	1374856	1375911
2	1375908	1378175
2	1378172	1378831
2	1380987	1381985
2	1382141	1383538
2	1388957	1389877
2	1390015	1390914
2	1392915	1393946
2	1669984	1670805
2	1670844	1671173
2	1671160	1671525
2	1671937	1672971
2	1676451	1677395
2	1677581	1678963
2	1701292	1702332
2	1703274	1703714
2	1703791	1704372
2	1704372	1704950
2	1707166	1708224
2	1708228	1708848
2	1708852	1709547
2	1710793	1712295
2	1713050	1713913
2	1716517	1717626
2	1719049	1719285
2	1719288	1720145
2	1720145	1722157
2	1723705	1723944
2	1724047	1724646
2	1902825	1903283
2	1732459	1733274
2	1734145	1735314
2	1742895	1744151
2	1744724	1745029
2	1745155	1746759
2	1746771	1747583
2	1747587	1748372
2	1749752	1751854
2	1749101	1749748
2	1748369	1749037
2	1751875	1752501
2	1752956	1753165
2	1756898	1757314
2	1757327	1758547
2	1758544	1759815
2	1759790	1760536
2	1760546	1762033
2	1762958	1763146
2	1763246	1763656
2	1763653	1766709
2	1767098	1768210
2	1768639	1768995
2	1769095	1770309
2	1770536	1771801
2	1775220	1776371
2	1776414	1777325
2	1777641	1778405
2	1778425	1779363
2	1779419	1780708
2	1780705	1780998
2	1787832	1789268
2	1789331	1790044
2	1803349	1804107
2	1805424	1805714
2	1805820	1806680
2	1806721	1807257
2	1807404	1808072
2	1808235	1808825
2	1808958	1810349
2	1810353	1811156
2	1811445	1811687
2	1821539	1822426
2	1822386	1822961
2	1823979	1824947
2	1824940	1826283
2	1826280	1827758
2	1827755	1828789
2	1828786	1830006
2	1831425	1832135
2	1832140	1832817
2	1832832	1833539
2	1833539	1834087
2	1834097	1835263
2	1835236	1836771
2	1836771	1837424
2	1837491	1838798
2	1838807	1839427
2	1839514	1839921
2	1839887	1840159
2	1841855	1842895
2	1903712	1904278
2	1960604	1960996
2	1906285	1906572
2	1755745	1756749
2	1735480	1735569
2	1907332	1908123
2	1908300	1909673
2	1913655	1914152
2	1914282	1915565
2	1915534	1918167
2	1918247	1919686
2	1919804	1920040
2	1920145	1920336
2	1920337	1920993
2	1921389	1921730
2	1921743	1922615
2	1922619	1922993
2	1923464	1924120
2	1924144	1924806
2	1950290	1950685
2	1950726	1951469
2	1951466	1952437
2	1963067	1964215
2	1986246	1986569
2	1995835	1996503
2	1996518	1997504
2	2023535	2024350
2	2024347	2026041
2	2031143	2031508
2	2034818	2036176
2	2036176	2036847
2	2036980	2037393
2	2037502	2038506
2	2038507	2039142
2	2039399	2040049
2	2040392	2040922
2	2135926	2137509
2	2147063	2149009
2	2149209	2149670
2	2149735	2150496
2	2150493	2151152
2	2152040	2153287
2	2153287	2156409
2	2156410	2159487
2	2163213	2163545
2	2163692	2165053
2	2166013	2166330
2	2175534	2176586
2	2176843	2178120
2	2178117	2179121
2	2179118	2180083
2	2180057	2180803
2	2180855	2181673
2	2181738	2182538
2	2182535	2183323
2	2183546	2183818
2	2183939	2184763
2	2184982	2185320
2	2231622	2231861
2	2232055	2233293
2	2266876	2267589
2	2268001	2268567
2	2268748	2270304
2	2325389	2326165
2	2326170	2327819
2	2332358	2332981
2	2356064	2356867
2	2356885	2358174
2	2358231	2359436
2	2359451	2360233
2	2360453	2361655
2	2361755	2362297
2	2363950	2365089
2	2365093	2366061
2	2366061	2368043
2	2368040	2368930
2	2368930	2370582
2	2370914	2371300
2	2382017	2383744
2	2383882	2384853
2	2384956	2385459
2	2385732	2386448
2	2386657	2387079
2	2387135	2387986
2	2405583	2406800
2	2406884	2407483
2	2407542	2409374
2	2409461	2410111
2	2410122	2410616
2	2410699	2411154
2	2416656	2417198
2	2417256	2417810
2	2417863	2418507
2	2418643	2419290
2	2419730	2420623
2	2420671	2421561
2	2436964	2438142
2	2439786	2441792
2	2441913	2442191
2	2442225	2442773
2	2446628	2447179
2	2447250	2448071
2	2448073	2448612
2	2448609	2449097
2	2449094	2449606
2	2449606	2450358
2	2453105	2453668
2	2454349	2454834
2	2455037	2457181
2	2457181	2458491
2	2458672	2458956
2	2461034	2462092
2	2465877	2466239
2	2466236	2467156
2	2467153	2468484
2	2469099	2469539
2	2471626	2471988
2	2472054	2472878
2	2473006	2473542
2	2473533	2473895
2	2473895	2474200
2	2488278	2489972
2	2487264	2488208
2	2490026	2491276
2	2491789	2492424
2	2493072	2493314
2	2496693	2498390
2	2498405	2499139
2	2499152	2500009
2	2500012	2502507
2	2502532	2503569
2	2503569	2504654
2	2504669	2505916
2	2505938	2506264
2	2507652	2508908
2	2509490	2510728
2	714635	715129
2	2523952	2524878
2	2535771	2536505
2	2542774	2543631
2	2543795	2544691
2	2544695	2546119
2	2546124	2547428
2	2547668	2548567
2	2548663	2549238
2	2549299	2549748
2	2549735	2550160
2	2528269	2529255
2	2553250	2553750
2	2553763	2554422
2	2556880	2558088
2	2558279	2558920
2	2559390	2559635
2	2559647	2560015
2	2560133	2560549
2	2560546	2561139
2	2561614	2561991
2	2562002	2562394
2	2562545	2563354
2	2563503	2564906
2	2564903	2566129
2	2566346	2567533
2	2567523	2568359
2	2568370	2569773
2	2569785	2570072
2	2570179	2570472
2	2570511	2571527
2	2571524	2572327
2	2572324	2573025
2	2573000	2573479
2	2573492	2573827
2	2574120	2576399
2	2579756	2580799
2	2591094	2591792
2	2591866	2593881
2	2593896	2594759
2	2495079	2496317
2	2614116	2615579
2	2615600	2615959
2	2616097	2616798
2	2624717	2626960
2	2627312	2627503
2	2627814	2628332
2	2628348	2628887
2	2633621	2633836
2	2633906	2635378
2	2635496	2636674
2	2636685	2637305
2	2643035	2645347
2	2601869	2602816
2	2602833	2604272
2	2604284	2604934
2	2604939	2606519
2	2606509	2608176
2	2608186	2608731
2	2608728	2609486
2	2609479	2609892
2	2609922	2611934
2	2611956	2612804
2	2612842	2613903
2	2734168	2734905
2	2717245	2717943
2	2717975	2720635
2	2739897	2740415
2	2745984	2746775
2	3187903	3188652
2	3188654	3189718
2	3190230	3190859
2	3190886	3192547
2	594823	596196
2	596354	596686
2	596702	597925
2	476291	477841
2	478005	478475
2	478591	479142
2	485760	489122
2	922136	922456
2	1050684	1050896
2	1211926	1212330
2	1200010	1200255
2	1200720	1201061
2	1200999	1201307
2	1201482	1202156
2	1202491	1203048
2	1203045	1203383
2	1206136	1206720
2	1304845	1305174
2	1321244	1322125
2	2379630	2380547
2	2380735	2381946
2	1347004	1348131
2	2419347	2419709
2	2057988	2058938
2	2059040	2059957
2	1130241	1130657
2	1130661	1131065
2	1131077	1131772
2	1131797	1133005
2	1133025	1133780
2	1133952	1134734
2	1136594	1137535
2	1960996	1963074
2	371339	372148
2	1244383	1244823
2	2462274	2463029
2	317555	317791
2	398249	398557
2	398817	399029
2	1050186	1050398
2	264528	264767
2	2775475	2775804
2	572144	572314
2	969896	970078
2	1215012	1215248
2	1215291	1215563
2	1215592	1215858
2	1215971	1216219
2	1221528	1221857
2	1266147	1266539
2	1395389	1395646
2	1355447	1355692
2	1423401	1423664
2	1443711	1443896
2	1452892	1453179
2	1506858	1507088
2	1554089	1554304
2	607059	607211
2	1702973	1703188
2	1875302	1875556
2	1877427	1877609
2	1892576	1892755
2	2026212	2026394
2	2794892	2795050
2	3248099	3248398
2	1959996	1960484
2	3739132	3739605
2	3975548	3976627
2	4013377	4014192
2	4020241	4020756
2	303077	303406
2	309970	310560
2	311336	311563
2	311738	312001
2	793996	794145
2	773419	773532
2	2774899	2775099
2	263480	263956
2	263250	263471
2	262552	262893
2	1118530	1118670
2	1119924	1120178
2	1204772	1204954
2	1207355	1207768
2	1243951	1244205
2	10643	11356
2	1218206	1218424
2	4350931	4351104
2	4528278	4528556
2	2370579	2370914
2	4374576	4374722
2	4266832	4267035
2	1333315	1333482
2	613165	613383
2	572953	573093
2	571591	571692
2	2087235	2087489
2	1067304	1067477
2	4190660	4190860
2	3476614	3476814
2	2525963	2526181
2	2166736	2167635
2	3582427	3582582
2	4374340	4374465
2	2824414	2825373
2	469860	471641
2	2263063	2263317
2	2492720	2492995
2	2768467	2768703
2	577550	577732
2	1905472	1905615
2	1906647	1906790
2	5234	5530
2	2509023	2509349
2	21181	21399
2	2023010	2023237
2	1635978	1636133
2	1702575	1702700
2	1306812	1306985
2	1515123	1515218
2	1620670	1620765
2	2588829	2588888
2	3774194	3774403
2	4610151	4610312
2	2590784	2590984
2	3723436	3723735
2	4302151	4302426
2	3851576	3851665
2	1268391	1268498
2	1269461	1269568
2	3698003	3698110
2	4311891	4312220
2	851894	852163
2	2474332	2474532
2	1143725	1144045
2	1202247	1202447
2	1221867	1222211
2	1872102	1872206
2	1507310	1507486
2	1803189	1803296
2	1906949	1907188
2	2213679	2213786
2	2355838	2356023
2	3838238	3838531
2	4531819	4532076
2	3645728	3645856
2	311598	311738
2	1222213	1222386
2	1222487	1222672
2	238257	238736
2	4237800	4238078
2	1342460	1342633
2	2301628	2301792
2	1669801	1669884
2	1333184	1333312
2	4504471	4504596
2	709862	709948
2	1581786	1581983
2	77388	77519
2	1985897	1985983
2	3192788	3192847
2	3054912	3054971
2	3193163	3193222
2	2151373	2151432
2	2151705	2151761
2	3948530	3948580
2	4390915	4390968
2	312365	312466
2	1344820	1344924
2	1463189	1463254
2	1876898	1876972
2	1876797	1876895
2	1944139	1944204
2	2085076	2085138
2	2227004	2227087
2	2494943	2495014
2	2903579	2903719
2	2987841	2987921
2	3030839	3030964
2	3305875	3305955
2	4051670	4051780
2	1637104	1637358
2	2698139	2698219
2	3923767	3923998
2	3680184	3681470
2	3869873	3871021
2	3119656	3121827
2	3780665	3781684
2	141431	141967
2	3476824	3478629
2	3369106	3370596
2	603994	604647
2	2412769	2414913
2	2051667	2052983
2	434858	435835
2	4550924	4552384
2	4552599	4553372
2	2522067	2522900
2	3729154	3730146
2	3733002	3734180
2	1353491	1355134
2	1352529	1353494
2	1351652	1352542
2	2799370	2801514
2	1489986	1490153
2	1129427	1130086
2	1134787	1135485
2	1135497	1136594
2	2014578	2015951
2	2015970	2016413
2	2016410	2017537
2	367835	369499
2	369501	370445
2	370448	371329
2	366811	367644
2	572594	572956
2	4035283	4035358
2	3424980	3425055
2	2516063	2516138
2	2815806	2815882
2	563946	564022
2	2816495	2816571
2	2464331	2464405
2	3980398	3980474
2	2816220	2816296
2	2816081	2816157
2	2042573	2042648
2	2057875	2057950
2	2060284	2060359
2	3944895	3944971
2	228928	229004
2	236931	237007
2	1989938	1990011
2	475672	475785
2	696088	696162
2	695765	695839
2	695979	696053
2	695653	695727
2	4173696	4173770
2	2997006	2997079
2	4390383	4390458
2	1990066	1990141
2	4390495	4390570
2	4390606	4390681
2	3980532	3980608
2	4035164	4035240
2	3425098	3425174
2	3213620	3213695
2	4604338	4604424
2	3980629	3980715
2	3320094	3320180
2	696186	696270
2	4494428	4494512
2	1989839	1989925
2	779777	779852
2	696280	696356
2	695887	695963
2	2945629	2945705
2	3316235	3316311
2	2945409	2945485
2	2311106	2311198
2	4360574	4360649
2	3108388	3108463
2	3706639	3706715
2	2284233	2284309
2	3980758	3980834
2	3268238	3268614
2	4038540	4038659
2	4169660	4169779
2	4033554	4035095
2	4164682	4166223
2	3939831	3941372
2	3425243	3426784
2	4206170	4207711
2	2727638	2729179
2	223771	225312
2	3421445	3421564
2	3834245	3834339
2	1030848	1030935
2	2041492	2041581
2	2816575	2816667
2	925107	925194
2	1096788	1096875
2	4047922	4048030
2	3054005	3054187
2	2753615	2753977
2	4173777	4173852
2	4173411	4173486
2	3421602	3421677
2	262095	262170
2	3944980	3945055
2	1286761	1286845
2	4173495	4173579
2	1286467	1286551
2	1744459	1744535
2	1744540	1744616
2	2519073	2519148
2	2519195	2519270
2	1647406	1647458
2	4156308	4156417
2	2945519	2945595
2	2023251	2023337
2	2922178	2922537
2	2056051	2056126
2	2783784	2783859
2	780800	780875
2	780370	780445
2	780592	780667
2	780291	780366
2	1490143	1490198
2	16952	17006
2	2940718	2940923
2	1768396	1768501
2	1286289	1286459
2	3578950	3579039
2	4049059	4049303
2	189712	189847
2	852175	852263
2	887199	887277
2	1145812	1145980
2	1268546	1268612
2	1269616	1269683
2	3698159	3698224
2	1403676	1403833
2	1435145	1435253
2	1762737	1762804
2	1921090	1921338
2	1921188	1921308
2	77367	77593
2	2069339	2069542
2	2151333	2151475
2	2151668	2151803
2	2165138	2165224
2	2651877	2652180
2	2689179	2689362
2	2812824	2812901
2	2974124	2974211
2	2974326	2974407
2	3054871	3055010
2	3192745	3192887
2	3236396	3236583
2	3309247	3309420
2	3348599	3348719
2	3662887	3662991
2	3984455	3984626
2	4275950	4276089
2	3851141	3851280
2	1489467	1489530
2	3193121	3193262
2	2031673	2031763
2	506428	506511
2	2698542	2698618
2	2732175	2732317
2	4577858	4577934
2	4526000	4526089
2	4188350	4188510
2	271804	271878
2	1620841	1620938
2	1407153	1407274
2	606957	607015
2	2885376	2885431
2	4516550	4516825
2	4516744	4517247
2	380575	380940
2	314811	315677
2	4500126	4501454
2	3718703	3719224
2	3719221	3720072
2	15445	16557
2	3331162	3331473
2	3330884	3331141
2	1150838	1151074
2	1014938	1015105
2	2555340	2556701
2	2554432	2555319
2	377686	378795
2	3322085	3322933
2	15445	16557
2	19811	20314
2	20233	20508
2	278402	278905
2	278824	279099
2	289873	290376
2	290295	290570
2	314811	315677
2	380575	380940
2	390963	391829
2	566361	567227
2	607288	608400
2	1049056	1049331
2	1049250	1049753
2	1093498	1094364
2	1466808	1467173
2	1976542	1977045
2	1976964	1977239
2	2067839	2068204
2	2168556	2169422
2	2512353	2513465
2	2995257	2995622
2	3184209	3184574
2	3581506	3581781
2	3581700	3582203
2	4496295	4496660
2	4516550	4516825
