1	4263805	4264884
1	795085	795774
1	2529485	2530246
1	3810754	3811974
1	2260387	2261517
1	4345427	4346767
1	2422539	2423255
1	4199949	4201346
1	5683	6459
1	926697	928418
1	1938337	1939659
1	2585617	2588730
1	2639853	2640866
1	3270809	3271579
1	3331732	3332703
1	3399414	3401354
1	4102995	4103693
1	4585932	4586888
1	4215132	4216436
1	4213501	4215102
1	123017	125680
1	125695	127587
1	4216619	4218355
1	949563	950303
1	2307363	2308427
1	1294669	1297344
1	496399	497043
1	1064808	1066049
1	2817403	2820033
1	1486256	1487695
1	1360767	1362254
1	2306713	2307363
1	2053085	2054539
1	4375834	4376967
1	118733	119284
1	119281	120135
1	1819942	1820280
1	1848884	1849900
1	3097704	3098750
1	51229	51606
1	50380	51222
1	1039840	1041138
1	582904	583653
1	490636	491187
1	66835	68337
1	68348	70048
1	70387	71265
1	65855	66550
1	2978786	2980204
1	1983163	1984152
1	1981579	1983093
1	1980578	1981564
1	410521	411705
1	4637613	4638329
1	3348711	3351047
1	4154036	4154812
1	4153024	4154028
1	3486982	3488202
1	288525	289529
1	3316659	3318002
1	4475330	4476334
1	3382725	3383195
1	1958086	1959819
1	2425031	2425813
1	958035	959318
1	3515420	3516508
1	2444410	2445495
1	3428042	3428860
1	2738102	2739172
1	784856	785908
1	3516565	3517086
1	405629	406153
1	406652	407329
1	120178	121551
1	2836276	2837289
1	3571798	3572901
1	3925178	3926170
1	696736	698400
1	3924568	3925026
1	986808	988208
1	4364914	4366350
1	983742	984932
1	1946774	1948546
1	3916339	3917880
1	3919259	3920074
1	3913576	3913995
1	3914016	3915398
1	3918973	3919212
1	3918441	3918911
1	3915425	3916288
1	3917893	3918426
1	3920083	3920463
1	3737728	3738981
1	2598500	2598970
1	326485	327957
1	327971	328558
1	3464271	3464747
1	3900312	3901724
1	3901743	3903620
1	3903754	3904590
1	807191	808480
1	808567	809607
1	810745	811500
1	809604	810758
1	4171105	4172070
1	3712084	3714417
1	453696	454013
1	4161662	4163506
1	1790833	1791582
1	1325791	1326381
1	4354493	4356640
1	4356720	4358054
1	4358419	4359957
1	29651	30799
1	30817	34038
1	3199913	3201151
1	2229866	2230750
1	4107953	4108708
1	195677	196534
1	1819323	1819643
1	1817880	1819238
1	1817479	1817829
1	1816629	1817471
1	1815172	1816524
1	4636201	4637553
1	1966528	1967388
1	1970860	1971363
1	1965072	1965461
1	1964417	1965061
1	795777	796835
1	864352	865587
1	863603	864352
1	2242800	2244791
1	922487	924763
1	2729622	2732195
1	455901	456524
1	456650	457924
1	2121108	2122544
1	2119633	2121003
1	4101625	4102998
1	3484142	3484774
1	2533856	2534365
1	3718072	3718284
1	629117	631222
1	688566	690104
1	2428297	2428785
1	1488926	1489456
1	770681	772249
1	772265	773404
1	358713	359183
1	359216	360370
1	449887	450834
1	447874	449865
1	447270	447884
1	446941	447270
1	446039	446929
1	2537739	2538836
1	1331879	1332853
1	2871409	2872014
1	2873443	2874351
1	3779764	3780585
1	3495850	3497223
1	2885600	2886334
1	2886409	2888121
1	2888121	2889920
1	2530431	2531402
1	2536694	2537605
1	2872014	2873441
1	2540534	2541550
1	553834	555219
1	2539701	2540534
1	2538826	2539701
1	4121454	4122479
1	661975	663186
1	3326985	3328418
1	879950	881152
1	3513099	3513935
1	2596904	2597782
1	28374	29195
1	185123	185947
1	2589629	2590756
1	1407535	1408908
1	2028923	2030341
1	1623359	1625404
1	102233	103153
1	3303993	3305882
1	2432104	2432763
1	2431034	2431948
1	2429044	2429706
1	4617626	4618849
1	4615346	4616125
1	4618906	4619625
1	881199	881957
1	4254660	4255028
1	179237	180754
1	1645958	1646365
1	1647633	1647821
1	1645644	1645874
1	2435972	2436967
1	160149	160604
1	2220207	2221922
1	940182	942626
1	942637	943254
1	943256	944119
1	3880349	3881752
1	4262337	4263752
1	4598261	4598998
1	205126	208608
1	3209129	3210874
1	14168	15298
1	12163	14079
1	3879244	3880344
1	236067	236798
1	4599001	4599540
1	491316	493247
1	232597	233955
1	2698640	2699020
1	3704121	3705728
1	2477224	2478552
1	2475869	2477206
1	3811955	3812410
1	3220655	3223747
1	3223744	3224193
1	3219488	3220471
1	2301927	2302415
1	1930139	1930780
1	1930817	1932628
1	2904665	2905963
1	627774	628520
1	626917	627774
1	624108	625283
1	608682	609311
1	625293	626903
1	613380	617261
1	106557	107474
1	3411886	3413043
1	585370	586131
1	2700503	2701408
1	3149272	3150006
1	3148840	3149265
1	1015175	1015693
1	2438407	2439627
1	3403458	3403928
1	3403939	3405288
1	1147982	1148935
1	4025632	4026795
1	4026805	4028994
1	2459328	2460668
1	1234161	1234880
1	3068187	3069266
1	4452634	4453632
1	4078322	4079251
1	4295242	4297389
1	4512376	4514700
1	4511429	4512331
1	4510434	4511432
1	4509481	4510437
1	4508713	4509480
1	4515737	4516258
1	4514787	4515740
1	609477	611717
1	622777	623733
1	618607	619422
1	620408	621412
1	617477	618610
1	619419	620411
1	612038	613162
1	2744456	2745817
1	2852360	2854438
1	167484	169727
1	171462	173444
1	169778	170575
1	170575	171465
1	1158585	1160774
1	3488883	3489485
1	4541138	4541686
1	4538980	4539582
1	4542327	4543052
1	4543119	4545755
1	4540060	4540656
1	4545765	4546295
1	4546308	4546811
1	4546831	4547733
1	200971	201996
1	3409293	3409589
1	710158	710688
1	1975871	1976221
1	2017642	2018106
1	2019112	2019525
1	1396798	1397550
1	49823	50302
1	2429696	2430964
1	556098	556964
1	3808366	3809175
1	4378533	4380341
1	4377806	4378540
1	4377400	4377795
1	4377030	4377389
1	4024550	4025251
1	192872	193429
1	2257741	2259432
1	2259449	2260387
1	88028	89032
1	103982	105244
1	3600102	3600770
1	91413	93179
1	103155	103985
1	3602416	3603012
1	98403	99647
1	3599051	3600109
1	3600773	3602266
1	105305	106456
1	2931063	2931710
1	2933606	2935381
1	2935460	2936908
1	2929887	2931038
1	2932257	2933573
1	2937390	2938121
1	2936910	2937332
1	4343703	4345349
1	709423	709869
1	3469422	3471536
1	2790757	2792037
1	790262	791278
1	788054	789202
1	2974621	2975652
1	2238650	2239690
1	789206	790252
1	1860795	1861790
1	3070694	3071713
1	138835	141225
1	2638708	2639826
1	1840395	1841738
1	16751	16903
1	3583104	3584846
1	3921767	3923656
1	3921080	3921703
1	3564623	3566056
1	3569339	3571525
1	3566056	3567351
1	3562157	3564604
1	3567369	3569342
1	3909862	3911691
1	4054648	4056057
1	2685092	2685430
1	4051892	4053301
1	846481	847227
1	4053313	4054362
1	845683	846342
1	844964	845686
1	705316	706980
1	2350669	2352297
1	2352287	2353546
1	2353543	2354733
1	3560036	3561541
1	3559520	3559846
1	4115268	4116113
1	3558645	3559475
1	4113737	4115245
1	2347957	2349033
1	3557870	3558628
1	2349038	2350396
1	752408	753691
1	3352654	3357207
1	3357220	3358638
1	4292504	4293817
1	3825483	3826688
1	2517279	2518694
1	2682276	2683529
1	3722430	3723341
1	3720351	3722420
1	2097886	2099292
1	3644322	3645674
1	3960768	3962252
1	255977	256435
1	3326261	3326737
1	2748137	2748730
1	889719	889976
1	2812905	2814461
1	3089900	3090850
1	2628980	2630557
1	2630626	2632092
1	113444	114487
1	2334815	2337442
1	3875728	3878142
1	1023694	1025748
1	1262937	1264193
1	387977	388951
1	497279	498241
1	173602	174882
1	3985908	3987089
1	4401323	4402327
1	4400061	4401320
1	4398695	4399975
1	4398311	4398619
1	479314	479532
1	963051	963335
1	1590200	1590466
1	1588878	1590200
1	2093149	2093886
1	2091492	2092559
1	2090422	2091492
1	2089121	2090425
1	2093868	2094644
1	2088216	2089115
1	2092559	2093149
1	2094638	2095249
1	2421758	2422531
1	2637323	2638597
1	2432846	2433658
1	200482	200967
1	2683857	2685047
1	1291732	1292145
1	4579482	4581071
1	4581272	4584784
1	4578091	4579485
1	494344	496218
1	1909719	1910600
1	180884	182308
1	1114885	1115805
1	3181835	3182488
1	4198304	4198576
1	460675	460947
1	1031362	1032480
1	1032477	1034270
1	1034289	1034996
1	1034993	1035580
1	1035577	1035975
1	1035972	1036829
1	2842232	2842774
1	4201343	4202668
1	2848669	2849019
1	2849886	2850158
1	2874603	2875640
1	1194346	1195596
1	3057775	3058668
1	4220827	4221651
1	22391	25207
1	3953354	3954898
1	3849119	3850807
1	3955993	3957468
1	3950507	3951436
1	87357	87848
1	85630	87354
1	3848825	3849115
1	3954950	3955843
1	925448	925666
1	3311364	3314036
1	564038	565201
1	439426	440325
1	1811891	1814152
1	2864581	2865573
1	4131858	4134038
1	3789378	3790574
1	726282	727955
1	724211	726259
1	723630	724202
1	720953	723637
1	720279	720956
1	1267388	1268242
1	970075	970821
1	3806563	3807840
1	47769	49631
1	2722470	2723768
1	51609	52430
1	360473	361084
1	365652	366734
1	361150	362403
1	362455	365529
1	4245994	4247334
1	2703347	2705146
1	2702357	2703331
1	84368	85312
1	671424	674006
1	4255138	4255746
1	2526183	2528198
1	1197918	1198811
1	3590747	3591460
1	3591462	3592229
1	3593500	3594426
1	3596578	3597681
1	3594474	3595583
1	3592226	3593503
1	458112	460466
1	127912	129336
1	202560	203348
1	203348	204496
1	931818	932312
1	25207	25701
1	2975659	2976921
1	4229907	4231256
1	2977043	2977978
1	3031679	3033196
1	4351223	4352740
1	4243252	4244442
1	4241554	4243098
1	4240649	4241539
1	4244807	4245922
1	4247577	4248497
1	3548102	3550495
1	3546008	3548092
1	3551107	3553812
1	421739	423556
1	1900072	1901043
1	1901106	1901906
1	1901910	1902770
1	188712	189506
1	2909113	2909361
1	2907916	2908707
1	1209569	1210402
1	4575981	4577360
1	4574935	4575981
1	3381352	3382290
1	4339934	4341289
1	4341404	4342813
1	2375611	2377281
1	2443582	2444406
1	4212303	4213232
1	4126695	4127855
1	3150258	3151445
1	4130639	4131529
1	2192322	2194355
1	4221851	4225534
1	4126101	4126418
1	3084728	3085882
1	4127858	4130290
1	4009886	4010839
1	2235791	2237311
1	2237372	2238370
1	2234765	2235775
1	4397275	4398225
1	1224608	1225303
1	1223772	1224584
1	1223502	1223768
1	4369048	4370694
1	4368711	4369004
1	1973353	1974279
1	2808792	2809322
1	96002	97084
1	164730	167264
1	665539	667440
1	664424	665536
1	3398066	3399109
1	3396897	3398000
1	3396409	3396897
1	2191081	2192190
1	4584972	4585886
1	965844	967592
1	1937246	1938217
1	3770304	3772217
1	3772447	3773595
1	3302595	3303839
1	975549	980009
1	100765	102240
1	97087	98403
1	93166	94653
1	94650	96008
1	99644	100711
1	2967684	2968373
1	2855115	2857676
1	111044	111433
1	3101035	3102087
1	567538	567870
1	781308	782351
1	2708442	2710064
1	700826	701974
1	702034	702834
1	698797	699549
1	703167	705113
1	699597	700817
1	3370705	3371598
1	1279087	1282830
1	1282827	1284365
1	1285072	1285749
1	1284362	1285072
1	1277180	1278571
1	1274402	1275052
1	1533961	1534641
1	1534638	1535333
1	1275045	1276841
1	1535333	1536877
1	1536874	1540614
1	1165308	1166612
1	2642455	2642886
1	2248862	2249719
1	17489	18655
1	3492033	3494576
1	3495025	3495831
1	3494573	3494899
1	3332931	3333209
1	3837198	3838016
1	2595853	2596887
1	2342887	2345172
1	2345406	2346536
1	1820482	1821309
1	3103736	3104992
1	3314061	3315548
1	434361	434780
1	4175766	4176311
1	1397745	1398260
1	1018236	1019276
1	2309668	2310771
1	985117	986205
1	583903	584856
1	1299206	1300837
1	1300923	1301843
1	1301858	1302766
1	1302778	1303791
1	1303788	1304792
1	1341134	1341352
1	1554649	1555080
1	4156513	4157430
1	3488288	3488851
1	1892829	1894190
1	778290	778811
1	3405629	3407080
1	3161737	3163995
1	3171526	3173418
1	2866915	2867541
1	157729	159126
1	52427	53416
1	2434737	2435873
1	2699020	2699751
1	4482463	4483974
1	254259	255716
1	989845	992457
1	4029184	4030515
1	4105575	4106537
1	1804394	1805323
1	950495	952777
1	4231781	4233430
1	3069481	3070644
1	435813	436331
1	1337354	1338118
1	1990293	1990841
1	2735767	2736927
1	601182	602558
1	4324422	4324757
1	4323321	4323764
1	4322400	4323188
1	4321359	4322375
1	4319720	4320445
1	4319267	4319719
1	4318686	4319270
1	4317622	4318686
1	4316784	4317629
1	4316029	4316787
1	4315238	4315918
1	4314105	4315241
1	4313548	4314105
1	4313127	4313561
1	4312367	4313125
1	400971	402386
1	416366	417055
1	258269	259324
1	4634719	4636143
1	1188999	1189670
1	1187539	1188999
1	417113	418408
1	3908508	3909548
1	3904876	3905601
1	738730	740148
1	1208908	1209462
1	4002885	4003754
1	4252066	4254489
1	4455982	4457334
1	988377	989579
1	3307055	3309190
1	4044989	4047775
1	63429	65780
1	1183681	1184817
1	1182840	1183667
1	1182049	1182843
1	1181006	1182052
1	716169	717488
1	908554	910272
1	4447145	4447675
1	4148470	4151121
1	3489747	3490319
1	553166	553660
1	1910792	1912840
1	1264235	1265317
1	3033206	3034304
1	4122635	4124833
1	4423543	4423857
1	489509	490036
1	3440788	3442119
1	260727	261980
1	259612	260715
1	404059	404868
1	217057	218775
1	2802837	2804039
1	2804032	2805096
1	2805154	2806146
1	1260151	1261098
1	4387415	4388383
1	1366103	1366771
1	1366825	1367049
1	1367049	1367408
1	1367417	1367638
1	1367713	1368027
1	2720749	2722104
1	3906572	3907462
1	3905616	3906389
1	3907462	3908421
1	1257152	1257736
1	1157092	1158525
1	2531786	2532043
1	2532088	2533815
1	4402710	4404008
1	2594927	2595640
1	4202665	4203954
1	551814	552323
1	2426743	2428260
1	4203966	4205555
1	550750	551817
1	2689678	2693565
1	2619219	2620256
1	2620256	2620894
1	1735868	1736893
1	1074143	1078105
1	1078528	1080036
1	1935673	1937115
1	4469483	4470418
1	1120784	1121830
1	1003991	1005001
1	3813150	3813791
1	1339945	1340682
1	2906051	2907688
1	4469009	4469470
1	424235	425305
1	1415512	1415787
1	3931801	3933306
1	3934301	3935191
1	3933311	3934276
1	3931374	3931793
1	3935317	3936246
1	3936250	3937242
1	2021992	2022615
1	2314199	2314849
1	2315049	2317898
1	2820730	2821791
1	1412810	1415410
1	3878171	3879244
1	3823233	3825314
1	2699763	2700491
1	4003887	4005716
1	493629	494234
1	2909439	2911673
1	1643657	1643896
1	3958700	3960721
1	3792010	3792942
1	4022356	4022844
1	4096669	4097517
1	4095759	4096595
1	522485	526765
1	4606208	4606654
1	1124785	1125369
1	891190	892092
1	1496962	1497501
1	663325	664413
1	670828	671409
1	643420	644226
1	2701405	2702085
1	1884888	1886015
1	1140405	1143590
1	235535	236002
1	204493	205089
1	3882516	3882875
1	4176902	4177606
1	3448565	3449386
1	3450319	3450948
1	3449703	3450308
1	3444921	3445460
1	3443629	3444162
1	4424131	4424580
1	4178019	4178516
1	4176470	4176898
1	4178583	4178948
1	3376245	3376673
1	3445800	3446171
1	3442127	3442561
1	3446781	3447191
1	3437638	3438021
1	3443266	3443619
1	2742205	2742552
1	3447923	3448255
1	3449404	3449706
1	3445475	3445789
1	2280539	2280823
1	3809461	3809697
1	3446590	3446781
1	3442565	3442744
1	4125036	4125248
1	1146590	1146763
1	3809273	3809440
1	3882359	3882499
1	3438062	3439051
1	4179268	4183296
1	4183373	4187596
1	3211069	3212910
1	3597952	3598806
1	3342739	3344172
1	3820129	3820404
1	961218	962891
1	189874	190599
1	3447204	3447905
1	3439077	3439697
1	3442748	3443251
1	4423141	4423536
1	3471564	3472103
1	3444175	3444567
1	3375837	3376229
1	3450981	3451292
1	3439731	3440120
1	3472200	3472574
1	3440137	3440493
1	3444601	3444906
1	3309437	3309706
1	2743959	2744207
1	3446336	3446590
1	4423862	4424089
1	3448270	3448548
1	20815	21078
1	3208803	3209018
1	1986740	1987237
1	4172099	4173049
1	1943389	1944000
1	1942370	1943380
1	1944879	1945400
1	2080780	2082207
1	411831	414977
1	395863	397083
1	4106857	4107846
1	1894956	1896320
1	755130	756896
1	754783	755130
1	108279	110984
1	3781684	3782151
1	426871	428718
1	4175381	4175764
1	428729	429700
1	3757881	3759272
1	3756040	3757884
1	1844989	1846032
1	3055200	3056432
1	4622918	4623886
1	956876	957964
1	938651	939943
1	1551996	1553693
1	160782	161486
1	4628756	4630693
1	4622168	4622812
1	2751627	2751968
1	4098833	4099453
1	3275024	3275359
1	1327356	1328405
1	4275492	4275956
1	4275083	4275406
1	3081957	3083933
1	3080899	3081819
1	3105042	3107177
1	134788	135582
1	135598	136464
1	3819451	3820074
1	3820423	3822531
1	3822538	3823227
1	1846861	1848717
1	2825384	2825755
1	2826643	2827002
1	2827835	2828800
1	2827069	2827842
1	2710918	2712252
1	4272148	4272684
1	3374804	3375442
1	3374301	3374798
1	757929	760730
1	760745	761962
1	762237	763403
1	763403	764272
1	2661464	2662267
1	1019633	1020142
1	53416	54702
1	3711115	3711678
1	3264149	3265087
1	3263061	3264050
1	3261708	3263039
1	3265402	3265620
1	3788343	3789368
1	1292750	1293367
1	473525	474385
1	425361	426488
1	3884851	3886215
1	337	2799
1	2801	3733
1	3734	5020
1	454357	455655
1	1924803	1926863
1	3886753	3888168
1	3888259	3889506
1	775565	776830
1	776963	778255
1	3176137	3177618
1	774376	775068
1	775072	775500
1	1309113	1309832
1	1329072	1331669
1	1843023	1844984
1	4108763	4109530
1	1286310	1286399
1	1244902	1246599
1	1490494	1492134
1	3434540	3435916
1	1421806	1423263
1	4031168	4032619
1	4160193	4161293
1	2742594	2743361
1	1314440	1315246
1	1315246	1316439
1	1316451	1317809
1	1317813	1319408
1	1319408	1320970
1	4630783	4631109
1	3510656	3511660
1	3963784	3964113
1	930308	931273
1	190857	191708
1	4589680	4591335
1	430353	431237
1	2736970	2738091
1	4265137	4266330
1	1384744	1386285
1	2426079	2426648
1	4014454	4015215
1	3588047	3588934
1	3589032	3590348
1	3586133	3587203
1	3587205	3588050
1	3585393	3586136
1	3848159	3848749
1	3846657	3848159
1	3845328	3846647
1	3843799	3845190
1	1230409	1231677
1	1229990	1230409
1	2714776	2715465
1	2433658	2434671
1	504138	505790
1	4269072	4271894
1	1607253	1608704
1	4549659	4550843
1	4479005	4481860
1	2028472	2028942
1	3036134	3036844
1	2632254	2633624
1	1830452	1831258
1	3727466	3728788
1	3725940	3727394
1	4238802	4240277
1	18715	19620
1	21407	22348
1	25826	26275
1	26277	27227
1	27293	28207
1	60358	63264
1	89634	90092
1	90094	91035
1	91032	91397
1	107705	108217
1	122092	122856
1	136570	136917
1	178455	179153
1	256527	257771
1	414974	416176
1	423561	424142
1	426511	426843
1	429829	430176
1	440325	440567
1	475896	476249
1	493300	493629
1	498238	499197
1	499349	500653
1	563071	563703
1	621523	622773
1	628523	628936
1	631405	631602
1	738224	738733
1	764376	765098
1	773975	774379
1	921589	921813
1	925951	926655
1	1029982	1030641
1	1039668	1039760
1	1116030	1117082
1	1121936	1122496
1	1144163	1145122
1	1146017	1146538
1	1207740	1208342
1	1309872	1310270
1	1310375	1310914
1	1310944	1311687
1	1312044	1312682
1	1312742	1313248
1	1313294	1313794
1	1313880	1314059
1	1340682	1341008
1	1642675	1642926
1	1643143	1643298
1	1643370	1643657
1	1790291	1790755
1	1846149	1846700
1	1849911	1850552
1	1944275	1944877
1	1945435	1946175
1	1946204	1946656
1	2027563	2028483
1	2332978	2334666
1	2337589	2338311
1	2442773	2443582
1	2513665	2515854
1	2519615	2520499
1	2589269	2589625
1	2597928	2598500
1	2599223	2599840
1	2735176	2735517
1	2741647	2742129
1	2743392	2743940
1	2960463	2960786
1	2960771	2961178
1	2977965	2978657
1	3066195	3066830
1	3066969	3067829
1	3071998	3072711
1	3072708	3073217
1	3177766	3178437
1	3178443	3179603
1	3179641	3180429
1	3180572	3181345
1	3204485	3205396
1	3205393	3205998
1	3207552	3208565
1	3260474	3261682
1	3265876	3266415
1	3266437	3267624
1	3268647	3269792
1	3269889	3270773
1	3309855	3310799
1	3310799	3311200
1	3315576	3316028
1	3436046	3436456
1	3464819	3465013
1	3483436	3483840
1	3514042	3515328
1	3584966	3585406
1	3724947	3725384
1	3764360	3765202
1	3790849	3791706
1	3794002	3794961
1	3807848	3808327
1	3812517	3813113
1	3814699	3815562
1	3815783	3816607
1	3826968	3828359
1	3874163	3874975
1	3875090	3875488
1	3883099	3884745
1	3911853	3913223
1	3924035	3924478
1	4048156	4048788
1	4163451	4164308
1	4170080	4171108
1	4211257	4211640
1	4211703	4212146
1	4218324	4220510
1	4238348	4238758
1	4325158	4327386
1	4380666	4381643
1	4404213	4404638
1	4597718	4598212
1	4599647	4600120
1	4633544	4634017
1	4634030	4634719
1	1489701	1489874
1	1932863	1934338
1	2144716	2145564
1	4154873	4156246
1	2019528	2019893
1	4363495	4364796
1	81958	83529
1	1548485	1549369
1	1549362	1550015
1	4338743	4339651
1	1797826	1798023
1	3440640	3440756
1	3465182	3467875
1	806656	807132
1	796836	797654
1	1489946	1490095
1	944154	944780
1	945094	946242
1	3065362	3066102
1	3073239	3074204
1	1395696	1396646
1	2911721	2913022
1	2908778	2909113
1	4446470	4446721
1	1266543	1267352
1	974845	975549
1	980270	982117
1	667471	667938
1	667942	668259
1	402927	404042
1	952832	953689
1	4404677	4407118
1	890407	891129
1	3490590	3491771
1	3451530	3451949
1	960424	961107
1	3787070	3788104
1	3725430	3725771
1	3432236	3433183
1	2088020	2088070
1	3948345	3948443
1	2735621	2735668
1	1797250	1797294
1	1321062	1321106
1	3850913	3851011
1	3886458	3886532
1	190	255
1	4470422	4470556
1	83622	83708
1	4395435	4397282
1	2599840	2601858
1	202101	202556
1	2685491	2686825
1	4151719	4152870
1	2854475	2854828
1	409368	410276
1	2233287	2234522
1	2239832	2240989
1	3079935	3080693
1	3147684	3148568
1	1262100	1262723
1	1261249	1262100
1	4041441	4042067
1	3395807	3396400
1	3394348	3395817
1	1646532	1646687
1	1646689	1646817
1	1646847	1647065
1	1647818	1648009
1	658170	658373
1	658474	659439
1	1472245	1473105
1	1473168	1475474
1	3408302	3409267
1	3809914	3810582
1	4097514	4098548
1	1189839	1191209
1	3401506	3402480
1	3735520	3737550
1	1148951	1149880
1	1149893	1150627
1	1290680	1291588
1	432226	432675
1	432679	433782
1	433871	434341
1	1333855	1336530
1	354146	355405
1	2654770	2655105
1	2789295	2790743
1	2792275	2793675
1	1336594	1337184
1	2618268	2618894
1	3049137	3050339
1	3817511	3819193
1	4625338	4626570
1	3088369	3089076
1	2245085	2246554
1	1113030	1113404
1	3803966	3805090
1	3803176	3803973
1	3805087	3806121
1	1297821	1298468
1	1113487	1114713
1	1191890	1192996
1	1191213	1191854
1	2010724	2011038
1	3882839	3883096
1	3802204	3803139
1	3801081	3802160
1	3800062	3801081
1	3799006	3800022
1	2809449	2810621
1	3333257	3334516
1	3463565	3464242
1	3734376	3735200
1	2137783	2139636
1	159186	160112
1	4394088	4395425
1	3898627	3900243
1	4632464	4633333
1	2913079	2915835
1	2373984	2374841
1	4250529	4251026
1	4251039	4251911
1	2695937	2696572
1	2695376	2695879
1	2693823	2695379
1	157253	157732
1	2241006	2241674
1	3159279	3160691
1	3160766	3161503
1	1038519	1039655
1	1036963	1038507
1	3189761	3189961
1	3347828	3348481
1	638168	638731
1	638976	640541
1	3638134	3638568
1	4609419	4610024
1	1232399	1233940
1	1231723	1232253
1	4159147	4159794
1	4159794	4160153
1	4023011	4024504
1	3654431	3654763
1	3653989	3654315
1	3653278	3653925
1	402505	402825
1	4461077	4462732
1	2623137	2624678
1	1255944	1257035
1	928419	930185
1	1740625	1741266
1	1236794	1238092
1	1238102	1239172
1	967589	968575
1	4455337	4455888
1	185978	188650
1	669797	670828
1	4481860	4482303
1	4605826	4606239
1	847631	848134
1	4458545	4460683
1	2139658	2140239
1	2276592	2277782
1	357015	357914
1	2346844	2347494
1	3796262	3797335
1	3794971	3796230
1	3798290	3798988
1	3797368	3798219
1	3077666	3079657
1	4157413	4158813
1	4187809	4188348
1	1186342	1187463
1	2516489	2516833
1	2516835	2517227
1	4439561	4440199
1	1617598	1617981
1	1617144	1617578
1	4493213	4494232
1	1146844	1147914
1	1145234	1145818
1	2810638	2812176
1	3431712	3432221
1	3641163	3643205
1	3047595	3048689
1	3056688	3057347
1	3058872	3061016
1	3061009	3062004
1	2816983	2817168
1	4283436	4285394
1	3945151	3945990
1	3946109	3946447
1	3972490	3973164
1	3977979	3978719
1	2583753	2585453
1	3998315	3999079
1	4000836	4001216
1	4001311	4002201
1	4005780	4006400
1	4006462	4007082
1	4008223	4009023
1	4015356	4016783
1	4016878	4017633
1	4017647	4018252
1	4018249	4019889
1	4019968	4020237
1	4020759	4021535
1	4021577	4022359
1	4030515	4031129
1	4032631	4033176
1	1716090	1716419
1	1103670	1104125
1	4255765	4257144
1	4261271	4262254
1	1152523	1153332
1	1153335	1154357
1	3655018	3655590
1	3407092	3407973
1	3409675	3410559
1	3329792	3330757
1	1154985	1155989
1	4336277	4338544
1	219591	219995
1	218887	219594
1	220113	220928
1	1923132	1923362
1	3323023	3324957
1	3325057	3325686
1	1553850	1553987
1	2621066	2623132
1	9306	9893
1	9928	10494
1	11382	11786
1	3359198	3359962
1	3360134	3360808
1	1234932	1236464
1	4112592	4113602
1	4111749	4112495
1	3616611	3617012
1	3621422	3621805
1	728357	728563
1	732999	733325
1	734873	735442
1	2288522	2289169
1	1348275	1349063
1	4120403	4121362
1	1886085	1887770
1	2373022	2373984
1	1258014	1258292
1	3865032	3865445
1	3864492	3864920
1	3862635	3864296
1	1125380	1126027
1	2710049	2710786
1	191855	192580
1	1066335	1066931
1	3929339	3931207
1	518363	518989
1	4195739	4196803
1	3656389	3656916
1	1139256	1140209
1	117752	118645
1	1185067	1186293
1	3320755	3322092
1	2796113	2796517
1	6529	7959
1	8238	9191
1	35377	36162
1	36271	37824
1	37898	39115
1	39244	40386
1	40417	41931
1	42403	43173
1	43188	44129
1	44180	45466
1	45463	45750
1	45807	47138
1	47246	47776
1	54755	57109
1	57364	58179
1	71351	72115
1	72229	72927
1	72911	74521
1	74497	75480
1	78848	79453
1	79464	80864
1	80867	81958
1	3534834	3535310
1	831691	832173
1	834471	835433
1	835574	836659
1	533140	534921
1	534934	535710
1	4192227	4194122
1	4191592	4192227
1	4190844	4191599
1	4189888	4190658
1	4188758	4189891
1	660860	661501
1	661602	661865
1	659648	660601
1	816267	817256
1	817278	817790
1	1618013	1618231
1	2650516	2651361
1	2652179	2652955
1	3194823	3197663
1	3197686	3198987
1	3430458	3431582
1	3430013	3430486
1	1307040	1308293
1	1308593	1308889
1	1305209	1306669
1	2481777	2482391
1	2482396	2485989
1	4328525	4330027
1	4331970	4333613
1	4330204	4331295
1	4331305	4331973
1	4374898	4375215
1	2160900	2162303
1	2162300	2163022
1	1169741	1173187
1	1345002	1346936
1	221614	222645
1	468095	469867
1	2927598	2928965
1	902229	902957
1	901480	902211
1	900757	901473
1	900089	900757
1	899067	899798
1	893007	894119
1	894214	895347
1	895357	896310
1	896307	897152
1	580057	580602
1	1615052	1616242
1	1616267	1616932
1	1618262	1619161
1	1619356	1620543
1	1620984	1621874
1	1622129	1622521
1	1622797	1623315
1	2256377	2257318
1	208621	209580
1	231122	231922
1	231926	232549
1	3380222	3381289
1	2013892	2014578
1	518957	519643
1	2007503	2007736
1	3475929	3476519
1	3475662	3475880
1	3201332	3202153
1	817793	818278
1	2318065	2319891
1	2319888	2321273
1	2321469	2322131
1	2322131	2322781
1	2322778	2324100
1	2324131	2325315
1	3202243	3202611
1	3202716	3203333
1	148807	149601
1	4119780	4120310
1	791539	793011
1	149715	150953
1	2971877	2974036
1	3341966	3342691
1	3344195	3344482
1	3344600	3345091
1	3816897	3817514
1	3828480	3830189
1	3830242	3832560
1	3832570	3833952
1	3834976	3836160
1	3836271	3837194
1	3838572	3839762
1	3839973	3840425
1	3840478	3841812
1	3841987	3843753
1	3851945	3853129
1	3853137	3853634
1	3853631	3853993
1	3853983	3854330
1	3854438	3854887
1	787020	788060
1	786066	786818
1	782389	783108
1	2140331	2140972
1	4194926	4195699
1	483650	484843
1	480478	483627
1	3854934	3856427
1	3856424	3858139
1	3858306	3859199
1	3861922	3862638
1	3865751	3866083
1	3866085	3867299
1	3867400	3868464
1	3868461	3869753
1	3871018	3871635
1	3872494	3873183
1	3873461	3874117
1	3889638	3890813
1	3890788	3891747
1	3891904	3892653
1	3892675	3893241
1	3893295	3894632
1	3894797	3895462
1	3895529	3895996
1	3896045	3896632
1	3896694	3897416
1	3897431	3898600
1	3926175	3927626
1	3927620	3929116
1	3937208	3938635
1	3938658	3939350
1	1084215	1085279
1	1082599	1083870
1	222833	223408
1	220968	221621
1	4194355	4194831
1	590164	592401
1	587205	590177
1	3410825	3411487
1	1575681	1577366
1	1573271	1575643
1	1570431	1573226
1	147944	148795
1	146314	146694
1	146968	147870
1	145081	146310
1	3541189	3542067
1	1978212	1979636
1	1269972	1271072
1	77621	78799
1	2033859	2034710
1	349236	350405
1	4393608	4394069
1	1326378	1327136
1	1527946	1528428
1	1531076	1531309
1	3759370	3759978
1	3766200	3766661
1	3768266	3769402
1	3769405	3769767
1	3623702	3624826
1	529356	530450
1	526805	527173
1	2389534	2391063
1	710828	711121
1	711261	712025
1	3100155	3100874
1	4285787	4287223
1	2752918	2753400
1	2754181	2755422
1	2714088	2714471
1	2712461	2713342
1	2715513	2716550
1	2125217	2126338
1	2124249	2125214
1	2123767	2124246
1	2122547	2123770
1	3076909	3077352
1	3075493	3076881
1	2939258	2939653
1	2938165	2939265
1	2939672	2940589
1	4621124	4622140
1	2576688	2577638
1	114522	115724
1	3142176	3143162
1	3141008	3142186
1	3139308	3141011
1	3138814	3139308
1	3138333	3138821
1	3137999	3138340
1	3137738	3137986
1	1927072	1927731
1	1928058	1928414
1	1928481	1928771
1	1928905	1930083
1	1058479	1061025
1	1057307	1058479
1	2869323	2869802
1	2867535	2868296
1	1287005	1287847
1	1117124	1117699
1	472190	473476
1	1362256	1363536
1	2550374	2551243
1	3151585	3152244
1	1532989	1533882
1	1041253	1043433
1	4311373	4311822
1	4038929	4039456
1	4039438	4040022
1	4040092	4040361
1	4040438	4041424
1	4042222	4043652
1	4043693	4044625
1	4049370	4049879
1	4050068	4051441
1	4056430	4058253
1	4058470	4059180
1	4059188	4060168
1	4060270	4061535
1	4062386	4063789
1	4063832	4065217
1	4065263	4067299
1	4067498	4068424
1	4068538	4069779
1	4069796	4070674
1	4070698	4071594
1	4071762	4072658
1	4072692	4073477
1	4073576	4074175
1	4074169	4075041
1	4075038	4075475
1	4075472	4076461
1	4077320	4077532
1	4077774	4077992
1	4079248	4079883
1	4079880	4080782
1	4080795	4083845
1	4084039	4084872
1	4085025	4086080
1	4086130	4087878
1	4087878	4088948
1	4088938	4090389
1	4090400	4090846
1	4091147	4091461
1	4091471	4092295
1	4092746	4094005
1	4094002	4095471
1	4099713	4100696
1	4100845	4101519
1	3511653	3512411
1	4103843	4104343
1	4104492	4105394
1	4109638	4110237
1	4110338	4110778
1	4110990	4111289
1	4111316	4111744
1	4116538	4116783
1	4116868	4117353
1	4117446	4118372
1	4118439	4119770
1	4125309	4125917
1	1498597	1499589
1	1499586	1500179
1	1108558	1110093
1	1110086	1112629
1	2716757	2717176
1	3779238	3779711
1	3652706	3653236
1	3651984	3652550
1	2077557	2078615
1	2078813	2079286
1	2079405	2080571
1	2082250	2082477
1	2082491	2083549
1	2083728	2085086
1	2707459	2708034
1	1412008	1412817
1	1411757	1411951
1	1411555	1411764
1	4134131	4135036
1	4135063	4135680
1	4135955	4137058
1	4137069	4137731
1	4137743	4140244
1	4140553	4141632
1	4141647	4141967
1	4142018	4144315
1	4144281	4145159
1	4145161	4145502
1	4145489	4146340
1	4146555	4148288
1	4196813	4197484
1	4197527	4198117
1	4198589	4199284
1	4199286	4199711
1	4225754	4227385
1	4227476	4228165
1	4228377	4229249
1	4229382	4229654
1	4233929	4234171
1	4234285	4234923
1	4234920	4235657
1	4235657	4237753
1	4257260	4257469
1	4257511	4258026
1	4258344	4258598
1	4258622	4259329
1	4259737	4260729
1	4260863	4261105
1	4267437	4268150
1	4268261	4268677
1	4268681	4269037
1	4272783	4273064
1	4273494	4275080
1	4276502	4277851
1	4278003	4279652
1	4279806	4281098
1	4281276	4282925
1	4282922	4283236
1	4287268	4287834
1	4287831	4288502
1	4288499	4289455
1	4289535	4291193
1	4291186	4291569
1	4291566	4292162
1	4294459	4295148
1	4297587	4299053
1	4299050	4301101
1	4301101	4302132
1	4302635	4304620
1	4304893	4305822
1	4305806	4306501
1	4306512	4307492
1	4307471	4309003
1	3512404	3513081
1	3775422	3777077
1	3777077	3777853
1	3777850	3779040
1	3774688	3775050
1	3773595	3774182
1	4335191	4335952
1	1137601	1139244
1	3436453	3436671
1	3436727	3437152
1	3437163	3437531
1	2511064	2512266
1	155461	156201
1	4541751	4542290
1	2019893	2020630
1	2020640	2020909
1	2020917	2021702
1	2108162	2109043
1	2107605	2108162
1	2106361	2107608
1	2105250	2106353
1	2104084	2105250
1	2103089	2104081
1	2102518	2103108
1	2101415	2102533
1	2185402	2186436
1	2186452	2188932
1	2188948	2189667
1	2189702	2190244
1	2190537	2190818
1	2198301	2201933
1	2201994	2202311
1	2202618	2203706
1	2203717	2205996
1	2205989	2207125
1	2209247	2209708
1	2209748	2210218
1	2210265	2210984
1	2210981	2212666
1	2212888	2213619
1	2213767	2214498
1	2214503	2215429
1	2215422	2216579
1	2216586	2217503
1	2217714	2220011
1	2221960	2222892
1	2223066	2223653
1	2223823	2224401
1	2224531	2225292
1	2227460	2228407
1	2228646	2229044
1	2229041	2229736
1	2230900	2231619
1	2241932	2242768
1	2247739	2248788
1	2249722	2250810
1	2250917	2252167
1	2252267	2253208
1	2253377	2254036
1	2254107	2255357
1	2255451	2256389
1	2261885	2263066
1	2263472	2264044
1	2264267	2265733
1	2270386	2272200
1	2272201	2273295
1	2273295	2274320
1	2274322	2275911
1	2275915	2276259
1	2282151	2282378
1	2277810	2278505
1	2278654	2280414
1	2280962	2281969
1	2282398	2284158
1	2289380	2290432
1	2290429	2290986
1	2290983	2292926
1	2292923	2293402
1	2293605	2294342
1	2294384	2295046
1	2295043	2295666
1	2295679	2296281
1	2296291	2296740
1	2296737	2297600
1	2297587	2298282
1	2298289	2300775
1	2301025	2301519
1	2303130	2304776
1	2304994	2306637
1	2308501	2309556
1	16751	16960
1	3611690	3613264
1	3613264	3614208
1	3614205	3615038
1	3615038	3615802
1	3615799	3616605
1	2820161	2820661
1	2961729	2962199
1	2393930	2394472
1	2393065	2393367
1	75644	77299
1	3320195	3320527
1	4446715	4447065
1	2732325	2733056
1	2733053	2734033
1	4373722	4374288
1	2577658	2579661
1	3538185	3538412
1	2265851	2266837
1	2246759	2247640
1	115714	117099
1	117109	117549
1	1485259	1486059
1	2865636	2866775
1	2756666	2756878
1	3517487	3518725
1	4607437	4609026
1	484985	485632
1	1287897	1288355
1	1288468	1289373
1	1289465	1290478
1	3087777	3088274
1	2403725	2404663
1	2424028	2424810
1	2423252	2423938
1	727955	728044
1	4462782	4464203
1	2616893	2618182
1	2655107	2656957
1	2656974	2657489
1	2657585	2657908
1	2541854	2542645
1	848433	849320
1	849673	850188
1	2159488	2160903
1	215269	215979
1	216179	217003
1	2686815	2687528
1	2926251	2927540
1	2300772	2301035
1	712781	714421
1	3345137	3345991
1	3345988	3346260
1	3086306	3087700
1	2062503	2063246
1	2061412	2062491
1	4492646	4493209
1	1540696	1542084
1	1416695	1417183
1	1416032	1416253
1	1415862	1416032
1	1417180	1417335
1	408332	409243
1	407401	407685
1	3433229	3434518
1	4631820	4632467
1	973542	974864
1	971845	972624
1	972760	973545
1	418815	420134
1	2293399	2293608
1	4613538	4615088
1	1161108	1161467
1	3463104	3463565
1	1417346	1417480
1	4360756	4361331
1	4363041	4363379
1	4361368	4363065
1	656515	656724
1	655780	656340
1	452813	453391
1	451294	452769
1	3175303	3175932
1	3174880	3175302
1	3173447	3174028
1	3174028	3174855
1	2551247	2552146
1	2552152	2553204
1	471822	472160
1	2748853	2749731
1	1062078	1062998
1	1061773	1062078
1	1061022	1061621
1	1063259	1064515
1	712210	712755
1	1814410	1815159
1	2145698	2147050
1	2797672	2798016
1	4464322	4465269
1	1639363	1639578
1	1905250	1905459
1	1639879	1640091
1	1904275	1905084
1	656778	657161
1	3792952	3793998
1	3596007	3596390
1	3603002	3603271
1	3603274	3603633
1	3603774	3604400
1	3604474	3606672
1	3606774	3607019
1	3607240	3607905
1	3607978	3608535
1	3608539	3609756
1	3609888	3610937
1	3610992	3611579
1	3624826	3627561
1	3627558	3628625
1	3628991	3630613
1	3632864	3633916
1	3634231	3635433
1	3635665	3637164
1	3637408	3637743
1	3638885	3640354
1	3640403	3641155
1	3643408	3644250
1	3646551	3646904
1	3646958	3648247
1	3648260	3648685
1	3657255	3658412
1	3658437	3661550
1	3661913	3662641
1	3663009	3663833
1	3665814	3667211
1	3667615	3669264
1	3669315	3669917
1	3670437	3671336
1	3671385	3672398
1	3672809	3674131
1	3674313	3676373
1	3676443	3677210
1	3677442	3678371
1	3678467	3679963
1	3681653	3683641
1	3683723	3687196
1	3687178	3688284
1	3688291	3690630
1	3690641	3693259
1	3694020	3694208
1	3694481	3696052
1	3696049	3696240
1	3696237	3697916
1	3698586	3699857
1	3706807	3708498
1	3708822	3710030
1	3710259	3710957
1	3711675	3712115
1	3714570	3715229
1	3715333	3716307
1	3716357	3717067
1	3723910	3724905
1	3730224	3731765
1	3731743	3732924
1	3739707	3740555
1	3740756	3741754
1	3741766	3742233
1	3742351	3742824
1	3742827	3744104
1	3744117	3745103
1	3745107	3746603
1	3746600	3747262
1	3747255	3748115
1	3748109	3748804
1	3749151	3749891
1	3750015	3750989
1	3750986	3752122
1	3752128	3752451
1	3752996	3754534
1	3754699	3755850
1	3782214	3782465
1	3782607	3783038
1	3783283	3784827
1	3784861	3786120
1	3786124	3787083
1	1073465	1074103
1	1154347	1154988
1	1156000	1156797
1	1350660	1351652
1	1349852	1350658
1	1023125	1023571
1	1025780	1026238
1	2696781	2697629
1	4638965	4639651
1	2653097	2654380
1	2654558	2654758
1	112599	113219
1	111856	112599
1	111649	111846
1	129407	131260
1	131615	134212
1	137083	138633
1	142008	142670
1	142779	143705
1	143702	144472
1	144577	145017
1	2354926	2355825
1	151003	151599
1	151626	152231
1	152243	152812
1	156299	156883
1	162105	164534
1	161501	162031
1	175107	176528
1	176610	176954
1	177001	177624
1	177662	178462
1	182463	183620
1	183709	184095
1	184257	185069
1	280053	281207
1	276980	278026
1	2706776	2707426
1	4619792	4621123
1	4626878	4628545
1	1364959	1365936
1	1625541	1626287
1	3718471	3718623
1	3957555	3957836
1	3992545	3992748
1	214833	215255
1	3556290	3557888
1	992500	993267
1	751452	752018
1	2346536	2346790
1	2980519	2981280
1	2377370	2378665
1	3183436	3183987
1	3482512	3483381
1	3089156	3089887
1	597937	601080
1	1941438	1942223
1	1850645	1852003
1	1198902	1200029
1	3306062	3306946
1	2929077	2929832
1	2924330	2925694
1	3489475	3489642
1	963543	965807
1	2524968	2525966
1	1948856	1949422
1	1949419	1950237
1	3544581	3545897
1	2801524	2802483
1	4366687	4367163
1	549662	550555
1	2311510	2314182
1	2793696	2794358
1	2788004	2789272
1	562553	563068
1	4536808	4537524
1	1787637	1787828
1	1258347	1260026
1	3206046	3207509
1	1860040	1860453
1	773532	773825
1	2141290	2144607
1	1003170	1003880
1	1246919	1248337
1	2641151	2642305
1	1271342	1271572
1	1271730	1272425
1	1272469	1272822
1	1273007	1274401
1	829195	829866
1	865791	866756
1	2581568	2583547
1	2580925	2581500
1	2109101	2110000
1	2110000	2111085
1	2464567	2465724
1	2172619	2173071
1	2172304	2172588
1	2170945	2172300
1	2169857	2170897
1	2173081	2174343
1	2174372	2175226
1	2463323	2464255
1	837413	837679
1	836888	837148
1	387019	387870
1	1265317	1266150
1	2165326	2165544
1	794312	795085
1	479558	479932
1	1359935	1360492
1	1324876	1325751
1	3199229	3199849
1	196546	197898
1	2371670	2373025
1	2374856	2375614
1	4451606	4452601
1	4453808	4455181
1	2746796	2748082
1	3099829	3100155
1	1166822	1167361
1	2713445	2714032
1	2739382	2739747
1	1654208	1654768
1	586314	587204
1	2445530	2446462
1	1651951	1653165
1	1650920	1651939
1	4476496	4476912
1	505827	506306
1	2970691	2971884
1	1566978	1568513
1	4309130	4310065
1	4310124	4311014
1	4327383	4328261
1	4333717	4335054
1	4342952	4343581
1	4347338	4348057
1	4348054	4349685
1	4349866	4350096
1	4350108	4350380
1	4350607	4350903
1	4352977	4354434
1	4367179	4368435
1	4370832	4371185
1	4371388	4372257
1	4372652	4373680
1	4375212	4375745
1	4381862	4383364
1	4383416	4383730
1	4383727	4384041
1	4384070	4387393
1	4388480	4389532
1	4389627	4390172
1	4402409	4402606
1	4407298	4408029
1	4408156	4408557
1	4408576	4409274
1	4410410	4411048
1	4414464	4414793
1	4414975	4415724
1	4415721	4416476
1	4419731	4420195
1	4420869	4421723
1	4421723	4422409
1	4422539	4422814
1	4424651	4425445
1	4426102	4426740
1	4426958	4427578
1	4427887	4429299
1	4430114	4431079
1	4431187	4432047
1	4432136	4432516
1	4435730	4436668
1	4436731	4437285
1	4437610	4437816
1	4440405	4442138
1	4445917	4446258
1	4447985	4448941
1	4449081	4450583
1	4450594	4451619
1	3273304	3274875
1	4457923	4458387
1	4468550	4468936
1	4465648	4468344
1	4470837	4471232
1	4471363	4472076
1	4472147	4472740
1	4472885	4473337
1	4473460	4475274
1	4477057	4477560
1	4477753	4478949
1	4484241	4485341
1	4485341	4486423
1	4486584	4488086
1	4488164	4489162
1	4489229	4490548
1	4490610	4491374
1	4491398	4492429
1	4502081	4503298
1	4503310	4504428
1	4518694	4520043
1	4520150	4522117
1	4522128	4523033
1	4523038	4523826
1	4524129	4524911
1	4524928	4525560
1	4525572	4526003
1	4526134	4526940
1	4526953	4528266
1	4528553	4529674
1	4530460	4531206
1	4531262	4531807
1	4534637	4535617
1	4535682	4536788
1	4547976	4549319
1	4553513	4554343
1	4555016	4555408
1	4555401	4556312
1	4556377	4557549
1	4557562	4558023
1	4558020	4558703
1	4558953	4559507
1	4559520	4560698
1	4560766	4561626
1	4561945	4562712
1	4562722	4563873
1	4563989	4565269
1	4565310	4566542
1	4568185	4569597
1	4569774	4569938
1	4577522	4577863
1	4586899	4587102
1	4587152	4589302
1	4591384	4592745
1	4592960	4593874
1	4594013	4595035
1	4595173	4597464
1	4600111	4600881
1	4601500	4602225
1	4602333	4602860
1	4602898	4603686
1	4604692	4605723
1	4611504	4612283
1	4612703	4613566
1	4631256	4631768
1	4638425	4638565
1	4499283	4499612
1	4517361	4518347
1	134388	134750
1	1151162	1152403
1	2415103	2416623
1	34781	35371
1	59687	60346
1	3378765	3380132
1	3378213	3378611
1	1056485	1057177
1	1055484	1056512
1	1052657	1055401
1	3341402	3341959
1	604741	605109
1	602639	603886
1	1103174	1103629
1	1550852	1551862
1	500786	502462
1	3717501	3717791
1	3702794	3703813
1	3701882	3702784
1	3700888	3701871
1	3699887	3700891
1	3575088	3575615
1	3575754	3576749
1	3573744	3575084
1	2882575	2885241
1	2022659	2022847
1	642780	643190
1	2534408	2535259
1	2535364	2535738
1	2112526	2113920
1	2113931	2115151
1	1349431	1349784
1	3170552	3171133
1	3171164	3171478
1	1117703	1118269
1	685152	685892
1	684478	685152
1	683753	684478
1	1129058	1129351
1	1128637	1129053
1	552441	553163
1	1118691	1119809
1	1120465	1120710
1	2371294	2371560
1	1386329	1386835
1	1433209	1433643
1	2794359	2794808
1	197928	200360
1	2658339	2659553
1	1939675	1940607
1	1861874	1862758
1	2060415	2061347
1	640662	641090
1	936595	937206
1	2069563	2072682
1	1122630	1123277
1	1112802	1113029
1	937217	938560
1	1338582	1339751
1	631612	632700
1	1894194	1894772
1	3203346	3204278
1	1480279	1480884
1	2821871	2822368
1	2822513	2823598
1	686062	686970
1	682700	683635
1	948891	949481
1	1066087	1066314
1	3096580	3097587
1	3098926	3099645
1	2871036	2871359
1	555255	555776
1	2026473	2027390
1	2030408	2031103
1	2812240	2812755
1	1544312	1545193
1	193521	194717
1	3212989	3213495
1	3217516	3218895
1	3218937	3219269
1	3224256	3225689
1	3225823	3226893
1	3226910	3229261
1	3229687	3231705
1	3231750	3232166
1	3232163	3232477
1	3232761	3233897
1	3233982	3234485
1	3234562	3235254
1	3235333	3236319
1	3236602	3237567
1	3237966	3239210
1	3239215	3239766
1	3239849	3241336
1	3241351	3242763
1	3243126	3244544
1	3244674	3245450
1	3245795	3246457
1	3246461	3246844
1	3246991	3247359
1	3247397	3247702
1	3247705	3248109
1	3248584	3248976
1	3249046	3250032
1	3250326	3250691
1	3250933	3251289
1	3251340	3252236
1	3252341	3253042
1	3253065	3253229
1	3253363	3254673
1	3254701	3256032
1	3256307	3257671
1	3257743	3258132
1	3258146	3260440
1	3271595	3272929
1	3275359	3275823
1	3275878	3276687
1	3276936	3278216
1	3278239	3278712
1	3279998	3281152
1	3281165	3282025
1	3282192	3282668
1	3282707	3283510
1	3283500	3284291
1	3284292	3285047
1	3285448	3286032
1	3286112	3286807
1	3286836	3289352
1	3289363	3290454
1	3290497	3291357
1	3291422	3293458
1	3293416	3293811
1	3293831	3294421
1	3294431	3295006
1	3295120	3296160
1	3296233	3296868
1	3296996	3297514
1	3297494	3297937
1	3297988	3298290
1	3298277	3298780
1	3298774	3299298
1	3299507	3300502
1	3300511	3301389
1	3301470	3302477
1	3318010	3319635
1	3325812	3326105
1	3328604	3329776
1	3334571	3334825
1	3334985	3335278
1	3335278	3335913
1	3335932	3336483
1	3336488	3337270
1	3337278	3338087
1	3338297	3339274
1	3339288	3340274
1	3340295	3340861
1	3340858	3341433
1	3346474	3347106
1	3347103	3347831
1	3351143	3352072
1	3360829	3363210
1	3364948	3365664
1	3365849	3366976
1	3367036	3367500
1	3367497	3368372
1	3368369	3369058
1	3371720	3372511
1	3372891	3374258
1	3376892	3378019
1	3383560	3383823
1	3383879	3384151
1	3384243	3386210
1	3386216	3387148
1	3387156	3387359
1	3387542	3388471
1	3388605	3390050
1	3390480	3394280
1	489334	489495
1	3405397	3405639
1	3410643	3410822
1	3416412	3416633
1	3418156	3419337
1	3419347	3420450
1	3420458	3421216
1	3427258	3427812
1	3427788	3428045
1	3428865	3429437
1	3429442	3429984
1	890136	890423
1	490106	490483
1	2087486	2087737
1	2876591	2876875
1	2338439	2342191
1	674241	674723
1	1398271	1399797
1	778821	779612
1	1017708	1018160
1	2722150	2722473
1	1494880	1496535
1	1934676	1935545
1	1977777	1978205
1	1496675	1496899
1	1912860	1913558
1	1328441	1328692
1	719806	720063
1	1383535	1384596
1	431536	432075
1	805221	806504
1	1029562	1029891
1	1206724	1207353
1	3053634	3053963
1	555884	556096
1	2740405	2741631
1	3134685	3136544
1	3132894	3134393
1	3457839	3459035
1	3459045	3459482
1	3459490	3459999
1	3451951	3453420
1	3453600	3454415
1	3454399	3456351
1	3456361	3457842
1	3459996	3460373
1	3460366	3460953
1	3460946	3461929
1	3461944	3463107
1	3472700	3472987
1	3472995	3473354
1	3473354	3473740
1	3473740	3474462
1	3474629	3475441
1	3478629	3479183
1	3479311	3481224
1	3481224	3482246
1	3482240	3482458
1	3484813	3486915
1	3497470	3497637
1	3497932	3499269
1	3499290	3500312
1	3500362	3501192
1	3501189	3501974
1	3502074	3502805
1	3502957	3504042
1	3504054	3505358
1	3505370	3505723
1	3505734	3506612
1	3506609	3507835
1	3507835	3508998
1	3509082	3509444
1	3509461	3510366
1	3519031	3519471
1	3527370	3527771
1	3540750	3540986
1	3542904	3543587
1	3543646	3544221
1	1481085	1484987
1	3553855	3554871
1	3554875	3556101
1	2808366	2808701
1	3573094	3573687
1	3576973	3577668
1	3577791	3578828
1	3579161	3579649
1	3579886	3581064
1	3582782	3583066
1	2470409	2470903
1	3121849	3122253
1	3213749	3214513
1	3214801	3215424
1	3215578	3217098
1	1956544	1957290
1	2506483	2507448
1	2922757	2923302
1	1011224	1012477
1	1012482	1014122
1	1322122	1322742
1	1322770	1324665
1	3062015	3062800
1	3062824	3064302
1	3064299	3065195
1	3074201	3075478
1	3092122	3093102
1	3093120	3093824
1	3093842	3094408
1	3094405	3094695
1	3094703	3095296
1	3095289	3096425
1	3102115	3102390
1	3102455	3103534
1	3107575	3108282
1	3108612	3109148
1	3111089	3111499
1	3111565	3112374
1	3112572	3117134
1	3117619	3119301
1	3123492	3124544
1	3124544	3126043
1	3126294	3127058
1	3129363	3130430
1	3130476	3131234
1	3131266	3131979
1	3132153	3132845
1	3136749	3137615
1	3143165	3144283
1	3144472	3144759
1	3145919	3146959
1	3146999	3147493
1	3152284	3153240
1	3153377	3154540
1	3154645	3155472
1	3155672	3156598
1	3156649	3156906
1	3156949	3159168
1	3164133	3165740
1	3165873	3166268
1	3166270	3166566
1	3166771	3167253
1	3167306	3167698
1	3167850	3168509
1	3168506	3169855
1	3169901	3170233
1	3182862	3183152
1	2899918	2901396
1	2902769	2903440
1	2903733	2904605
1	2989290	2989781
1	2990116	2991492
1	2991660	2991878
1	2997158	2997913
1	2998367	3000625
1	3000636	3001514
1	3001511	3001990
1	3002030	3003808
1	3004284	3005474
1	3005532	3006728
1	3006786	3007997
1	3008050	3009435
1	3009483	3010415
1	3010636	3012261
1	3012309	3013079
1	3013182	3013760
1	3014082	3017180
1	3017183	3018511
1	3018562	3019341
1	3019338	3022208
1	3022373	3023773
1	3023788	3025107
1	3025143	3026510
1	3026546	3027034
1	3027034	3028953
1	3029389	3030837
1	3031087	3031635
1	2969293	2969511
1	3040511	3041170
1	3041334	3041645
1	2940940	2941167
1	2941359	2942564
1	2942564	2943007
1	2966469	2966999
1	2968442	2969155
1	2969619	2970659
1	2981310	2982146
1	2982433	2983614
1	2983869	2985098
1	2985558	2986190
1	2986524	2987333
1	2987326	2987808
1	2857782	2858438
1	2858489	2859256
1	2859452	2860360
1	2860357	2861523
1	2861615	2862253
1	2862258	2863034
1	2863123	2864487
1	2868277	2869326
1	2869802	2870512
1	2870531	2870842
1	2876877	2877794
1	2877810	2878409
1	2878396	2879070
1	2879073	2880164
1	2880177	2880659
1	2880652	2882160
1	2890236	2890601
1	2890679	2891950
1	2891941	2892201
1	2892218	2892793
1	2892941	2893801
1	2893798	2894577
1	2894555	2895892
1	2895986	2897440
1	2897510	2898295
1	1940686	1941441
1	959487	960251
1	1009187	1011094
1	250898	251953
1	246242	246502
1	240859	243303
1	243543	244121
1	244327	245094
1	245065	245805
1	246712	247461
1	247637	248134
1	252005	252298
1	252301	252699
1	252709	253161
1	245961	246239
1	2363040	2363642
1	2520751	2522007
1	2523149	2523913
1	2474716	2475651
1	3083942	3084073
1	3084209	3084424
1	2916067	2917407
1	2917428	2918768
1	2918770	2920122
1	2920557	2921006
1	2921024	2921806
1	2921806	2922135
1	2923370	2924218
1	2898614	2899891
1	404988	405446
1	2705820	2706776
1	2705344	2705823
1	2379104	2379565
1	2378744	2379049
1	1363574	1364839
1	2752030	2752320
1	2752310	2752786
1	2755666	2756622
1	2758569	2759195
1	2759373	2761562
1	2761559	2763175
1	2763535	2763798
1	2763940	2765013
1	2765006	2765377
1	2765732	2766595
1	2766687	2767508
1	2767725	2768426
1	2768703	2769146
1	2769170	2769637
1	2771340	2773043
1	2773941	2774399
1	2774408	2774890
1	2775137	2775454
1	2776168	2780748
1	2697685	2697945
1	466636	467454
1	467607	468065
1	209679	211820
1	212331	213629
1	213678	213932
1	213925	214125
1	214291	214836
1	211877	212266
1	932447	936436
1	793079	793867
1	1386954	1387919
1	798845	799798
1	797809	798804
1	1051070	1051300
1	1051290	1051463
1	1051512	1052585
1	765207	767183
1	767201	769834
1	745158	745949
1	2063243	2063788
1	668519	669130
1	669154	669795
1	1985531	1985782
1	1228706	1229617
1	506510	507304
1	507442	507783
1	508099	510603
1	510865	511797
1	511800	513092
1	461139	463010
1	463161	463532
1	463626	464024
1	464076	464771
1	474603	475175
1	475206	475595
1	513217	513624
1	513625	514083
1	514080	514997
1	515143	515820
1	515807	516586
1	516649	517503
1	517564	518373
1	519640	522054
1	535810	536688
1	530519	531445
1	502700	503920
1	914575	915270
1	442828	443739
1	442275	442865
1	440773	442221
1	2987957	2988382
1	2362576	2363001
1	1952602	1955031
1	1955056	1956156
1	2007845	2008513
1	2480198	2481361
1	2478660	2480198
1	2486045	2487190
1	2798156	2798497
1	2798745	2798990
1	2798987	2799397
1	2795542	2796066
1	3090959	3091522
1	3091522	3091938
1	3122258	3123481
1	373092	374105
1	378830	379105
1	381963	383159
1	385431	386198
1	384456	385418
1	386195	387022
1	383283	383840
1	740298	741779
1	742050	742793
1	742816	743472
1	743466	744398
1	744388	745122
1	745946	746992
1	747144	748205
1	748202	748930
1	748945	751392
1	837753	838430
1	838472	840754
1	841019	841279
1	841555	842481
1	842478	844703
1	850237	851820
1	852406	852873
1	852870	853988
1	854047	854967
1	855186	856778
1	857019	858284
1	858436	859251
1	859397	861829
1	194903	195664
1	234027	234782
1	234816	235538
1	239419	240189
1	262914	263231
1	263972	264430
1	265334	265777
1	266408	267229
1	267321	268184
1	268513	269406
1	274549	275952
1	275939	276871
1	281481	282410
1	282425	284392
1	284619	286001
1	286013	287623
1	4603827	4604063
1	287628	288386
1	1399834	1401279
1	1401279	1402589
1	1402765	1403673
1	1404003	1404566
1	1406074	1407057
1	1409037	1409972
1	1410024	1411259
1	1411261	1411476
1	1417789	1418265
1	1418389	1418685
1	1418708	1419130
1	1419143	1420000
1	1420007	1420753
1	4061626	4062318
1	1433784	1434917
1	1391251	1392864
1	2041675	2042472
1	2042962	2050038
1	2054882	2055598
1	2056227	2057714
1	2072803	2074335
1	2074332	2074778
1	2074841	2075062
1	2075136	2075504
1	2075593	2075967
1	2077056	2077385
1	2085353	2086282
1	2086328	2087152
1	2645348	2650309
1	2657925	2658311
1	2659665	2660153
1	545904	547571
1	1957304	1957870
1	2095345	2096325
1	2096471	2097637
1	1718414	1718848
1	1717900	1718367
1	1101769	1102419
1	1101375	1101764
1	1100934	1101350
1	1100074	1100907
1	1104184	1104516
1	1342781	1344766
1	3193342	3194775
1	2663457	2664737
1	915696	917354
1	913181	914080
1	897741	898868
1	1379971	1380876
1	1644429	1644761
1	1161470	1161847
1	1161861	1162502
1	1162483	1163307
1	1163318	1164343
1	1164366	1164908
1	1167423	1168055
1	1168296	1168553
1	1168635	1169597
1	1173315	1174388
1	1174650	1175849
1	1175842	1176543
1	1176543	1177787
1	1177816	1178727
1	1178743	1179582
1	1179702	1180490
1	1180487	1180948
1	1193050	1193511
1	1193521	1194174
1	1196090	1196755
1	1196756	1197460
1	34300	34695
1	2660605	2661345
1	2662412	2663266
1	2664729	2665868
1	2666028	2666918
1	2667054	2668415
1	2668412	2668930
1	2668930	2669250
1	2669247	2670059
1	2670069	2671271
1	2687693	2689120
1	2671368	2671790
1	2671838	2672710
1	2672722	2673783
1	2673849	2674847
1	2674872	2676383
1	2676406	2677389
1	2677486	2680767
1	2680885	2682078
1	861835	862734
1	862865	863527
1	866743	868614
1	868634	870172
1	870190	871110
1	871113	872024
1	872202	874550
1	874558	875886
1	875933	877258
1	877471	877854
1	877965	879080
1	879077	879703
1	1852120	1852878
1	1853015	1853995
1	1854005	1854952
1	1854957	1855793
1	1855814	1856857
1	1856874	1858253
1	1858280	1859356
1	1859726	1859998
1	1823164	1823649
1	1862806	1863660
1	1863750	1864496
1	1864932	1866866
1	1866979	1868262
1	1868409	1869884
1	1871598	1872101
1	1872376	1872822
1	1872779	1873600
1	1873697	1874878
1	1874933	1875280
1	1875739	1876764
1	1877031	1877279
1	1877613	1877972
1	1878145	1878783
1	1878910	1879833
1	1879936	1881021
1	1881212	1882657
1	1882689	1883813
1	1883869	1884834
1	1887975	1888556
1	1888596	1889291
1	1889349	1891259
1	1891391	1891735
1	1892157	1892456
1	1896451	1898049
1	1898053	1899609
1	2787007	2787984
1	2795233	2795532
1	2797186	2797635
1	2807639	2808376
1	2814534	2814962
1	2814959	2815525
1	632809	633969
1	633970	634599
1	634572	635792
1	635939	636841
1	637050	637796
1	641311	642549
1	644340	645803
1	645854	646732
1	646707	647258
1	647262	648794
1	648805	649713
1	649710	650006
1	653085	653765
1	653806	655191
1	240343	240816
1	264844	265311
1	291546	292172
1	292444	293142
1	293169	294023
1	294363	294803
1	294920	296320
1	296994	297950
1	297960	300158
1	300155	301111
1	301108	301797
1	302215	302829
1	303719	304429
1	304398	306041
1	306031	308556
1	308582	309250
1	309308	309895
1	2134128	2135267
1	2133679	2134122
1	2131514	2133676
1	2130582	2131421
1	2130091	2130579
1	2128877	2130094
1	2127685	2128902
1	2126928	2127674
1	2126364	2126912
1	2118184	2119578
1	2116704	2118182
1	2115148	2116428
1	2111458	2112351
1	317900	319225
1	320832	321551
1	323920	324588
1	333749	334246
1	334504	335109
1	337549	338967
1	339389	340339
1	340349	341731
1	342108	343157
1	344628	344873
1	345708	345983
1	350439	351890
1	351930	353816
1	393730	394353
1	397096	398190
1	420210	421583
1	436385	437359
1	437539	439401
1	443907	444398
1	444526	445890
1	531675	532157
1	532235	533050
1	536857	538311
1	538371	539732
1	539789	541090
1	541112	542257
1	542485	543270
1	543281	544516
1	544538	545587
1	548850	549665
1	568125	569651
1	570116	570667
1	570677	571474
1	571689	572144
1	572307	572597
1	573179	573562
1	576621	576836
1	576836	577333
1	577330	577791
1	577823	578116
1	578407	578817
1	579103	579309
1	592551	593993
1	605174	605422
1	605488	606606
1	650021	651079
1	651458	653116
1	674793	675770
1	675934	676641
1	676638	678065
1	678075	678629
1	678731	679438
1	679435	680886
1	680946	682616
1	690129	691007
1	691097	691564
1	691561	692601
1	692754	694178
1	694324	695499
1	707557	708963
1	709013	709339
1	783105	784046
1	784160	784540
1	799982	801034
1	801110	802543
1	802726	804987
1	814962	815870
1	819107	819811
1	820016	820729
1	820765	821721
1	882015	882611
1	884169	884453
1	884539	885354
1	885354	886562
1	886646	887182
1	887357	889042
1	889312	889689
1	892180	892656
1	897212	897700
1	903175	903690
1	903816	904139
1	904136	904966
1	904963	905976
1	906075	907505
1	907516	908517
1	910405	911373
1	911385	913037
1	917351	918343
1	918458	919573
1	919570	921516
1	882896	884128
1	946452	947882
1	947883	948791
1	954095	955855
1	955985	956677
1	968612	969844
1	970975	971868
1	982298	982846
1	982873	983520
1	993264	994055
1	994066	995211
1	995208	996167
1	996160	996735
1	997091	997630
1	997713	998414
1	998439	1001039
1	1001030	1002100
1	1002112	1002654
1	1002662	1003177
1	1005175	1005717
1	1005714	1006823
1	1007067	1009175
1	1015762	1017522
1	1014119	1014682
1	1020361	1020990
1	1020953	1023106
1	1026334	1026996
1	1027169	1027582
1	1027627	1027944
1	1028002	1029192
1	1029287	1029565
1	1043453	1043899
1	1043887	1045026
1	1045072	1047168
1	1047168	1047914
1	1047911	1048555
1	1048662	1048967
1	1475645	1476250
1	1476250	1477146
1	1477162	1478919
1	1492172	1493095
1	1493312	1494655
1	1497493	1498473
1	1500481	1501149
1	1501741	1502889
1	1507532	1507948
1	1515413	1515586
1	1524271	1524888
1	1524964	1525176
1	1531306	1531875
1	1532048	1532893
1	1542408	1542743
1	1550422	1550706
1	1555136	1556062
1	1556055	1557041
1	1557038	1557934
1	1557931	1558953
1	1558955	1560505
1	1560519	1561100
1	1561358	1563757
1	1563782	1565164
1	1565528	1566847
1	1577657	1578814
1	1578866	1580548
1	1580950	1581711
1	1582231	1584510
1	1584844	1585758
1	1585817	1586320
1	1586333	1586863
1	1596641	1598233
1	1598312	1599265
1	1599514	1601049
1	1601043	1602071
1	1602071	1603063
1	1603075	1604097
1	1604124	1604999
1	1605023	1605313
1	1605370	1606128
1	1606132	1607046
1	1608931	1609878
1	1609990	1610349
1	1610349	1611275
1	1611339	1612727
1	1612828	1613709
1	1613787	1614902
1	1626376	1627062
1	1627477	1628937
1	1631063	1631329
1	1631646	1632236
1	1632334	1632909
1	1635071	1635481
1	1637054	1637551
1	1637548	1638081
1	1638078	1638389
1	1638394	1638609
1	1640513	1641265
1	1641279	1642328
1	1643921	1644226
1	1635633	1635806
1	1627239	1627442
1	1653371	1653697
1	1653832	1654173
1	1654771	1655481
1	1655589	1655894
1	1656093	1658519
1	1658580	1661003
1	1661014	1661631
1	1661633	1662487
1	1662530	1663144
1	593983	594666
1	1067734	1069062
1	1069083	1069577
1	1069588	1070178
1	1070188	1070988
1	1070996	1071382
1	1071394	1072086
1	1072086	1073234
1	1081466	1082593
1	1085329	1085742
1	1085744	1087069
1	1087062	1089080
1	1089089	1091512
1	1092099	1093457
1	1095066	1096052
1	1097109	1098047
1	1098102	1098839
1	1098863	1099417
1	1099519	1100010
1	1104637	1104948
1	1105043	1105576
1	1105578	1106999
1	1107007	1108164
1	1636479	1636691
1	1123341	1124549
1	1126029	1126952
1	1127062	1128597
1	557435	557977
1	558197	558889
1	558920	561523
1	561559	562542
1	1210903	1211226
1	1212551	1213282
1	1213487	1214698
1	1216551	1218074
1	1225823	1226191
1	1226294	1226695
1	1226904	1227230
1	1227302	1227961
1	1228038	1228499
1	1239558	1241294
1	1242403	1243014
1	1241389	1242303
1	1243016	1243750
1	1248348	1248980
1	1248991	1250061
1	1250289	1252208
1	1252308	1255175
1	1338267	1338575
1	1341621	1342370
1	1387894	1388622
1	1355826	1357211
1	1357514	1358932
1	1359144	1359908
1	1368240	1369919
1	1369933	1371225
1	1371246	1372127
1	1372114	1372956
1	1372987	1374039
1	1374058	1374846
1	1374856	1375911
1	1375908	1378175
1	1378172	1378831
1	1380987	1381985
1	1382141	1383538
1	1388957	1389877
1	1390015	1390914
1	1392915	1393946
1	1902825	1903283
1	1803349	1804107
1	1805424	1805714
1	1806721	1807257
1	1807404	1808072
1	1808235	1808825
1	1808958	1810349
1	1810353	1811156
1	1811445	1811687
1	1821539	1822426
1	1822386	1822961
1	1823979	1824947
1	1824940	1826283
1	1826280	1827758
1	1827755	1828789
1	1828786	1830006
1	1831425	1832135
1	1832140	1832817
1	1832832	1833539
1	1833539	1834087
1	1834097	1835263
1	1835236	1836771
1	1836771	1837424
1	1837491	1838798
1	1838807	1839427
1	1839514	1839921
1	1839887	1840159
1	1841855	1842895
1	1903712	1904278
1	1960604	1960996
1	1906285	1906572
1	1735480	1735569
1	1907332	1908123
1	1913655	1914152
1	1914282	1915565
1	1918247	1919686
1	1919804	1920040
1	1920145	1920336
1	1920337	1920993
1	1921389	1921730
1	1921743	1922615
1	1922619	1922993
1	1923464	1924120
1	1924144	1924806
1	1950290	1950685
1	1950726	1951469
1	1951466	1952437
1	1963067	1964215
1	1986246	1986569
1	2023535	2024350
1	2024347	2026041
1	2031143	2031508
1	2034818	2036176
1	2036176	2036847
1	2036980	2037393
1	2037502	2038506
1	2038507	2039142
1	2039399	2040049
1	2040392	2040922
1	2135926	2137509
1	2147063	2149009
1	2149209	2149670
1	2149735	2150496
1	2150493	2151152
1	2152040	2153287
1	2153287	2156409
1	2156410	2159487
1	2163213	2163545
1	2163692	2165053
1	2166013	2166330
1	2175534	2176586
1	2176843	2178120
1	2178117	2179121
1	2179118	2180083
1	2180057	2180803
1	2180855	2181673
1	2181738	2182538
1	2182535	2183323
1	2183546	2183818
1	2183939	2184763
1	2184982	2185320
1	2231622	2231861
1	2232055	2233293
1	2266876	2267589
1	2268001	2268567
1	2268748	2270304
1	2325389	2326165
1	2326170	2327819
1	2332358	2332981
1	2356064	2356867
1	2356885	2358174
1	2358231	2359436
1	2359451	2360233
1	2360453	2361655
1	2361755	2362297
1	2363950	2365089
1	2365093	2366061
1	2366061	2368043
1	2368040	2368930
1	2368930	2370582
1	2370914	2371300
1	2382017	2383744
1	2384956	2385459
1	2385732	2386448
1	2386657	2387079
1	2405583	2406800
1	2406884	2407483
1	2410122	2410616
1	2410699	2411154
1	2416656	2417198
1	2417256	2417810
1	2417863	2418507
1	2418643	2419290
1	2419730	2420623
1	2420671	2421561
1	2436964	2438142
1	2439786	2441792
1	2441913	2442191
1	2442225	2442773
1	2446628	2447179
1	2447250	2448071
1	2448073	2448612
1	2448609	2449097
1	2449094	2449606
1	2449606	2450358
1	2453105	2453668
1	2454349	2454834
1	2455037	2457181
1	2457181	2458491
1	2458672	2458956
1	2461034	2462092
1	2465877	2466239
1	2466236	2467156
1	2467153	2468484
1	2469099	2469539
1	2471626	2471988
1	2472054	2472878
1	2473006	2473542
1	2473533	2473895
1	2473895	2474200
1	2488278	2489972
1	2487264	2488208
1	2490026	2491276
1	2491789	2492424
1	2493072	2493314
1	2496693	2498390
1	2498405	2499139
1	2499152	2500009
1	2500012	2502507
1	2502532	2503569
1	2503569	2504654
1	2504669	2505916
1	2505938	2506264
1	2507652	2508908
1	2509490	2510728
1	714635	715129
1	2523952	2524878
1	2535771	2536505
1	2542774	2543631
1	2543795	2544691
1	2544695	2546119
1	2546124	2547428
1	2547668	2548567
1	2548663	2549238
1	2549299	2549748
1	2549735	2550160
1	2528269	2529255
1	2553250	2553750
1	2553763	2554422
1	2556880	2558088
1	2558279	2558920
1	2559390	2559635
1	2559647	2560015
1	2560133	2560549
1	2560546	2561139
1	2561614	2561991
1	2562002	2562394
1	2562545	2563354
1	2563503	2564906
1	2564903	2566129
1	2566346	2567533
1	2567523	2568359
1	2568370	2569773
1	2569785	2570072
1	2570179	2570472
1	2570511	2571527
1	2571524	2572327
1	2572324	2573025
1	2573000	2573479
1	2573492	2573827
1	2574120	2576399
1	2579756	2580799
1	2591094	2591792
1	2591866	2593881
1	2593896	2594759
1	2495079	2496317
1	2614116	2615579
1	2615600	2615959
1	2616097	2616798
1	2624717	2626960
1	2627312	2627503
1	2627814	2628332
1	2628348	2628887
1	2633621	2633836
1	2633906	2635378
1	2635496	2636674
1	2636685	2637305
1	2643035	2645347
1	2601869	2602816
1	2602833	2604272
1	2604284	2604934
1	2604939	2606519
1	2606509	2608176
1	2608186	2608731
1	2608728	2609486
1	2609479	2609892
1	2609922	2611934
1	2611956	2612804
1	2612842	2613903
1	2734168	2734905
1	2717245	2717943
1	2717975	2720635
1	2739897	2740415
1	2745984	2746775
1	3187903	3188652
1	3188654	3189718
1	3190230	3190859
1	3190886	3192547
1	594823	596196
1	596354	596686
1	596702	597925
1	476291	477841
1	478005	478475
1	478591	479142
1	485760	489122
1	922136	922456
1	1050684	1050896
1	1211926	1212330
1	1200010	1200255
1	1200720	1201061
1	1200999	1201307
1	1201482	1202156
1	1202491	1203048
1	1203045	1203383
1	1206136	1206720
1	1304845	1305174
1	1321244	1322125
1	2379630	2380547
1	2380735	2381946
1	1347004	1348131
1	2419347	2419709
1	2057988	2058938
1	2059040	2059957
1	1130241	1130657
1	1130661	1131065
1	1131077	1131772
1	1131797	1133005
1	1133025	1133780
1	1133952	1134734
1	1136594	1137535
1	1960996	1963074
1	371339	372148
1	1244383	1244823
1	2462274	2463029
1	317555	317791
1	398249	398557
1	398817	399029
1	1050186	1050398
1	264528	264767
1	2775475	2775804
1	572144	572314
1	969896	970078
1	1215012	1215248
1	1215291	1215563
1	1215592	1215858
1	1215971	1216219
1	1221528	1221857
1	1266147	1266539
1	1395389	1395646
1	1355447	1355692
1	1423401	1423664
1	1443711	1443896
1	1506858	1507088
1	1554089	1554304
1	607059	607211
1	1702973	1703188
1	1875302	1875556
1	1877427	1877609
1	1892576	1892755
1	2026212	2026394
1	2794892	2795050
1	3248099	3248398
1	1959996	1960484
1	3739132	3739605
1	3975548	3976627
1	4013377	4014192
1	4020241	4020756
1	303077	303406
1	309970	310560
1	311336	311563
1	311738	312001
1	793996	794145
1	773419	773532
1	2774899	2775099
1	263480	263956
1	263250	263471
1	262552	262893
1	1118530	1118670
1	1119924	1120178
1	1204772	1204954
1	1207355	1207768
1	1243951	1244205
1	10643	11356
1	1218206	1218424
1	4350931	4351104
1	4528278	4528556
1	2370579	2370914
1	4374576	4374722
1	4266832	4267035
1	1333315	1333482
1	613165	613383
1	572953	573093
1	571591	571692
1	2087235	2087489
1	1067304	1067477
1	4190660	4190860
1	3476614	3476814
1	2525963	2526181
1	2166736	2167635
1	3582427	3582582
1	4374340	4374465
1	469860	471641
1	2263063	2263317
1	2492720	2492995
1	2768467	2768703
1	577550	577732
1	1905472	1905615
1	1906647	1906790
1	5234	5530
1	2509023	2509349
1	21181	21399
1	2023010	2023237
1	1635978	1636133
1	1702575	1702700
1	1306812	1306985
1	1515123	1515218
1	1620670	1620765
1	2588829	2588888
1	3774194	3774403
1	4610151	4610312
1	2590784	2590984
1	3723436	3723735
1	4302151	4302426
1	3851576	3851665
1	1268391	1268498
1	1269461	1269568
1	3698003	3698110
1	4311891	4312220
1	851894	852163
1	2474332	2474532
1	1143725	1144045
1	1202247	1202447
1	1221867	1222211
1	1872102	1872206
1	1507310	1507486
1	1803189	1803296
1	1906949	1907188
1	2213679	2213786
1	2355838	2356023
1	3838238	3838531
1	4531819	4532076
1	3645728	3645856
1	311598	311738
1	1222213	1222386
1	1222487	1222672
1	238257	238736
1	4237800	4238078
1	1342460	1342633
1	2301628	2301792
1	1333184	1333312
1	4504471	4504596
1	709862	709948
1	1581786	1581983
1	77388	77519
1	1985897	1985983
1	3192788	3192847
1	3054912	3054971
1	3193163	3193222
1	2151373	2151432
1	2151705	2151761
1	3948530	3948580
1	4390915	4390968
1	312365	312466
1	1344820	1344924
1	1463189	1463254
1	1876898	1876972
1	1876797	1876895
1	1944139	1944204
1	2085076	2085138
1	2227004	2227087
1	2903579	2903719
1	2987841	2987921
1	3030839	3030964
1	3305875	3305955
1	4051670	4051780
1	1637104	1637358
1	2698139	2698219
1	3923767	3923998
1	3680184	3681470
1	3869873	3871021
1	3119656	3121827
1	3780665	3781684
1	141431	141967
1	3476824	3478629
1	3369106	3370596
1	603994	604647
1	2051667	2052983
1	434858	435835
1	4550924	4552384
1	4552599	4553372
1	2522067	2522900
1	3729154	3730146
1	3733002	3734180
1	1353491	1355134
1	1352529	1353494
1	1351652	1352542
1	2799370	2801514
1	1489986	1490153
1	1129427	1130086
1	1134787	1135485
1	1135497	1136594
1	2015970	2016413
1	369501	370445
1	370448	371329
1	366811	367644
1	572594	572956
1	3424980	3425055
1	2516178	2516253
1	2516063	2516138
1	2815806	2815882
1	563946	564022
1	2464331	2464405
1	3980398	3980474
1	2042573	2042648
1	2057875	2057950
1	2060284	2060359
1	236931	237007
1	1989938	1990011
1	475672	475785
1	696088	696162
1	695765	695839
1	695979	696053
1	695653	695727
1	4207797	4207872
1	2727391	2727466
1	4173696	4173770
1	2997006	2997079
1	3980532	3980608
1	3425098	3425174
1	3213620	3213695
1	3320094	3320180
1	696186	696270
1	4494428	4494512
1	1989839	1989925
1	779777	779852
1	2519275	2519350
1	696280	696356
1	695887	695963
1	2945629	2945705
1	3316235	3316311
1	2945409	2945485
1	2311106	2311198
1	4360574	4360649
1	3108388	3108463
1	3706639	3706715
1	2284233	2284309
1	3980758	3980834
1	3268238	3268614
1	3939831	3941372
1	3425243	3426784
1	4206170	4207711
1	2727638	2729179
1	223771	225312
1	3421445	3421564
1	3834245	3834339
1	1030848	1030935
1	2041492	2041581
1	2816575	2816667
1	4047922	4048030
1	3054005	3054187
1	2753615	2753977
1	4173777	4173852
1	4173411	4173486
1	3421602	3421677
1	262095	262170
1	3944980	3945055
1	1286761	1286845
1	4173495	4173579
1	1286467	1286551
1	1744459	1744535
1	1744540	1744616
1	1647406	1647458
1	4156308	4156417
1	2023251	2023337
1	2922178	2922537
1	2056051	2056126
1	2783784	2783859
1	780800	780875
1	780592	780667
1	1490143	1490198
1	16952	17006
1	2940718	2940923
1	1286289	1286459
1	3578950	3579039
1	4049059	4049303
1	189712	189847
1	852175	852263
1	887199	887277
1	1145812	1145980
1	1268546	1268612
1	1269616	1269683
1	3698159	3698224
1	1403676	1403833
1	1435145	1435253
1	1921090	1921338
1	1921188	1921308
1	77367	77593
1	2069339	2069542
1	2151333	2151475
1	2151668	2151803
1	2165138	2165224
1	2651877	2652180
1	2689179	2689362
1	2812824	2812901
1	2974124	2974211
1	2974326	2974407
1	3054871	3055010
1	3192745	3192887
1	3236396	3236583
1	3309247	3309420
1	3348599	3348719
1	3662887	3662991
1	3984455	3984626
1	4275950	4276089
1	3851141	3851280
1	1489467	1489530
1	3193121	3193262
1	2031673	2031763
1	506428	506511
1	2698542	2698618
1	2732175	2732317
1	4577858	4577934
1	4526000	4526089
1	4188350	4188510
1	271804	271878
1	1620841	1620938
1	1407153	1407274
1	606957	607015
1	2885376	2885431
1	4516550	4516825
1	4516744	4517247
1	380575	380940
1	314515	314814
1	314811	315677
1	4500126	4501454
1	4505489	4506640
1	3718703	3719224
1	3719221	3720072
1	15445	16557
1	3331162	3331473
1	3330884	3331141
1	1150838	1151074
1	1014938	1015105
1	2555340	2556701
1	2554432	2555319
1	377686	378795
1	3322085	3322933
1	15445	16557
1	19811	20314
1	20233	20508
1	269827	270978
1	314515	314814
1	314811	315677
1	380575	380940
1	390963	391829
1	391826	392125
1	566065	566364
1	566361	567227
1	607288	608400
1	1049056	1049331
1	1049250	1049753
1	1093498	1094364
1	1094361	1094660
1	1466808	1467173
1	1976542	1977045
1	1976964	1977239
1	2067839	2068204
1	2168260	2168559
1	2168556	2169422
1	2512353	2513465
1	2995257	2995622
1	3184209	3184574
1	3581506	3581781
1	3581700	3582203
1	4496295	4496660
1	4505489	4506640
1	4516550	4516825
