Sphingopyxis_sp_MC1_gi_489138704_ref_NZ_
1 414
Sphingopyxis_sp_MC1_gi_489130951_ref_NZ_
1 512
1184 1316
1904 2784
4779 7510
9189 9681
10655 10710
11388 12070
12637 13368
14046 14451
15249 16274
17015 17347
17954 18627
20124 20392
21154 21520
22689 22927
23607 24086
24670 25514
26243 26725
27364 28096
28699 30351
33177 33659
36036 37684
38523 40097
41403 41799
42307 42361
42927 44571
45147 45382
46018 46089
46746 46816
47710 47819
50235 50562
51721 51894
52847 53192
53809 54752
55465 55539
56146 57622
58836 58892
59411 59900
61298 62821
63568 64099
64658 64718
65449 65574
66774 67638
68402 69629
70326 70432
70942 72798
75195 75555
76472 77954
79476 80193
81308 81364
82186 82423
84937 85031
86392 87172
88326 89368
90057 90699
93855 94407
94950 95904
96423 96688
97315 97376
98288 100581
101539 101875
103413 103864
104579 105928
107518 107790
108958 109944
110637 110731
112003 112118
112792 112847
113483 114233
114762 115224
115960 116082
117420 119090
119978 121047
121690 122085
122672 123175
124336 124546
127538 130893
131764 133245
133943 134154
135323 135411
137605 137736
138248 138709
140073 140131
140865 141859
142431 143674
144392 144508
146504 147565
148918 149809
151122 151958
153417 153655
154226 154862
155378 156305
157833 158616
159614 160125
161005 162114
163087 163567
165506 167046
167927 168907
169914 170426
171307 171423
172606 172807
174098 174460
174975 175418
175991 176786
177309 177590
179060 181014
183385 183515
184376 184474
186280 186581
187088 187313
187846 188141
189509 189823
190805 191295
193002 194677
196421 196509
197757 198241
199837 202493
204219 204519
205023 205078
205888 207016
207588 208161
208692 209228
210254 211063
211568 211622
212701 212979
213513 214054
215380 215950
217032 217563
218121 219568
220154 220218
220956 221537
223142 223445
225230 225732
226546 226604
227133 229184
229740 229793
231068 231259
231793 231907
234127 234304
235900 236204
237569 238263
239172 240157
240731 241408
241972 243394
244392 246009
246595 246714
251138 251300
251992 252046
252588 253905
255001 255484
256096 256585
257885 257974
258774 259134
259954 261524
262300 262529
263811 263980
267792 270059
270831 270969
271730 274323
275301 275391
276397 278966
280204 280309
280843 280971
282379 283185
283885 284341
285874 286562
287527 287968
288942 289262
292537 292877
294000 294273
294774 294856
295364 295776
296336 297225
298332 298406
299121 299506
301983 303469
304075 304820
305498 306633
307259 308110
308931 309023
309986 311916
313349 313411
313930 314165
316035 316800
317686 319718
320334 323540
325279 325399
327402 329795
332108 332179
334067 334610
337699 338210
338774 340867
343639 344668
346869 346959
347535 347623
348529 348598
349216 349267
349877 349970
350532 350946
351452 351565
352966 353046
353738 355464
356584 357008
358447 358923
360248 360317
361003 362886
364186 364698
365449 366306
367187 367629
372122 372209
372784 372866
374115 374721
377945 378547
379053 379183
381086 381137
382158 382452
383961 384232
384782 385213
386263 387469
388396 388484
389431 389895
390791 392154
392970 393033
393928 395729
396493 397468
398306 398681
399236 399288
400109 400296
400813 402793
403446 403611
406092 406145
407018 407443
408787 408868
410552 411779
412282 412608
414773 414823
415352 415412
417658 418635
420809 421327
421882 422390
423442 425023
425640 425898
426475 427161
429565 430215
431464 431582
432375 432628
433354 434454
435764 436065
437525 437911
439069 439434
439944 440692
441194 441465
443249 443847
444409 444851
445806 446732
447244 448476
449378 449914
450534 450705
453675 454479
455073 455510
456480 456658
457705 458072
459822 459918
461005 461352
462300 462496
463135 463186
463986 464492
465152 465245
467635 468577
469518 470458
471798 471848
472793 472892
473437 473930
474562 475363
476502 477942
479344 480944
481623 482529
483098 483220
484007 484086
484948 485356
485872 486227
488585 488699
489511 490543
491071 492154
493720 494023
496768 497315
498147 498948
499593 500873
502341 504451
508290 508441
508959 509118
509702 509751
510346 510467
511891 512068
512666 512809
513669 514372
515123 515726
516845 518474
519198 519468
520048 520790
521725 525320
525863 526492
527132 527413
528239 529691
531293 531864
533630 533716
534256 537053
537820 537917
538526 538706
539970 541803
543609 544225
545570 546457
547351 548856
549942 550589
554279 555184
556548 560376
563091 563469
564662 564991
565568 566394
567386 567514
568159 568587
569755 570365
571863 572500
574468 574543
575396 575664
576319 576388
577323 579068
579641 580310
581988 583110
583675 584466
585907 586926
587975 589028
589825 590167
590711 590844
593612 593775
596756 597348
598705 598756
599261 599679
600474 601208
602302 602356
603375 604051
604897 606639
608194 608577
609128 609766
611458 611623
612755 613193
614969 615509
616698 617428
618677 619900
621164 621540
622105 622175
622704 623474
626019 626992
630402 631717
632356 632696
634472 637513
638328 638536
639786 640689
641323 641425
642735 643079
644274 644327
645432 646183
647035 648176
650512 651881
652397 652786
653367 653563
654411 655967
Sphingopyxis_sp_MC1_gi_489138839_ref_NZ_
1 504
Sphingopyxis_sp_MC1_gi_489137403_ref_NZ_
1 1973
4595 5750
6264 7277
10513 10939
11949 12915
14312 14373
15447 16388
17615 17754
18936 19417
19937 20013
21054 21624
22172 22311
23214 23280
23989 24117
24871 26086
27298 27362
28228 29528
30373 30698
31480 33269
34119 34489
36783 37749
38961 39091
39951 41094
41623 42166
43003 44847
46552 47824
48727 48809
49427 50125
52257 52847
55042 55435
57195 57556
59403 59571
61592 62271
62819 62988
63563 64931
66794 66873
67382 67567
68448 70684
72123 72468
73133 73632
74377 74458
75010 75447
76007 76087
79936 80312
81379 81809
82417 82997
83705 83913
84767 84824
86099 86534
87222 87461
88265 88757
89823 90362
91558 92377
92921 93548
94529 95423
96301 97915
99032 99623
100142 100720
102705 103875
104620 106161
108640 110308
111164 111226
111737 115657
117016 117532
118579 120157
122561 123037
124860 125007
126022 126084
127939 128776
129354 129971
131192 131326
132806 132981
133757 133984
134850 135263
135897 136086
137311 138284
139258 140156
144303 145626
146133 147403
148014 149359
150308 150771
151374 151488
152114 153103
154868 155867
157838 158007
158765 161976
162967 163020
164321 164985
167238 167834
168834 170425
171818 172899
173592 174006
175033 176681
177390 177512
179154 179598
180213 180605
181534 181809
182570 185750
186983 187277
188162 188479
189263 190431
191300 191579
192283 192713
193523 195825
196402 196662
198168 199734
202509 204873
206612 207144
207699 207863
209573 210376
214292 214350
215903 216207
218989 220130
222754 223106
223822 224389
225113 226762
227612 228701
229780 232228
235333 235709
237164 237303
238029 239005
239946 240653
243239 243348
243853 244495
246967 247619
249186 249673
250205 250757
251464 252040
252547 253027
253947 256457
258713 258814
260796 261105
262208 262293
262942 264212
264717 264922
266361 268163
269641 270549
271976 272075
272635 273348
274117 274719
277499 277748
278531 278992
280425 281287
282002 282362
282875 283481
284247 285687
287284 287533
288864 288945
289557 290257
290771 291096
291932 293964
294724 294792
296412 296733
298135 298197
299023 299752
300285 300430
301215 302098
Sphingopyxis_sp_MC1_gi_489139047_ref_NZ_
656 706
Sphingopyxis_sp_MC1_gi_489133619_ref_NZ_
1 712
2229 2577
3544 3974
5154 5775
6864 7271
8004 10474
11577 11984
12562 12970
13712 14539
16599 17097
19212 19297
20621 22060
23031 23995
24593 25125
25915 27258
28462 29115
30920 31980
34471 35411
35947 36058
36617 36740
38229 38946
40276 40574
41400 41449
43270 47388
48215 48393
49498 49549
51049 53785
54777 55939
56837 57404
59208 60495
61188 61537
62063 62355
63173 64063
65124 66150
66847 66974
69498 69564
70592 71800
73005 73480
74167 74808
75330 75677
76437 77028
77848 77982
78681 79341
79860 83279
85466 86978
89323 90153
91133 92527
94202 94623
95396 96311
96991 97351
98711 98915
100167 101648
103664 104668
105383 105520
106861 109188
110412 111393
112421 112679
113203 114374
118231 118661
119903 121379
122608 124044
124667 126522
128225 129493
130336 130823
131333 132546
133406 133621
136030 136189
137219 137275
138054 138152
139035 139724
140245 140547
141066 141203
141934 142069
143423 145531
146741 147388
148216 149719
150389 151143
152310 152859
154089 154752
156787 156873
158325 160069
161378 163011
163843 165094
165809 167882
168412 169053
169705 170414
171194 171480
171984 172350
173002 173510
175170 175706
177758 178103
179772 180319
182950 183077
183675 184218
186007 186661
188514 189355
191456 192171
195663 195717
196971 197513
198793 199156
200236 200311
201118 201425
202062 202733
203482 204383
205543 206832
209206 209863
210403 210636
211222 212584
213130 213200
213749 214600
215278 215672
216402 216796
217309 217542
218463 218890
219418 220085
220618 220722
222011 222137
224161 224853
225994 226132
227261 228525
229175 230004
231912 232238
232945 233568
235842 236073
236675 237011
237809 238737
239356 239761
240362 241251
242573 243580
245782 245869
246930 246994
247650 247741
248384 249604
250173 250273
250836 251524
252235 253207
253742 254304
254811 256094
257025 258542
260047 260169
261631 261759
262545 262786
263974 266245
269663 270343
271338 274414
275635 275962
276491 276546
278711 278960
280724 281324
282474 283562
284469 285394
286029 286143
286709 286759
287568 287633
289310 291151
292809 293362
294890 295154
295862 296285
297240 297836
300372 300588
302850 302929
303918 304115
304620 305053
Sphingopyxis_sp_MC1_gi_489138992_ref_NZ_
1086 1241
2703 3598
4970 5588
6645 8041
8783 10536
11701 11889
12423 12508
14970 15233
15890 16041
17452 17583
18502 20855
22950 23954
24728 24843
25358 25927
27953 28348
29430 31413
32400 33106
34228 34705
35715 36137
38832 39105
Sphingopyxis_sp_MC1_gi_489135109_ref_NZ_
1 76
649 1050
3034 5139
6014 6705
7217 8646
9283 11649
12718 12941
17219 19065
19915 20666
24042 24604
26108 26404
30281 30924
32202 32787
33888 34542
36319 36843
37882 40043
41026 41515
42203 43275
43788 45380
46175 46669
47645 47712
48644 48758
49500 50253
50952 51136
52040 52605
54367 54605
55226 56302
56905 57373
58028 61481
62259 64050
65644 66090
66765 67090
69905 70185
71819 72756
73993 75610
76238 77640
79854 80214
80976 81833
83637 83754
84984 86522
87135 87835
88408 90676
92445 94202
94861 94932
96234 96284
97509 98210
99655 99715
100288 100657
103641 103826
104403 104594
105453 106642
109040 110659
112737 114091
115298 116685
117774 119335
121317 121826
122716 122783
123695 123825
124366 125226
125887 125940
126844 126904
127460 127818
128885 129294
130155 130281
131057 133649
135287 135826
136459 136643
139250 139308
140540 141567
142538 143039
143965 144587
145380 146439
146945 148336
149683 150136
151481 152983
153512 153970
154995 157350
158037 158962
160852 161652
163289 163368
165594 167953
168960 169451
170159 171120
172357 172413
173971 174482
177316 178137
180984 181646
182361 184242
185328 185447
186163 187869
188432 188956
189806 190250
191294 191360
192540 193289
193906 194214
195486 195655
196804 197270
199673 202888
204411 204821
205558 208020
208617 208846
209888 210681
211183 211489
212005 212303
213352 213407
214347 216404
217438 217991
220042 220945
222382 222936
224467 225852
227037 227860
229710 229881
230565 230786
231846 232547
233284 234566
235737 235814
236859 236981
237816 237867
238476 240297
241211 242099
243617 243743
245432 245833
246883 247710
249194 249359
250190 254769
255403 255940
258220 258723
259720 260576
262487 262864
264722 266619
267612 268038
269781 270198
271148 271571
272243 272463
273536 273597
274460 277429
278971 279074
281208 282441
283039 283871
284712 284775
285309 285602
286544 286640
288329 289454
291713 292137
292883 293545
294551 294663
298088 298522
299226 300220
300792 300984
301905 302055
302935 303569
306438 306730
309180 309601
312051 312505
313227 313642
314230 314844
315487 315877
317144 317930
322500 323279
324099 324319
325278 328260
329348 329833
331920 332742
333303 334785
Sphingopyxis_sp_MC1_gi_489140718_ref_NZ_
1 161
2154 3098
3821 5404
6217 6751
7508 7798
8528 9062
9789 10439
11189 11301
11937 13794
14681 14737
15693 17227
17815 17995
18521 19195
20247 20381
21964 22413
24244 24633
25227 25693
26849 27326
30175 30297
32014 33079
34057 34127
35000 35642
36209 37077
37788 38550
39362 39529
40088 40811
41424 41499
43351 43408
44150 45813
46866 48689
49495 50848
52148 54923
56129 56569
57727 57887
59821 60282
60906 61614
62340 63879
64484 64627
65430 65528
66619 67049
67617 67681
68627 68725
69767 69825
70557 70998
71754 71864
73936 74001
75135 75199
75703 75822
78093 78843
80950 81179
82011 82067
82973 83289
84399 84869
86157 86239
86977 87968
89760 90448
91348 92102
94239 94401
96009 96121
98654 98878
99650 99809
100370 101625
102257 102471
103288 103409
105142 106123
107080 107777
108591 108740
109550 110713
111398 111561
112501 112739
113628 114786
115475 115582
117277 117731
Sphingopyxis_sp_MC1_gi_489132705_ref_NZ_
1 152
1829 2212
3589 3670
5985 7012
8150 8211
9309 9559
10404 10666
11522 12574
13183 13883
15263 16655
17314 19043
19622 20009
21979 22941
23486 25414
26091 27310
28562 30236
30790 31388
32118 32257
33148 33404
33914 35329
36127 36307
36946 37512
39432 40602
42559 42852
46120 47072
47831 48654
49965 52004
53885 54282
55054 55121
55863 56288
57091 57439
58184 58335
58959 59984
60658 61858
63224 64209
64733 66234
69691 71263
72473 72863
74414 77273
80707 81117
81665 81768
82353 82978
84256 84690
86874 87287
88054 89627
90264 90542
91100 92533
93071 94257
95772 97817
98523 99078
100003 101023
101626 101861
103314 103442
104530 106834
110920 111453
112738 112792
114069 114252
115169 115928
116756 118396
119126 119585
120170 121821
122616 124245
126151 126620
127541 128272
128853 129005
129739 130149
130784 131289
132513 132843
133497 134091
134719 135617
137517 138015
140067 140646
141912 142824
143484 143685
145793 147099
147977 153377
153913 154819
155386 158413
158997 159562
162642 163886
166058 166228
168092 168556
169123 169793
171226 171551
172317 172396
174624 174848
175350 175422
177452 178311
178848 180734
181295 181713
182744 183098
186239 187888
189422 192310
193072 194869
195572 196152
196968 197209
198605 198798
199324 200950
202407 203742
204516 205449
206425 206823
207557 210327
211512 212029
214440 214843
216233 216327
217402 217578
218646 220749
221318 222167
223813 224491
226781 232433
233201 234960
235649 236266
237642 238146
240013 240219
243326 243775
244945 245009
247525 248387
248929 249234
249807 250344
252157 253329
254084 255111
256014 256837
259143 259556
260087 260191
261027 261146
261839 261918
263053 263258
264799 265310
265993 266672
267973 268439
269341 269834
271023 271105
273712 274804
275361 275771
276658 279096
279599 279662
281220 282604
283496 283689
284375 285703
287383 287870
288620 288743
289988 290207
291121 291954
293201 293775
294499 295554
296113 296235
296930 297968
299367 300377
301290 301689
302419 304189
305294 305350
306028 306090
307406 307715
308588 310504
312308 312934
314843 315475
316218 316724
317498 317960
319641 319844
320534 322089
325071 325130
325949 326026
326564 326679
327540 328488
330296 331621
332414 332828
333632 334195
334856 335261
335921 336222
336984 339943
341687 341998
342894 342993
343697 345538
346818 347005
347519 347955
349110 350434
353961 354046
354896 356556
357145 357966
359116 360187
362062 362903
364385 364557
365268 365386
366711 367627
368301 368368
368908 369036
369640 370443
371000 372300
373381 373983
374864 375476
376250 376735
379013 379263
380633 381783
382432 382535
385395 385925
389089 389243
392075 392188
393566 394375
395488 396959
399113 400515
402284 403245
404316 405201
406046 407612
408868 409196
410034 410130
410733 411836
412359 412887
413656 414372
414877 415976
417136 417858
418700 418809
419767 421490
422012 422688
423609 426179
426879 427626
431713 432292
435640 435714
436762 437853
441981 443145
445764 446799
447512 448290
448851 449823
450354 451517
454560 455519
456489 456592
458467 459724
462534 463162
463698 464564
465128 465781
466422 466589
467154 467215
468152 468211
469824 470668
472382 472904
473414 473546
474434 475139
476547 476870
477932 478076
478838 479163
480088 480218
481052 481101
481794 482370
483088 484327
485234 485529
486951 487796
488413 489460
491937 492553
493106 493738
494316 494382
496061 497505
498322 498506
500106 500351
502434 502515
503354 503528
504515 504786
505798 505857
506589 506723
507538 507625
508424 508983
509550 510029
511174 512844
513448 513821
515063 515614
517047 517411
520650 520745
521263 524097
524868 527348
528360 529299
530432 531366
532125 532194
532753 533776
537044 538031
539525 539738
540594 540755
541402 542084
542948 543149
543757 545896
547839 549451
550426 551472
552157 553357
553863 553931
554439 554519
555201 556302
557029 557092
558316 558621
559654 559942
561597 563137
566460 566525
567259 567731
569199 569538
570657 570709
572084 572275
573682 573818
574430 574684
575351 575682
577962 578587
580165 580251
581303 582756
587254 587549
588466 588572
589160 589854
590869 592893
594204 594287
595176 595395
596148 596884
597916 598150
598747 598804
599311 601243
Sphingopyxis_sp_MC1_gi_489135343_ref_NZ_
1 141
1247 1968
2737 5844
6405 7030
7608 8099
8715 10156
12708 13227
14678 15264
15848 16224
17031 18907
20949 21539
22200 22329
23468 24039
24679 25623
26442 26881
27920 28492
29685 31071
32515 33097
33626 33728
34326 36724
37877 38527
39940 41174
42729 44121
44809 44905
46472 47452
48111 48313
48955 49954
52622 52955
55249 56987
59109 59223
60024 60132
61730 62063
62855 63224
64767 65817
Sphingopyxis_sp_MC1_gi_489141135_ref_NZ_
1 288
1816 2947
3843 3893
5496 5611
6145 6348
7710 7762
8591 8903
9679 9741
10711 12130
12800 14523
15602 16236
17546 17668
18348 18772
21864 23492
24067 24591
Sphingopyxis_sp_MC1_gi_489142006_ref_NZ_
1 1103
2817 3115
3671 3925
5035 5267
6990 7275
8132 8323
9402 9504
10495 11185
14027 14520
15364 16839
18987 19888
21027 21146
23412 23781
25388 25475
26549 27297
28098 28675
30030 30527
31851 31962
32993 34258
36267 36673
37537 38434
42467 43477
44131 44525
45481 45810
46811 48794
51174 51306
51936 53323
54420 57251
57959 58358
59439 59796
61633 62226
63919 64422
65125 66016
66681 66738
68034 68145
68963 70033
71544 72102
73725 74934
76092 76479
78051 78146
78718 79127
81296 81707
82510 82569
83344 84075
84696 85450
86367 87767
88869 89444
90556 91261
92493 92602
93915 94006
95565 95973
97479 97586
98741 101009
103853 104086
104702 106973
107979 108537
109071 109510
110101 111503
113639 116540
117198 118116
119250 119344
120900 123296
124483 124573
126807 127121
130142 130713
131618 133887
135126 135987
137060 138483
138997 139465
139991 140623
141267 141804
142322 142802
144099 145750
146546 147442
148889 148965
149582 150053
152953 153760
156328 156419
156956 157070
160946 161605
162990 163216
163981 165390
166985 167201
167980 168253
168951 170728
172603 172886
175698 175760
176562 177703
178556 178769
179429 180202
180776 181249
182098 182149
183122 183830
184883 186447
187240 187913
188593 189225
190815 192351
193451 193879
195547 196063
196982 197240
198085 198445
198965 199152
200479 201040
201680 202260
203313 203388
203956 204322
205097 207460
208004 208300
Sphingopyxis_sp_MC1_gi_489141072_ref_NZ_
1 54
976 1237
Sphingopyxis_sp_MC1_gi_489139870_ref_NZ_
2276 2578
5026 5214
5731 6069
6629 7378
7907 8516
9430 9485
10040 10484
11151 11761
12914 13726
16725 17026
18617 19966
20611 20707
21973 23445
24175 25992
26837 28075
29475 30398
31049 31862
33150 33568
34628 35933
37109 37181
38415 39682
40382 40888
41710 41902
43048 43645
44300 45461
46605 46880
47857 48077
50255 50412
53933 54473
55218 55513
57769 57847
60690 61046
62745 63521
65985 67530
68429 68751
69977 70435
70964 71063
71650 72108
72743 73496
74372 74990
76043 76137
79546 79901
81786 82514
84137 84209
86649 87612
88424 89322
91518 91583
93066 93662
94560 97600
Sphingopyxis_sp_MC1_gi_489139498_ref_NZ_
1 770
1600 1890
5024 5488
7485 8901
10253 10505
11067 14624
15266 16193
17395 18384
18929 20128
20761 21723
22263 23125
24046 24095
25207 26034
28859 29011
30256 30928
32857 33866
34436 35302
35903 36365
37944 38380
39083 39615
41937 42360
44008 44775
48889 49048
50367 51328
52090 52609
53360 54066
54920 55120
56243 56903
57568 57662
58911 59744
60480 60557
62534 62777
63626 63677
64446 68368
69400 69856
70719 70801
73577 74855
76268 76646
80344 80929
81815 82727
83500 83853
86402 86953
88921 90113
90797 91265
92944 93276
94514 95278
95807 97097
98938 99353
99943 101212
101993 104306
104887 106186
107311 108790
110594 111256
112064 112320
114413 114610
116677 117014
117970 118355
120501 120636
121712 126802
Sphingopyxis_sp_MC1_gi_489142610_ref_NZ_
1 540
2110 2778
4594 5226
6158 6311
7059 7281
7817 7873
8540 8881
9955 11140
12642 13807
15098 15223
17176 17367
18157 19117
20169 21898
22769 24344
25529 28073
29773 30044
30623 31323
32007 32315
Sphingopyxis_sp_MC1_gi_489143075_ref_NZ_
839 2622
4884 5202
6195 6756
8419 8830
12138 12389
15207 16061
17445 17784
18985 20391
22395 22968
24263 25328
27645 28250
28809 29474
30166 31524
35387 36096
36800 37345
37861 38284
38859 39775
40632 41439
42983 44304
46048 46578
47136 47448
48342 49504
50012 50574
51373 51707
52455 53102
54163 54258
55394 55665
56234 56592
57377 58671
59824 60604
61516 61611
62352 62785
64329 64738
65861 65926
68288 68533
69294 70902
71424 71818
72433 72724
73306 75951
76885 77394
79378 80628
81645 81701
82366 83233
84161 84643
85452 85613
86442 86515
87343 87436
88181 88397
88962 89050
89859 91020
93409 93714
94959 95210
96058 97383
98165 98387
99041 100185
102120 103290
105007 106841
108507 108887
Sphingopyxis_sp_MC1_gi_489129128_ref_NZ_
1 875
3202 3458
4168 4226
5466 7423
10380 10676
13998 14467
15365 16512
17531 18026
19644 20655
21192 22686
23233 24010
25259 25954
26480 26739
27655 27949
29052 29574
30684 31897
33046 33168
34766 35084
36035 36415
40268 40410
41409 41458
42444 43124
46014 47881
48499 48722
49571 51159
52316 52993
54078 55068
56048 56102
57109 57630
58348 59638
60272 61374
62103 63252
64368 65803
66392 66815
69355 69430
70487 70789
71585 72558
73318 74738
75388 76044
76993 77096
78809 81135
84281 84366
87632 88395
89335 89867
91367 91915
95188 95352
98466 99182
99713 99883
100498 100581
102881 104325
107442 107529
109718 110769
111544 111596
113537 114672
115724 116706
117907 118488
119090 121832
122919 123456
Sphingopyxis_sp_MC1_gi_489140968_ref_NZ_
1 268
2908 3381
4680 4760
6588 6720
7433 7626
8229 8279
8825 8957
9791 9908
10718 11658
13036 13540
14215 15495
17288 17762
18300 18901
19714 20129
20859 20962
21991 22142
23801 23899
24461 25318
26170 26716
29500 29569
30915 31322
33570 34310
35166 36696
37369 39760
40505 41119
42588 42641
43358 43495
44935 45255
45774 46777
47657 48438
49362 49477
52124 52651
53203 53965
54553 55450
56559 56871
57468 58631
59215 59543
60162 61982
Sphingopyxis_sp_MC1_gi_489141330_ref_NZ_
566 797
1453 1513
Sphingopyxis_sp_MC1_gi_489138205_ref_NZ_
1 770
1343 1929
2887 3173
4485 5245
6024 7517
8293 8650
11320 14636
17391 17836
18735 19541
20772 20887
22012 22211
22878 23884
25241 25677
26363 26540
27456 28333
28849 29049
31775 33984
35858 36853
37397 37447
38298 38607
39792 40908
41811 42337
43136 43237
44707 44862
46071 47236
48579 49219
49849 50551
51616 51707
54667 55292
57884 58949
61202 62912
64134 64708
66786 67110
69232 69657
72125 72202
75426 75914
79228 79722
80274 80742
82484 83865
86108 86455
87063 88052
89662 90415
91608 91699
94979 95465
95979 96204
97094 97297
98038 99770
101668 102114
102878 103340
104297 104354
105496 105640
106513 107893
109512 110493
111977 112527
113105 114426
117195 117479
118968 119302
119894 120683
121275 121684
122573 122649
123358 123686
124281 124452
125148 125206
125789 126607
127834 128992
130488 131615
132992 133232
134013 134122
134768 135231
136435 136538
137220 138124
139390 139481
140809 141364
142931 146269
146907 147093
148081 148151
151654 153001
153556 154493
155744 157780
158518 158628
159381 159475
160074 160992
163186 163589
164092 164179
165169 165232
166707 168332
168979 169084
172038 173542
174141 175368
177814 177875
178544 179529
180275 180416
181323 181375
181993 182072
182640 182943
184041 184158
184694 186224
188584 189295
189810 189898
190637 191172
191982 192700
193716 194177
195181 195352
197959 200396
201322 201595
203590 203989
205047 205661
207286 207799
208639 209410
209934 210583
211591 212286
213166 214084
214906 215057
216398 216864
218019 218820
219794 219893
220424 221758
222426 223723
224228 226539
228190 228461
229579 229717
230491 231774
234624 234707
235436 235617
237111 238014
240169 241178
242371 242647
243391 244792
245789 246562
247784 248666
249194 250817
251364 251801
252305 252507
254895 255037
Sphingopyxis_sp_MC1_gi_489141243_ref_NZ_
1 544
Sphingopyxis_sp_MC1_gi_489134126_ref_NZ_
3676 4473
5037 6446
7627 8507
9367 9821
10635 11243
11963 12261
16143 16193
17918 18976
20050 20298
22439 23666
25899 25971
28579 30452
31027 31911
35326 35907
37187 38108
39203 39412
40410 40581
41126 41769
45944 46067
47022 47136
48181 48391
49161 49295
51366 51707
52259 54222
54966 55829
56352 56772
57704 60193
61147 61645
63202 65257
67269 67325
69594 73025
73620 74020
76185 78218
78760 79301
79974 81449
82023 82182
83634 84712
85427 85495
86214 86388
86967 87413
89134 90009
91425 93143
96330 96909
97535 97976
99525 99601
100322 100468
101557 103709
104532 105638
106227 109549
110187 110257
113742 113922
115403 116211
116816 117841
119063 121059
122096 124483
125770 125922
127331 128152
130574 131183
131818 132069
132702 133538
134087 134373
135536 136832
137963 138771
139303 139356
140179 142055
143256 146234
146993 148049
148845 150913
151433 152942
156798 157167
157672 158836
159476 159719
160692 160832
161914 161975
164132 165409
167125 167746
168274 168651
169485 171227
174538 175499
176333 177166
177740 177859
179808 180660
181439 181642
182668 182984
