Sphingopyxis_sp_MC1_gi_489138704_ref_NZ_
1 414
Sphingopyxis_sp_MC1_gi_489130951_ref_NZ_
1 845
1184 1316
1904 3041
3921 8011
8792 10149
10654 11416
11659 14451
14973 19201
19971 25702
26243 26824
27265 28177
28699 32689
32820 33979
34708 57622
58176 62821
63425 64099
64632 64718
65449 65730
66266 78576
79275 81364
82186 82423
83098 83478
84019 84624
84713 85599
86170 87298
88326 96688
97315 97580
98174 100870
101539 102560
103170 106655
107270 110841
111232 112902
113483 123592
124336 133335
133936 136659
137605 143732
144392 152655
153017 154862
155366 156380
157734 158616
159506 162117
162672 167108
167927 169960
170274 170426
171066 171915
172510 183515
184376 188144
188715 195884
196421 196509
197720 216214
217032 219568
220121 223558
224872 233841
234127 235008
235900 239398
239653 240230
240731 247246
248452 249426
250485 250656
251032 254374
254998 257974
258475 261748
262300 264021
264571 265125
265701 265808
266493 270862
271595 275719
276397 281763
282379 285228
285866 289881
290376 292877
293830 297324
297916 301001
301700 303475
304062 309025
309986 316965
317686 324839
325218 325773
326728 331244
332004 332866
333507 338583
338767 340867
341412 341609
342190 349970
350479 351565
352387 355464
356352 359335
359985 360317
361002 363379
363908 370010
370559 371726
371839 372209
372784 373208
373714 375160
375684 376012
377136 380009
381013 382631
383210 387594
388109 388772
389301 393675
393928 398681
399236 414823
415352 416242
416310 416431
416854 419081
419739 422565
423436 425023
425532 429599
429816 436580
437525 448476
449153 452856
453438 458072
459061 460190
460325 467253
467635 468577
469338 471211
471798 475403
476022 486227
486789 486858
488582 490543
491071 492265
492527 494236
494789 494976
496235 496516
496768 499022
499424 511336
511629 518606
519113 533716
534256 539074
539970 544886
545406 565063
565138 573541
574077 576367
577002 586926
587568 590844
591410 592131
592655 599710
600466 601342
601880 602479
603138 608577
609128 613235
613870 623474
624024 629368
629478 631843
632356 637534
638180 638913
639178 641961
642496 643288
643869 649752
650498 652911
653320 655967
Sphingopyxis_sp_MC1_gi_489138839_ref_NZ_
1 504
Sphingopyxis_sp_MC1_gi_489137403_ref_NZ_
1 2580
3416 3802
4316 9754
10433 13580
14227 14462
15031 29528
30373 45787
46516 48224
48727 53230
55042 58844
59403 65266
66684 71501
72051 78712
79352 84138
84767 85479
86027 90783
91447 101890
102480 107868
108640 110308
111164 115657
116549 121224
121731 121814
122561 123709
124860 125009
125699 126084
126646 127166
127689 128825
129354 131902
132806 133984
134506 136597
137183 141164
141859 142650
142911 142964
143329 143572
143823 148570
148721 149359
149901 153805
154383 156862
157111 165076
165746 166041
166783 167834
168804 171203
171738 175133
175312 178146
178718 180874
181467 185876
186591 187624
188132 196719
196946 199871
199942 200388
201023 205065
205782 205962
206532 207144
207699 208568
209190 210376
211526 216296
217144 217562
218351 221336
221725 226762
227612 229054
229696 232228
232767 233023
234398 241803
242624 246056
246329 249673
250203 250757
251246 253202
253730 256616
257505 258194
258713 261305
262002 264923
265529 269012
269641 276267
277441 282593
282875 288074
288669 291416
291932 297383
298011 299397
299666 300430
301039 302098
Sphingopyxis_sp_MC1_gi_489139047_ref_NZ_
1 706
Sphingopyxis_sp_MC1_gi_489133619_ref_NZ_
1 811
1665 15317
15556 17176
17840 19297
20096 25125
25915 27290
27996 32420
33234 33950
34471 38946
39465 40842
41400 42330
42973 51160
51439 54275
54777 62559
63080 66267
66536 82880
83106 87096
87876 92719
93290 93417
94202 96311
96991 99472
100167 111393
112182 114042
114149 114374
114948 119333
119903 122128
122608 124044
124667 127248
127716 132890
133406 145880
146589 147659
148216 149719
150227 156560
156752 169159
169694 173164
173391 173952
174416 174863
174990 175823
176136 179114
179698 180976
182280 184532
185094 186661
187178 191667
191983 192868
193372 197622
198308 200523
201118 202792
202868 203053
203482 207164
207764 207887
208164 214600
215278 221118
221670 222899
223953 226132
226881 230590
231091 234834
235389 236507
236624 237011
237609 241386
242573 244042
244121 244675
245228 245869
246433 251633
252201 253207
253742 254304
254811 260169
260745 261896
262545 266408
266875 274744
275333 285394
286029 288475
289310 296287
296960 297668
297781 299658
300051 301629
302281 303188
303721 305053
Sphingopyxis_sp_MC1_gi_489138992_ref_NZ_
1 3598
4661 10536
11268 12905
13216 15420
15838 16740
17257 18239
18447 20205
20460 21131
21416 21715
22232 22390
22704 28349
29322 33602
34228 37404
38518 40216
Sphingopyxis_sp_MC1_gi_489135109_ref_NZ_
1 76
649 2196
2961 5139
5835 8782
9094 15350
15871 16216
17219 20666
21000 21209
21750 22917
24042 25599
26108 27839
28417 29049
29644 29755
30281 31021
31602 33046
33707 40212
41026 41515
42090 51179
51910 52605
53311 61751
62028 64335
65062 67639
68324 68607
69132 83754
84444 90817
91479 91873
92445 98210
98804 101240
101550 108205
108793 110103
110221 111089
111988 119749
120430 120762
121317 123022
123607 125234
125708 127889
128050 131652
131864 133928
134450 136949
137562 138707
139250 139664
140241 146439
146945 154118
154682 158962
159483 162652
163166 164788
165334 169451
170159 172413
173626 176695
177243 180180
180465 184805
185328 190850
191294 194334
195372 196490
196721 198081
198743 212917
213352 216449
216952 218676
219570 223047
224444 228699
229282 231370
231846 232774
233284 235985
236542 237424
237764 239483
239723 242064
242645 244660
245421 246066
246883 248434
248974 252195
252449 261270
261446 261633
262103 262864
263963 267091
267305 268829
269071 270927
271058 271571
272224 272778
273473 280014
280893 284778
285309 289454
290800 292360
292883 294987
295650 296460
297293 308455
309029 310291
311075 311340
312051 312565
313227 316815
317144 319088
319613 320217
320738 321914
322500 324319
325190 328260
329080 331137
331920 335593
Sphingopyxis_sp_MC1_gi_489140718_ref_NZ_
1 543
1150 1367
1883 5630
5956 7798
8315 11496
11565 16329
16561 17227
17815 19485
19997 20048
20190 27821
28499 33219
33920 37093
37788 41671
42285 42752
43351 43508
44085 55093
55606 59423
59752 61614
62225 65528
66042 67049
67617 73264
73791 74573
75135 76577
76669 79561
80065 98065
98606 104358
104899 106649
107064 107842
108457 117731
Sphingopyxis_sp_MC1_gi_489132705_ref_NZ_
1 356
871 990
1543 4827
5985 6055
6441 7065
7615 8601
9194 11884
11973 14091
14190 21430
21979 26326
26559 41346
42261 44499
45465 57679
58184 64209
64733 66843
67413 67976
68700 71538
72060 81843
82123 83548
84131 84786
85392 85690
86342 102469
103151 103581
103991 107516
107971 108891
109540 111852
112503 113343
113893 124742
125928 126356
126490 142992
143290 143684
144760 145256
145793 147288
147977 152692
152922 154960
155059 159562
160100 160817
161339 165465
165840 172396
172996 182002
182796 184142
185332 188539
189172 196177
196280 198158
198317 205556
206105 212978
213587 215731
216233 222646
223474 224511
225604 236540
237642 239369
240002 240755
241564 241755
242352 242405
243079 244439
244945 264201
264546 265310
265993 270263
271023 272365
272608 278289
278491 279917
281220 282604
283377 283689
284375 284631
284864 287011
287286 287870
288422 290254
290515 292700
293201 301927
302274 304612
305292 310504
311110 313165
313608 314178
314843 316349
316466 316724
317498 318547
318680 322143
322724 329311
329934 331758
332053 335313
335921 340154
340906 342332
342894 350606
351192 363189
363727 363795
364254 372457
372867 375663
376250 382823
383657 389461
389979 390269
390941 391430
392075 396959
397544 398421
399113 408254
408799 409196
410034 429741
430332 431310
431662 437894
438133 441417
441981 444394
445277 453285
453918 460646
461183 463372
463627 467215
467899 468363
468590 471399
472107 472904
473414 475692
476547 479271
480059 493738
494316 497764
498322 501481
502140 510029
511174 513821
514396 531470
532015 533971
536192 536449
537044 538280
539221 561039
561597 563634
564242 564330
565034 568668
569199 573818
574430 576077
576554 576704
577929 578587
579224 580387
581026 582756
583959 584948
585806 595395
596148 597224
597532 600751
601119 601243
Sphingopyxis_sp_MC1_gi_489135343_ref_NZ_
1 507
1247 1969
2534 10156
11282 13227
14417 19568
20949 28606
29227 33097
33626 44980
46058 50257
51811 54055
55249 59279
60024 60388
61075 65817
Sphingopyxis_sp_MC1_gi_489141135_ref_NZ_
1 930
1541 2947
3462 8019
8454 14894
15602 16236
16755 19215
20191 20756
21315 24591
Sphingopyxis_sp_MC1_gi_489142006_ref_NZ_
1 6024
6149 8496
9200 14800
15335 17845
18892 21825
22355 22470
23246 24136
24209 27439
27944 32127
32630 34928
35531 36908
37537 38591
39345 39576
40343 40784
41960 45871
46558 51530
51936 58937
59333 59796
60370 62226
62746 70103
71317 73135
73702 76650
77215 80529
81170 89542
90556 91958
92493 92602
93319 96104
96713 97586
98124 103085
103693 117089
117168 118263
118737 119344
120515 123296
123867 123943
124483 124734
124826 136396
136938 148965
149582 154103
154802 156560
156934 161688
161886 162434
162728 173771
174266 175760
176562 178769
179429 182161
183122 187586
187855 194674
195284 196185
196292 202373
203040 204583
205097 208300
Sphingopyxis_sp_MC1_gi_489141072_ref_NZ_
1 54
609 1237
Sphingopyxis_sp_MC1_gi_489139870_ref_NZ_
1 1152
2077 2965
3108 10628
11013 14032
15074 15586
16094 19966
20204 21102
21534 28885
29475 31887
33150 37181
37726 43645
44300 48314
48698 51566
52762 53407
53933 55936
56284 57123
57629 59175
59903 61090
61592 64660
65247 71063
71650 72108
72639 76233
76996 78091
79325 80710
81786 82514
83114 83490
84137 84680
85214 90133
90784 92495
93012 98730
98941 99272
Sphingopyxis_sp_MC1_gi_489139498_ref_NZ_
1 903
1580 4379
4966 21723
22263 22590
22918 24803
25078 28098
28859 36464
37026 42512
43913 45740
46018 51327
52090 54104
54786 59865
60375 60738
62000 62905
63474 66018
66258 71523
72078 83105
83435 91556
91895 92409
92944 93999
94326 97586
98140 101212
101867 105124
105274 111409
112064 115523
116053 126802
Sphingopyxis_sp_MC1_gi_489142610_ref_NZ_
1 540
1553 6507
7059 9162
9837 11271
11832 13810
14967 15639
16720 17787
17982 28978
29632 32315
Sphingopyxis_sp_MC1_gi_489143075_ref_NZ_
1 2846
3250 5269
6033 20391
22211 29741
30016 32208
33028 33268
34200 34431
35334 44304
45162 46578
47005 47616
48212 54666
55269 55665
56234 60612
61516 62785
63516 66373
66828 71818
72433 75380
75575 77911
78197 83233
84065 85750
86442 89282
89859 92324
93409 95218
95321 97383
98061 106841
107493 108887
Sphingopyxis_sp_MC1_gi_489129128_ref_NZ_
1 2766
3048 8313
8975 9846
10380 10963
11309 16831
16933 34249
34766 40738
41300 45357
46014 57811
58177 63994
64335 66393
66621 67225
67735 68766
69355 76481
76993 82407
82532 84453
84843 85966
86510 90069
90366 92125
92544 93913
95156 95463
95577 97914
98066 101407
102205 105651
106322 107825
108924 115162
115352 122244
122711 123456
Sphingopyxis_sp_MC1_gi_489140968_ref_NZ_
1 1473
2133 4760
5502 9549
9640 16540
17288 20129
20859 26826
27367 29569
30194 32830
33525 39852
40505 41204
41471 44275
44801 50912
52124 55747
56295 61982
Sphingopyxis_sp_MC1_gi_489141330_ref_NZ_
1 1513
Sphingopyxis_sp_MC1_gi_489138205_ref_NZ_
1 8650
9225 14983
15858 16190
17069 24469
25241 33984
34495 35343
35855 37545
38298 43871
44555 59025
60453 68609
69232 70373
70497 70747
71012 72598
73242 73317
74015 74619
74915 78026
78314 78626
79137 84702
85215 90415
91068 91772
92354 93299
94020 94457
94979 96204
96831 100451
101185 103458
104117 105913
106433 108087
108858 110219
110377 114625
115108 115763
117184 117603
118968 124618
125148 129160
129778 133232
134013 141842
142931 143876
144234 154809
155744 157780
158409 169878
170488 178330
178498 180679
181323 182943
183462 184409
184687 187892
188577 194598
195181 196189
197220 200396
200962 201910
202897 206669
207286 215809
216253 216951
217559 223723
224228 225812
225943 227055
228082 231774
232368 232508
233325 235735
237111 241178
241745 241797
242371 242941
243391 252583
253235 255037
Sphingopyxis_sp_MC1_gi_489141243_ref_NZ_
1 1237
Sphingopyxis_sp_MC1_gi_489134126_ref_NZ_
1 234
799 6531
7143 12261
12858 13895
15805 16602
17252 20298
20814 23808
24368 24798
25249 25971
26619 27198
28076 34881
35290 35907
36479 38508
39170 39530
40118 47332
48030 64649
64856 75345
75864 79335
79883 82182
82881 84782
85097 85869
85965 93503
94055 94143
94562 94628
95149 95660
96227 101706
101974 111323
112028 113257
113508 116287
116816 126195
127248 128367
129604 132069
132702 134991
135536 142055
142612 145823
146047 160140
160692 162348
162988 165587
166538 173514
173855 175832
176333 178238
178780 181756
182477 182984
