Sphingopyxis_sp_MC1_gi_489138704_ref_NZ_
1 414
Sphingopyxis_sp_MC1_gi_489130951_ref_NZ_
1 65661
66165 82513
83040 87275
87788 136989
137572 143770
144304 156557
157156 167314
167879 235051
235592 265884
266463 290777
291333 325773
326495 376437
377136 422592
423174 458468
459061 495609
496202 655967
Sphingopyxis_sp_MC1_gi_489138839_ref_NZ_
1 504
Sphingopyxis_sp_MC1_gi_489137403_ref_NZ_
1 14491
15031 53288
54330 91021
91538 100826
101350 141501
142026 210670
211218 233600
234417 302098
Sphingopyxis_sp_MC1_gi_489139047_ref_NZ_
1 706
Sphingopyxis_sp_MC1_gi_489133619_ref_NZ_
1 6038
6568 38953
39455 99538
100101 111404
112182 119318
119849 237090
237609 241551
242309 285394
285970 305053
Sphingopyxis_sp_MC1_gi_489138992_ref_NZ_
1 40725
Sphingopyxis_sp_MC1_gi_489135109_ref_NZ_
1 22997
23750 30977
31494 51353
52007 138641
139175 194728
195261 289507
290100 335593
Sphingopyxis_sp_MC1_gi_489140718_ref_NZ_
1 19352
19973 46246
46760 95081
95587 117731
Sphingopyxis_sp_MC1_gi_489132705_ref_NZ_
1 66901
67466 77579
78244 165455
166012 236404
237043 241755
242337 282630
283203 375522
376152 409473
410028 432749
433264 519215
519828 531560
532101 534580
535129 538323
539008 576077
576588 601243
Sphingopyxis_sp_MC1_gi_489135343_ref_NZ_
1 54343
54985 65817
Sphingopyxis_sp_MC1_gi_489141135_ref_NZ_
1 24591
Sphingopyxis_sp_MC1_gi_489142006_ref_NZ_
1 7294
7831 24786
25366 80580
81102 92630
93133 134568
135069 208300
Sphingopyxis_sp_MC1_gi_489141072_ref_NZ_
1 1237
Sphingopyxis_sp_MC1_gi_489139870_ref_NZ_
1 14248
14768 43651
44269 99272
Sphingopyxis_sp_MC1_gi_489139498_ref_NZ_
1 36477
37104 42987
43740 59801
60359 92269
92776 126802
Sphingopyxis_sp_MC1_gi_489142610_ref_NZ_
1 32315
Sphingopyxis_sp_MC1_gi_489143075_ref_NZ_
1 7526
8144 36154
36662 60808
61334 108887
Sphingopyxis_sp_MC1_gi_489129128_ref_NZ_
1 10702
11273 108284
108891 123456
Sphingopyxis_sp_MC1_gi_489140968_ref_NZ_
1 20195
20806 29679
30194 61982
Sphingopyxis_sp_MC1_gi_489141330_ref_NZ_
1 1513
Sphingopyxis_sp_MC1_gi_489138205_ref_NZ_
1 60099
60606 72598
73240 105929
106433 115944
116720 117687
118208 187683
188216 255037
Sphingopyxis_sp_MC1_gi_489141243_ref_NZ_
1 1237
Sphingopyxis_sp_MC1_gi_489134126_ref_NZ_
1 14640
15225 126611
127117 182984
