Sphingopyxis_sp_MC1_gi_489138704_ref_NZ_
290 414
Sphingopyxis_sp_MC1_gi_489130951_ref_NZ_
1 1316
1828 4274
4779 6208
6372 14783
15244 19116
19968 30029
30214 33979
34507 37865
38471 40188
40938 46636
47146 47794
48571 50706
51132 60250
60460 60582
60982 62821
63568 64099
64658 64718
65360 65640
66183 73583
73858 78576
79120 82492
83168 83441
84132 85645
86276 87273
87802 90742
91139 92131
92729 93184
93723 94407
94950 96688
97264 97376
98168 100874
101495 102560
103190 107800
108221 110734
111246 112894
113483 119332
119904 123741
124336 126471
127221 133245
133943 134154
135030 136714
137605 143732
144306 150749
150852 151960
152463 153655
154226 154862
155378 156311
157747 158616
159518 160126
160623 162117
162636 167163
167927 168482
168824 170667
171153 171423
172422 180259
180393 182259
182803 183866
184376 188141
188715 189180
189509 191295
191835 194819
195461 195893
196421 203450
203967 205078
205888 206406
206573 212979
213513 214756
215288 215950
216969 223538
224471 229793
230402 233578
234127 234379
234915 235008
235636 240222
240731 243394
243912 244553
244693 246153
246353 247246
248452 248873
249073 250066
251173 254057
255001 255484
256096 257315
257885 261680
262300 263208
263811 263980
265112 265873
267061 275842
276397 280309
280843 281864
282298 289881
291341 293146
293703 294424
294758 297302
297916 301203
301902 303475
304071 309027
309582 312583
313272 317097
317686 321015
321400 325713
326739 330512
330704 332179
333511 335648
335966 337200
337699 340867
341412 341609
342156 344813
345308 349970
350450 351826
352378 358923
359985 360317
360921 364308
364547 366481
366616 368838
369785 369964
370559 372209
372784 375227
375718 376378
377192 379183
379761 379988
381086 382600
383210 388772
389342 392154
392808 398681
399146 406466
407018 411973
412212 412971
413502 414253
414617 414987
415352 419145
419663 422146
422311 422390
423216 427453
428211 432629
433355 436640
437379 437911
438606 446732
447243 448476
449005 455615
456159 456750
457087 458097
459062 464492
465083 468577
469346 470458
470990 471296
471798 475363
476118 478527
479344 482198
482376 486311
488582 490543
491071 492154
492643 494235
494845 494961
496235 498953
499515 501231
501785 504967
505490 508455
508959 518474
519198 521092
521725 530046
530585 537917
538526 539060
539652 550650
551259 552507
553116 553330
553629 561727
562138 565063
565395 568272
568569 569028
569686 575953
576087 580310
581018 587548
587720 589307
589772 590844
591522 592115
592639 592722
592957 594796
594980 596084
596756 597498
598055 598756
599261 599681
600474 601302
601935 602443
603175 607262
607925 608577
609128 611623
612137 613194
613325 613691
614498 617768
618204 619900
621164 624873
625557 631719
632356 633368
634000 636316
636515 636605
636772 637513
638175 648794
649016 649408
650090 655967
Sphingopyxis_sp_MC1_gi_489138839_ref_NZ_
1 504
Sphingopyxis_sp_MC1_gi_489137403_ref_NZ_
1 2531
3058 3798
4316 7551
8069 9754
10391 11192
11794 14373
15061 20538
21054 24117
24758 29528
30373 41094
41623 45872
46516 47924
48725 48880
49374 51167
51728 53264
55023 55435
55732 55877
56466 58679
59344 65242
66521 71478
72033 76138
76874 78771
79416 84135
84767 85356
86099 90771
91472 92380
92921 93548
94119 100825
101422 106954
107513 107868
108640 110308
111164 120157
120817 121224
121752 125007
125579 126084
126661 128855
129354 131902
132806 133804
133944 136500
137100 138284
138870 141024
141445 141500
142074 143572
143823 147403
148014 149359
149909 150063
150308 153316
153623 153805
154510 157124
157838 158007
158344 163090
163662 164985
165774 168191
168721 170553
171140 171203
171761 176017
176369 176768
177309 178146
178677 185750
186983 187594
188162 191579
192136 200172
201028 205112
205692 205962
206537 208167
209190 210376
211550 212295
212870 214350
215903 216291
217186 217485
218133 220130
220697 221103
221680 223190
223739 223963
224129 230392
230534 230767
231059 232228
233360 233538
234444 237427
238029 241741
242624 250757
251464 256616
257438 257666
258713 261386
261927 264212
264717 264923
265557 269012
269641 273435
274050 274719
275020 276210
277098 279060
279623 285869
286406 288074
288739 295220
295872 297373
297922 298602
299023 300430
301213 301658
301882 302098
Sphingopyxis_sp_MC1_gi_489139047_ref_NZ_
1 706
Sphingopyxis_sp_MC1_gi_489133619_ref_NZ_
1 715
1754 2755
3544 5833
6864 11058
11576 12049
12562 13036
13362 15870
15988 17251
18305 25536
25897 27591
28130 29182
30354 32596
34116 36823
37160 38946
39465 40840
41400 41572
41942 42287
43153 50502
51010 51416
51628 54275
54777 62506
63109 64581
65124 77429
77705 79341
79860 87290
88128 88636
89171 92659
94202 96320
96991 98949
99372 99466
100167 109185
109538 111393
112255 114658
115177 117040
117242 119368
119900 124044
124582 126522
127197 127396
128222 132881
133405 134607
135277 137333
137503 142358
142856 146512
146730 149726
150209 154752
155287 157281
157577 160769
161378 173112
173391 175205
175366 175773
176439 179000
179628 180960
182081 186661
187178 187985
188514 190238
190576 192256
192769 195204
195560 195717
196350 197513
198308 201492
202003 202958
203456 204418
204940 206988
208569 211477
211607 218058
218463 221298
221670 222211
223973 226132
226908 230562
231131 232760
232863 233967
234377 234834
235399 237011
237660 238737
239356 240366
240570 241412
242573 244477
245228 245869
246437 251704
252235 260169
260763 262032
262545 266899
267442 274719
275320 276729
277411 277920
278711 279219
279515 285394
286029 287633
288455 291400
291889 293501
294145 295304
295862 296287
297131 299661
300372 301688
302244 303188
303721 305053
Sphingopyxis_sp_MC1_gi_489138992_ref_NZ_
1 10536
11476 11889
12423 12561
13288 15233
15890 16498
16774 24843
25358 28350
29278 37225
38832 40104
Sphingopyxis_sp_MC1_gi_489135109_ref_NZ_
1 5139
5923 6705
7217 10693
11235 15340
15928 16016
17219 20826
21750 22980
24042 25261
25427 29049
29759 30042
30281 31029
31656 33025
33837 37348
37666 42350
42645 48758
49500 51136
52040 64676
65062 65116
65644 70578
71167 71442
71779 77821
78322 78450
78953 79258
79854 81833
82393 82636
83277 83754
84444 90742
91293 96574
97429 98210
99537 100657
101842 107492
108793 111466
111918 115468
115726 116800
117329 118646
118980 119732
120255 123022
123612 127818
128885 136963
138061 138514
139250 139796
140220 143233
143965 144587
145075 146439
146944 148794
149562 152359
152531 159076
159641 162652
163195 165010
165594 166362
166713 167990
168299 172413
173027 174482
175157 176999
177289 178158
178835 185454
186163 190410
191248 191831
192387 194290
195486 195948
196290 197931
198601 199151
199673 203959
204336 209234
209522 213407
213946 214880
215187 216404
216952 217991
218550 218676
219572 226241
226831 227860
228440 228609
229282 230875
231846 232570
233221 235189
235737 236091
236428 240315
240865 242102
242608 243713
244270 244916
245432 246022
246598 247421
247663 248434
249099 252739
253027 258882
259629 260576
261446 262864
264546 266897
267093 271571
272044 273029
273514 278111
278970 279535
280492 284780
285288 289454
290800 292360
292883 294026
294548 294987
295597 297263
297886 298598
299226 301485
301905 302055
302561 307021
309035 310250
311075 311340
312051 312505
313065 316616
317144 318525
319683 320217
320890 322154
322490 323587
324099 324319
325190 328260
329147 330919
331791 335593
Sphingopyxis_sp_MC1_gi_489140718_ref_NZ_
1 505
1123 1559
2071 5404
5985 6877
7493 7798
8327 10439
10785 11301
11937 14106
14312 17230
17812 19351
19997 22490
23129 25918
26709 27793
28331 32228
32491 35642
36210 37077
37788 41671
42223 42749
43351 46175
46818 55680
56120 57887
58688 63879
64484 66087
66619 67049
67617 69119
69355 70661
70846 72446
72788 73123
73731 75822
76364 77062
77661 79413
79931 82206
82890 90448
90914 95038
95587 98026
98654 106561
107051 107982
108510 110713
111300 117731
Sphingopyxis_sp_MC1_gi_489132705_ref_NZ_
1 152
831 5336
5964 7012
7615 8601
9309 10072
10239 12574
13183 21430
21979 24751
24966 25414
25991 28024
28562 31439
32118 32485
33148 33426
33745 37579
37888 40097
40451 41091
41797 44346
45122 45566
46071 54416
54989 57669
58184 64301
64727 66285
67553 68118
68712 71880
72157 77553
78337 79849
80050 82978
84161 85013
85556 85690
86533 90542
91100 93564
93761 93873
94158 102322
103151 103566
104067 108891
109488 110220
110809 111843
112503 113119
113259 113394
114069 114252
114914 117806
118192 118396
119035 124554
125384 126620
126993 138243
139323 143699
144494 147245
147977 148258
148694 159562
160209 161448
161909 162035
162642 164815
164963 165394
166058 166228
166856 167061
167739 172402
173239 173998
174624 174848
175300 175903
176336 182143
182744 183279
183767 184138
185332 196152
196968 205023
205181 205445
206105 210793
211318 212891
213188 216330
217406 218184
218577 222946
223519 224491
225019 225632
225849 232652
233201 236340
237603 238820
240013 240958
241569 241725
243072 251582
251876 265316
265993 268439
269341 270831
271023 272346
273328 274807
275309 279096
279599 279917
281174 281425
281822 282604
283294 286344
286970 287870
288516 296235
296926 300379
300632 301913
302419 306330
307022 312934
313615 316724
317498 322107
322724 322828
323333 329260
330296 334195
334694 335310
335921 342079
342821 350606
351324 352698
353843 357168
357439 360660
360942 363574
364248 365680
365891 367306
367524 369036
369545 372457
372867 373983
374675 375476
376196 377705
378210 379316
379839 382823
383568 386986
387158 388469
388633 389461
389979 391521
392075 394375
395053 396959
397604 398085
399113 400593
402284 403577
404189 405201
405753 408199
408868 409196
410034 418809
419479 421490
421741 422042
422205 429746
430332 430650
431713 432745
434244 435005
435589 435864
436492 440549
441176 443664
444250 444381
445201 449823
450354 451133
451272 451608
452599 455519
456057 460121
460747 461182
461798 463262
463583 464564
465128 467215
467588 469066
469568 471165
471398 471555
472292 475692
476204 479366
480088 484654
485234 485529
486019 491402
491937 497764
498322 504307
504508 506723
506875 507703
508379 513825
514396 519184
519871 519948
520240 531470
532003 534011
535558 538280
539224 553357
553856 557545
558196 560777
561574 563634
564986 567976
568601 570986
571814 574880
575316 576020
576608 576704
577962 578661
579224 579537
580165 580387
581026 581465
581751 582756
583959 584931
585784 586645
586921 589949
590543 595395
595961 597054
597532 599606
599870 600745
601118 601243
Sphingopyxis_sp_MC1_gi_489135343_ref_NZ_
1 658
1170 5844
6403 10314
10494 10752
11282 13227
13888 20023
20942 24122
24679 25802
26362 28578
29270 33125
33268 33779
34326 36725
37346 44924
46291 50340
50977 51070
51839 52027
52622 54011
55247 58116
58492 58557
59063 59419
60024 60448
61075 65817
Sphingopyxis_sp_MC1_gi_489141135_ref_NZ_
1 917
1439 2947
3604 6348
6859 9175
9679 14894
15602 19189
20120 24591
Sphingopyxis_sp_MC1_gi_489142006_ref_NZ_
1 4448
4866 5267
5798 5927
6419 7275
7839 8496
9310 9506
10005 12385
13582 16862
17078 21863
22474 22541
23178 23781
24304 24741
25321 27300
27891 30607
31037 32274
32564 34784
35531 36971
37537 38761
39345 41320
41975 44577
45285 46140
46712 51550
51906 58358
58885 59796
60370 60985
61554 62226
62807 64422
64677 67368
68034 68209
68782 69536
69967 70033
70710 70938
71359 73186
73725 76650
77215 78374
78526 80529
81215 82152
82410 85839
86367 89732
90556 91297
91809 91955
92493 92602
93319 95973
97073 97586
98124 101623
102228 105952
106108 106973
107979 109510
110101 119403
120484 123296
123867 126025
126290 130157
130554 131071
131618 134568
135126 136389
136949 148965
149496 150255
150970 154165
154950 155775
156328 158435
159103 168253
168762 173611
174156 179814
180776 181423
181607 182149
182902 197240
197747 202450
203040 203446
203956 207514
208004 208300
Sphingopyxis_sp_MC1_gi_489141072_ref_NZ_
1 1237
Sphingopyxis_sp_MC1_gi_489139870_ref_NZ_
1 2076
2180 2961
3495 8876
9430 12083
12642 13969
16079 18015
18267 23445
23824 28885
29475 29923
30155 31862
32422 32715
33072 41200
41710 43651
44300 46880
47537 48789
49157 51432
53933 55722
56328 56529
57051 57123
57678 59268
59845 61090
61615 64377
65247 65454
65985 71129
71650 76215
77999 78091
78766 80710
81786 82514
83114 83555
84137 84652
85214 86028
86649 89600
90112 90276
90977 92438
93066 93662
94349 97787
98330 99272
Sphingopyxis_sp_MC1_gi_489139498_ref_NZ_
1 770
1600 1890
2519 4474
5024 8901
9540 12243
12412 21723
22263 28142
28859 32036
32587 36366
37127 42438
43763 49048
49249 49630
50168 54066
54786 59744
60367 60738
62023 62777
63474 65013
65204 71981
72871 74469
74771 83918
84558 84667
85252 88383
88921 91265
91973 92216
93020 97435
98289 101311
101927 109773
110302 111327
112064 114938
116055 118137
118856 119110
119405 126802
Sphingopyxis_sp_MC1_gi_489142610_ref_NZ_
1 787
1614 2390
2775 3636
3898 5226
5958 7281
7817 9447
9955 11221
12642 13810
14697 15223
15894 17767
18136 28962
29549 30045
30623 32315
Sphingopyxis_sp_MC1_gi_489143075_ref_NZ_
1 5601
6195 7526
8148 9840
10345 12389
13020 14181
14749 16217
16648 18057
18985 20470
22128 23334
23967 26973
27578 29474
30166 32208
33028 33268
34326 34472
35105 36096
36681 44304
44992 46578
47136 47468
48340 50574
51184 53102
54042 54617
55394 62785
64329 64864
65424 66130
66378 67371
68044 70902
71424 71818
72433 74325
74684 77653
78545 83545
84065 85913
86442 88397
88584 89131
89859 91020
91590 91826
93409 95210
95888 97433
98061 100898
101419 103889
104393 107060
107562 108887
Sphingopyxis_sp_MC1_gi_489129128_ref_NZ_
1 875
1434 6861
7149 8311
8953 9846
10380 10676
11309 13124
13771 14467
15051 18026
18633 20655
21192 22686
23233 31897
32434 33901
34530 35311
35943 38699
38783 38903
39488 40770
41061 48747
49473 53299
54078 55241
55750 56447
56909 63994
64335 69482
69987 85891
86510 86692
87132 88795
89335 91915
92734 93119
93631 94042
94858 95398
95961 101505
102205 105780
106433 106496
107003 108159
109235 114813
115722 117191
117908 122239
122855 123456
Sphingopyxis_sp_MC1_gi_489140968_ref_NZ_
1 1984
2134 4760
5278 6720
7347 9205
9791 11747
12328 16423
17208 17762
18300 20129
20859 29108
29500 29569
30197 32887
33437 39760
40505 41119
41803 42255
42588 44275
44935 48161
48293 49565
50158 50848
51383 51509
52594 56871
57468 61982
Sphingopyxis_sp_MC1_gi_489141330_ref_NZ_
1 797
1352 1513
Sphingopyxis_sp_MC1_gi_489138205_ref_NZ_
1 1933
2740 5643
6023 6889
7020 8671
9223 14851
15618 16072
16642 16869
17391 22226
22505 23351
23789 24469
25241 29072
29402 30423
30935 33984
34495 35343
35855 37545
38243 41852
42285 43871
44624 45527
46006 51098
51616 56382
56710 58206
58463 58949
60691 64720
65280 67110
67882 68513
69232 72587
73210 75058
75296 77345
77976 78626
79150 81679
82387 84983
85817 90503
91111 91699
92395 92808
94127 94336
94979 96204
97012 99924
100801 104716
105408 105896
106499 107893
108858 111118
111977 114426
114936 115854
116983 117669
118882 119302
119894 122837
123621 134122
134704 135890
136435 139915
140693 141783
142484 146269
146907 147347
147705 149045
149649 154794
155410 156836
157072 157780
158436 165527
165948 177878
178544 179529
180183 180650
181206 182943
183624 187511
188584 190388
190637 191172
191797 195422
195966 196646
197220 199761
199884 202145
203040 204864
205020 206351
206960 208672
208954 215056
216307 217673
217819 219005
219794 219893
220424 223723
224405 227055
228030 229717
230491 232031
232539 232821
233352 236511
237111 241179
242371 242743
243363 252507
253235 253566
254114 255037
Sphingopyxis_sp_MC1_gi_489141243_ref_NZ_
1 1237
Sphingopyxis_sp_MC1_gi_489134126_ref_NZ_
1 175
799 1253
1966 2992
3608 8814
9367 12261
12869 13889
16143 16451
17297 20298
20859 22060
22416 23757
24368 24798
25192 26000
26861 27288
27880 29170
29471 39497
40410 43967
44485 45325
45601 46067
47022 47323
48064 49581
49963 66114
66640 74020
74561 78218
78760 79053
79883 82296
82881 85495
86103 86388
86967 87082
87385 88249
88858 93503
94296 94554
95105 95168
95508 95731
96262 98568
99067 100757
101158 101708
102089 111323
112028 112987
113508 118287
118800 121199
121468 126398
127331 128958
129582 130072
130574 132071
132702 136832
137554 147039
147460 149089
149237 150913
151414 153518
155127 158420
158673 160140
160692 162069
162626 165759
166538 167746
168274 172306
172967 173399
173931 175802
176333 178209
178780 180660
181276 181642
182485 182984
