Bacteroides_sp__4_3_47FAA_gi_345651609_ref_NZ_
1 260
13029 62986
64110 94768
95743 99375
100089 102872
110623 111578
127492 130571
158713 198807
205589 249009
259030 260966
264331 294715
298670 298858
316611 335069
351485 371335
540633 545975
583273 595517
633272 639764
642809 676101
676201 676606
676710 686997
687386 708251
708870 719516
719822 726733
728801 730867
730955 743494
753190 786936
788124 924514
939466 939839
940621 998047
1015843 1015956
1025788 1107315
1127769 1138081
1138409 1144053
1144152 1253257
1254224 1255247
1269595 1323516
1323792 1324084
1331222 1338724
1345576 1352479
1357291 1371220
1446080 1446475
1454100 1454649
1484885 1533063
1534112 1555449
1586308 1593321
1599844 1639718
1655314 1666245
1667710 1675995
1710599 1722836
1739460 1741643
1744412 1752985
1757147 1765503
1804677 1874633
1875681 1885608
1889642 1889895
1891805 1911684
1931175 1944918
1945022 1945765
1959341 1959454
1976382 1976483
1988851 2075745
2076604 2077144
2077536 2077938
2090877 2096833
2111923 2112698
2125861 2126678
2128083 2133525
2133626 2145286
2147471 2148617
2149438 2150971
2160796 2160860
2161098 2161730
2162685 2184441
2214343 2300313
2301753 2330714
2330829 2337816
2339370 2344315
2345372 2359536
2399868 2434562
2439712 2495115
2502770 2538840
2539516 2567835
2602219 2623494
2624411 2672991
2685033 2692784
2694024 2699104
2711843 2714205
2714305 2721649
2736650 2801502
2806974 2866393
2866606 2949316
2980450 3011660
3011756 3019961
3042887 3146061
3146158 3148067
3149146 3149633
3150295 3151253
3153909 3154012
3154905 3156446
3158141 3179190
3190199 3190592
3196963 3197530
3253191 3277390
3280056 3448642
3453739 3493266
3495301 3588340
3588792 3625570
3629822 3646262
3647117 3647667
3650666 3650782
3651359 3654757
3656334 3656433
3658328 3665628
3675424 3676166
3676691 3679288
3681056 3685145
3685893 3687409
3688187 3697059
3698456 3699952
3701196 3706993
3707536 3707683
3711619 3717457
3719668 3719811
3722055 3739055
3755694 3764665
3785870 3786286
3826249 3831167
3870281 3876428
3891841 3891940
3925297 3932040
3934511 3948269
3986354 4002742
4002836 4004114
4004266 4006363
4014727 4019796
4040565 4050146
4070539 4185572
4210054 4264357
4295523 4295884
4319668 4320005
4323950 4324165
4325413 4326071
4326680 4375425
4391954 4394770
4396835 4397005
4399889 4410532
4410742 4424928
4425942 4432502
4433732 4434111
4440041 4440320
4441119 4442818
4444688 4445015
4448357 4450432
4460255 4460357
4462238 4462563
4463261 4463801
4464451 4464828
4467238 4467705
4471217 4480595
4482895 4483692
4484803 4484902
4485848 4486291
4486842 4487347
4487566 4494842
4510402 4528160
4529019 4529875
4530409 4544705
4558176 4559719
4559815 4576868
4578189 4597944
4598861 4599280
4603234 4603474
4603642 4607654
4609477 4612811
4619017 4626412
4637628 4649433
4665144 4667141
4667942 4669026
4675008 4675629
4682796 4689190
4708332 4729576
4733271 4766495
4766668 4856676
4878436 4883941
4894706 4927539
4953714 4958922
4964632 4964704
4964804 4984335
4984889 4990999
4997876 5014093
5014209 5014762
5077116 5087627
5088143 5092853
5094056 5123332
5124428 5141948
5153812 5167900
5211773 5212638
5214595 5214719
5220893 5226152
5262265 5262434
5264556 5264895
5267237 5267549
5268576 5268669
5269434 5269746
5300339 5300397
5308176 5343147
5352862 5375422
5376116 5376237
5376780 5377142
5379729 5386741
5389176 5442925
