Bacteroides_sp__4_3_47FAA_gi_345651609_ref_NZ_
1 260
9569 47238
48393 64324
67452 95828
96344 98414
98924 102872
110623 111578
120451 131162
136489 138225
142151 142441
147123 147185
160821 174487
176178 191160
199029 203806
205504 238890
242637 243216
249109 285615
288148 288943
289898 290612
299599 313950
316270 316481
324507 378365
397204 404892
409498 479267
482304 588335
595527 597091
601168 602437
604138 615064
619737 620147
621252 621399
622107 622345
623293 627435
629871 630855
631974 633263
633884 642704
657133 679473
679970 819658
820170 820320
820944 821174
822249 832302
832832 854963
855588 857179
857717 864585
866111 894541
895598 895840
897187 899825
900669 910220
910798 917576
918133 920381
921035 927812
932504 932808
933309 933587
934239 980229
989488 1025954
1039233 1039872
1045543 1113963
1115009 1115650
1122681 1157039
1158271 1221254
1230868 1246274
1246952 1271299
1274633 1330568
1331218 1338720
1345420 1362978
1374646 1416196
1416919 1432001
1437981 1446209
1448039 1448337
1453201 1454800
1463036 1479865
1480541 1482367
1483347 1593321
1612475 1640294
1655314 1666245
1667930 1671704
1673050 1675168
1675717 1678723
1680859 1720881
1722558 1737913
1739354 1789364
1801277 1850157
1853360 1949378
1951862 2075745
2076800 2077144
2077536 2108725
2111705 2112671
2125861 2133515
2133625 2150968
2161098 2161730
2165606 2191003
2214398 2216777
2216872 2216968
2217717 2219592
2225941 2226275
2226794 2310229
2311045 2421238
2422190 2423337
2424380 2424897
2425854 2471033
2471930 2472108
2477093 2495118
2496497 2502672
2502770 2503403
2512790 2513276
2514665 2567346
2568910 2591679
2593047 2609701
2619607 2693232
2693952 2694015
2696155 2701523
2703524 2703812
2704666 2705855
2706410 2706614
2711832 2714049
2718440 2718591
2719633 2719783
2721226 2801828
2802432 2802744
2806393 2833204
2838121 2841256
2858707 2872766
2874605 2880002
2881014 2904083
2905687 2943555
2947373 2972618
2972692 2972783
2973350 2973440
2979346 2980563
2997862 3004660
3006586 3146084
3146158 3151521
3152094 3169817
3178783 3192200
3192701 3192769
3193655 3194047
3196972 3197539
3208879 3258769
3259775 3277390
3277624 3365440
3367976 3416541
3424590 3437478
3442195 3453396
3474825 3475473
3482658 3482985
3506945 3507491
3513962 3588340
3588792 3597915
3599496 3614876
3615609 3636330
3636489 3647667
3651556 3654999
3655675 3656757
3658328 3665628
3672096 3672233
3674206 3676166
3676855 3730674
3749246 3764928
3767525 3772851
3777814 3796447
3799111 3805284
3806177 3820866
3827107 3850015
3870281 3880570
3891841 3891940
3901100 3916725
3924945 3933173
3933846 3949811
3970034 4002740
4002992 4004114
4004279 4048822
4066279 4166701
4171306 4175798
4179725 4180465
4184946 4202307
4210326 4210957
4211639 4263156
4270066 4296511
4311595 4342569
4342907 4362617
4377881 4383191
4384042 4385039
4385542 4386084
4386631 4389112
4394574 4409631
4410396 4434654
4440041 4440320
4442040 4443084
4443153 4448928
4450187 4450432
4453126 4453235
4460255 4460357
4462238 4462563
4463261 4463801
4464451 4464828
4465784 4467705
4469475 4481516
4482895 4484902
4485835 4486291
4486842 4487557
4490774 4510394
4510784 4510883
4513185 4549967
4556115 4560214
4561032 4566087
4566375 4664793
4665144 4669026
4670264 4670332
4670423 4683897
4688524 4689100
4704305 4704379
4706269 4708232
4715442 4732402
4732974 4805882
4808367 4852923
4855753 4856676
4874765 4881822
4883509 4884225
4884857 4886335
4886866 4889351
4904811 4984942
4995990 4998592
5007284 5008579
5010339 5014834
5039963 5064298
5066024 5068697
5070856 5134911
5138222 5138538
5141954 5148585
5149238 5152949
5153461 5183434
5194173 5204121
5207608 5223865
5232817 5264865
5267237 5308204
5309330 5309414
5318736 5327241
5334539 5335057
5345415 5360473
5369240 5374768
5376238 5379833
5380946 5386741
5389297 5442925
