Bacteroides_sp__4_3_47FAA_gi_345651609_ref_NZ_
1 1087
1605 2139
3271 3692
4608 4840
7017 7138
8260 8598
9779 30303
30997 34315
34949 37702
38839 39093
40393 41052
42024 42096
43284 43646
44212 44362
47798 53452
57410 57858
59072 59719
62773 64698
65754 65920
69207 69618
71708 72001
73026 73409
75283 75969
76473 78706
79736 79935
80484 81165
81689 87637
91157 91692
92325 92406
93606 93868
94967 99333
99926 101236
101929 102906
103653 104594
105296 107231
107752 108907
109471 113620
114168 115456
116235 116442
117244 119995
120496 121027
121537 121660
123897 124185
125434 126157
126706 131892
133153 134655
135324 135815
136454 138209
140048 140312
141918 144326
144936 145689
146763 147185
149327 149760
151173 151397
153212 153742
158645 158963
165025 165349
166932 175078
175816 176900
178011 179020
182348 182784
183306 183390
184373 191813
193009 194074
197519 197910
198771 199934
200442 200650
201374 201684
203037 203633
205521 214894
217564 227555
228379 231218
231795 231873
232675 232924
233449 233827
234470 234573
235251 235629
239588 239860
242982 243371
245249 245538
246094 246661
248004 248542
258906 261769
263979 264518
268386 272765
273434 274527
279042 279848
281766 282846
288632 288943
289898 290233
294741 294834
298034 298858
299599 300555
301635 301949
302495 304361
305322 306164
306873 308896
310885 311534
312537 312696
313438 313793
316421 316945
321746 321837
323320 324436
327060 328185
329354 329970
332059 332367
334344 339780
344356 344475
355481 360249
371435 371623
373266 373735
374551 374817
378025 378267
378982 379299
381464 382827
384463 384557
385277 385568
392205 393307
396960 397477
398025 398532
399412 399551
400757 401016
402919 403141
404391 406174
408000 408124
408796 409054
411390 411738
412359 412447
413022 413286
414327 414437
416222 417854
419277 419669
423148 424262
424811 426544
427297 427627
428566 429085
430115 430299
430814 431696
432762 433749
434394 437455
438189 438714
439365 441298
442992 443485
446069 446411
449326 450023
451281 452130
453913 454315
457001 459235
459751 459844
460398 460519
466723 467285
468587 468938
469680 470393
473308 473580
474104 474846
476634 477091
477998 479418
481271 481960
483445 483529
484166 485039
487235 487364
489549 490037
492430 492969
497479 498085
499850 500438
501547 501747
504285 506241
511738 511922
513113 514271
516462 516808
518595 519356
520208 520845
525022 526699
528883 530213
532266 535023
535628 536513
537188 537485
538205 538617
539129 539734
540264 542935
543570 545832
546367 547827
548743 548893
574301 574749
575482 575560
576577 576679
581936 582782
583294 583788
587806 588580
589994 590261
590835 591000
591595 592814
594512 594958
595519 597388
598117 598828
599687 604714
605278 606016
606595 606737
607240 609943
610542 612643
613539 622597
623170 627451
629628 631834
632387 633599
634609 634896
638331 639890
641139 641664
642371 643683
645764 646176
648833 648945
649590 650005
650770 650838
653730 654083
655463 655872
657131 658740
659293 659370
665635 666381
672143 672479
673784 673895
674629 677506
679233 705080
705930 706062
707626 741405
743408 767788
769655 771217
772540 772667
777453 777530
779350 781344
787701 788326
789318 797359
801801 801979
803048 804113
808158 810667
811856 814962
822326 832302
833226 838440
840143 851757
853038 856486
858705 893445
895414 898089
899836 900220
900722 905112
907778 908033
909492 917581
919289 928104
928946 941926
947707 948663
949241 951073
953606 957326
958499 958941
966271 966368
967802 974907
975718 977484
978012 980661
981618 981831
982817 983250
984492 984606
986359 987063
989508 1000427
1004154 1004299
1007850 1009415
1010533 1010669
1012398 1012476
1015753 1016730
1018255 1018534
1021775 1021891
1023385 1023514
1026812 1026945
1028023 1028200
1029092 1029198
1030738 1031065
1031716 1031799
1033152 1033242
1034556 1037764
1038705 1039203
1039855 1041712
1042624 1045443
1048111 1048214
1049904 1049973
1050549 1050691
1052273 1052345
1055621 1056192
1058383 1062835
1063506 1065097
1066348 1066933
1067478 1070537
1071213 1071601
1072383 1073055
1073985 1074310
1075453 1075609
1081064 1081237
1082524 1083704
1086756 1087162
1089328 1090067
1092610 1092984
1094482 1095904
1101353 1101928
1102583 1103093
1106946 1109944
1110774 1111103
1112180 1112802
1113495 1114176
1114683 1115503
1118804 1120042
1120783 1122182
1124230 1125485
1126215 1126554
1127339 1127818
1128326 1128413
1132404 1133224
1133949 1134127
1134690 1135277
1136095 1138222
1138898 1139926
1142831 1145333
1148494 1148917
1151570 1155556
1156374 1157341
1158054 1158752
1160189 1169601
1171427 1171810
1180529 1180604
1183846 1183927
1185457 1185531
1186816 1187792
1188300 1188450
1189132 1194131
1194646 1195828
1197795 1198051
1203765 1203943
1204751 1205826
1206974 1210044
1210612 1211273
1212794 1212895
1213839 1214077
1214940 1215334
1215839 1217128
1221224 1221299
1222505 1222820
1223441 1223499
1224071 1224362
1225758 1226317
1227326 1228334
1228860 1229245
1230478 1230944
1232651 1246586
1247789 1263645
1264336 1264677
1265342 1269690
1284242 1285509
1289031 1289702
1292438 1292521
1293944 1294037
1295979 1296044
1297242 1297415
1303803 1305799
1312073 1312190
1313237 1313741
1314667 1316896
1321787 1322201
1323514 1326235
1326971 1327146
1327758 1327951
1328451 1328539
1329839 1338720
1345300 1345632
1346564 1352580
1354448 1354733
1356287 1356500
1357015 1358468
1361821 1363197
1364356 1364445
1367295 1370558
1372683 1373120
1373886 1374614
1375607 1376078
1390619 1390963
1396969 1397190
1398240 1400163
1400845 1401222
1401812 1401915
1403561 1404287
1407042 1407394
1409075 1409576
1412571 1412971
1415554 1417540
1421690 1422347
1423331 1423574
1424369 1424931
1426273 1428064
1429624 1429843
1431665 1432058
1433392 1434170
1434871 1437468
1438115 1438324
1439090 1439714
1440524 1440745
1441323 1441627
1442608 1442945
1443939 1444014
1445732 1454800
1460091 1460370
1460887 1463324
1464080 1464354
1464917 1466325
1467107 1468754
1472712 1472832
1476357 1476778
1479594 1480517
1484717 1485073
1486775 1487585
1491236 1491894
1492477 1493090
1495545 1497680
1498247 1498417
1499128 1499557
1501327 1501450
1502087 1502350
1503072 1504595
1506053 1509784
1522986 1523725
1524738 1524789
1525363 1531778
1533200 1534637
1535549 1537082
1537643 1539560
1540376 1542210
1543825 1545158
1551982 1552049
1552695 1553662
1555560 1556415
1559116 1559191
1560039 1560154
1563381 1563453
1565006 1565697
1567464 1569002
1574074 1574155
1575692 1576321
1577145 1578186
1579637 1579806
1581067 1582184
1584940 1585477
1586156 1588091
1588623 1588717
1589251 1589478
1595974 1596190
1596739 1596868
1601539 1601921
1602435 1602666
1606217 1606315
1607468 1609455
1610063 1611647
1612178 1612278
1613210 1613791
1614583 1614931
1616309 1617624
1618180 1619241
1621878 1622066
1625001 1625355
1625883 1626198
1628483 1628943
1629523 1637007
1638114 1640512
1643656 1644511
1647778 1648100
1651173 1652037
1653317 1653612
1656063 1656388
1657071 1658412
1660127 1660590
1662670 1663457
1665905 1667966
1670006 1671203
1672064 1676064
1682404 1682754
1684725 1685081
1691404 1691999
1692597 1692823
1693569 1693983
1694891 1694960
1696307 1696528
1697884 1698256
1700811 1702321
1703125 1703348
1706874 1707471
1708991 1709428
1710239 1712281
1715598 1715780
1716475 1716571
1717997 1718515
1721385 1723173
1729189 1730672
1734168 1734268
1734826 1734925
1736324 1736688
1737566 1746096
1746629 1748176
1748805 1754998
1756303 1757276
1757862 1758007
1759018 1759620
1760196 1760291
1761557 1761635
1762261 1764026
1764602 1765786
1767308 1767874
1768837 1769041
1771186 1771982
1773886 1774294
1774909 1776717
1777651 1780459
1781004 1781661
1782242 1784313
1785940 1786018
1789566 1789635
1791381 1792160
1792820 1795528
1796268 1796450
1798827 1800448
1800972 1801422
1801985 1804691
1805635 1806275
1808595 1808688
1810744 1810827
1811381 1811893
1812884 1814187
1817689 1817905
1819247 1819325
1820641 1820728
1821445 1821541
1823545 1826883
1827606 1827687
1829461 1829642
1831839 1832592
1835781 1836873
1838584 1838690
1843656 1846647
1847154 1847898
1848927 1849035
1849752 1849996
1850968 1852987
1854144 1864365
1872147 1872589
1873936 1874696
1877942 1878014
1882403 1882539
1886221 1887513
1888171 1891042
1891545 1892575
1893497 1893551
1895196 1895762
1897806 1899498
1903023 1903241
1904268 1909724
1910392 1910772
1912339 1913364
1914282 1914570
1917523 1917863
1923330 1923693
1925633 1928191
1930933 1931330
1932652 1933231
1938089 1938625
1940067 1940145
1942947 1943572
1944725 1946893
1950491 1952364
1956736 1956835
1957571 1957627
1958899 1959139
1960738 1961143
1962848 1963752
1964462 1964661
1967372 1967642
1968647 1970153
1970866 1971741
1972612 1973108
1973930 1974993
1975764 1977280
1979645 1980727
1981402 1981937
1982476 1984531
1985170 1985820
1986755 2075745
2076604 2077144
2077536 2077900
2079607 2079784
2080429 2083393
2084840 2086836
2088975 2089581
2090214 2090511
2091919 2092608
2095366 2095745
2097505 2098810
2100539 2100893
2101819 2106546
2107624 2109412
2111526 2113950
2116627 2117335
2118428 2118523
2119159 2121833
2124196 2132671
2133203 2148687
2149218 2151922
2152433 2152682
2160886 2162367
2162925 2163565
2164599 2165796
2167699 2168356
2169134 2169187
2171006 2171068
2181763 2182078
2184405 2184637
2186851 2189124
2191034 2191325
2197801 2197857
2198377 2199225
2201524 2203366
2204040 2204336
2205885 2206276
2209199 2209731
2214335 2220235
2221107 2221444
2223510 2224098
2224806 2263582
2267105 2300675
2301625 2310799
2311379 2314971
2317215 2317308
2318448 2319887
2321672 2321757
2323389 2323633
2324428 2324951
2325662 2328479
2329308 2338123
2338659 2350833
2354402 2355064
2355822 2356351
2359339 2360547
2361072 2363755
2365281 2365385
2367285 2367471
2368119 2369462
2371091 2371313
2374035 2374211
2374951 2375135
2375723 2376654
2379573 2380896
2381753 2382385
2383171 2383267
2384112 2385046
2387630 2387844
2389322 2389484
2390033 2390550
2392391 2392581
2399596 2400003
2400763 2401831
2402937 2403346
2405967 2407240
2408216 2408362
2409438 2414325
2416329 2416712
2417287 2417411
2420625 2421977
2422974 2423058
2430284 2435589
2436101 2436229
2437430 2438034
2439509 2441890
2444519 2444729
2452456 2456197
2458504 2459033
2459812 2460043
2460547 2460622
2461677 2462988
2464894 2464984
2465533 2465647
2466920 2467367
2467981 2468245
2470420 2470570
2471154 2472222
2472753 2473941
2475990 2476145
2479979 2481006
2481727 2482232
2484838 2485442
2493557 2495776
2496357 2496487
2498111 2498206
2499048 2499844
2500975 2504729
2505392 2505966
2510284 2511636
2512790 2514216
2514799 2516151
2517288 2517693
2528212 2528615
2529253 2529569
2530955 2531570
2532134 2533273
2535787 2536073
2537485 2541591
2542737 2544295
2548963 2559435
2563513 2565538
2568070 2568286
2573481 2573685
2574578 2576178
2580087 2581785
2582326 2585323
2586623 2588470
2589383 2589506
2591544 2593016
2593669 2595618
2601561 2601676
2602219 2603063
2606345 2607214
2609112 2609712
2621984 2624668
2632202 2633848
2634375 2634793
2640329 2640779
2641890 2642049
2644640 2644753
2646912 2647262
2648938 2649115
2650406 2651286
2652688 2654517
2654919 2672991
2673542 2674002
2675844 2677738
2679009 2681312
2683848 2684593
2685153 2685376
2687634 2687710
2690195 2690437
2692938 2693202
2693818 2694992
2696317 2696639
2697163 2697706
2698302 2701551
2703547 2704142
2705182 2706249
2706409 2706619
2711832 2712255
2715292 2722028
2722615 2723521
2730097 2730181
2733956 2735940
2736650 2801502
2801582 2801710
2802251 2804490
2805101 2812342
2813548 2814878
2816146 2816323
2819441 2819962
2821025 2821318
2822557 2826930
2827517 2828684
2829272 2829952
2830916 2834213
2836780 2836850
2839616 2842333
2847754 2847878
2848472 2848832
2851393 2851541
2852070 2853052
2853840 2854067
2855726 2856924
2858325 2860452
2861664 2862449
2863045 2863210
2865083 2865155
2865960 2867187
2870459 2870934
2871694 2872496
2875225 2875466
2876051 2876223
2878359 2879072
2884039 2884918
2886036 2886422
2888517 2889191
2890118 2892229
2893751 2893806
2904012 2906446
2908626 2909400
2912455 2912597
2916610 2917020
2919310 2924690
2930534 2930856
2935111 2935191
2936976 2939677
2940425 2940931
2941598 2941945
2942531 2942635
2943663 2947812
2948765 2952392
2956809 2956890
2960155 2960615
2961962 2962366
2964443 2966072
2968216 2968451
2970453 2976876
2977487 2978139
2979784 2993546
2997374 2997876
2999032 3001142
3002709 3004547
3006950 3008201
3008309 3009249
3011060 3012449
3018825 3020410
3025012 3025657
3026699 3027003
3034586 3034810
3035614 3035839
3036375 3036691
3037980 3041143
3042320 3111839
3112832 3113700
3114256 3114648
3116281 3116518
3118975 3119211
3120514 3129070
3130983 3131531
3135722 3147740
3148498 3158628
3159641 3160044
3160569 3161914
3163357 3163482
3165131 3165602
3168136 3168587
3169213 3169817
3170343 3170608
3173606 3173924
3175224 3175639
3176247 3176894
3178065 3180467
3180983 3181849
3185791 3186424
3188748 3188906
3190065 3192768
3196794 3197583
3198706 3198759
3199328 3199955
3202038 3202387
3204139 3205216
3206873 3207280
3209111 3209302
3212331 3213335
3215331 3215993
3218767 3219201
3226000 3228024
3228799 3229011
3229528 3229779
3232842 3233248
3234412 3234607
3238759 3239307
3239896 3240539
3241366 3241584
3242689 3242898
3250689 3250769
3252150 3253204
3257556 3257659
3258287 3258769
3259649 3263203
3266824 3267469
3267976 3268289
3268800 3277398
3280048 3299394
3301133 3301633
3303085 3303151
3303679 3305340
3309877 3322663
3325185 3327407
3329669 3331363
3333022 3334297
3335681 3335936
3336876 3337727
3341181 3342031
3342607 3342741
3346377 3347409
3348188 3350275
3350817 3352107
3352732 3353328
3356565 3356778
3357316 3358030
3358651 3358715
3361480 3362429
3364178 3364245
3368228 3407421
3411774 3412060
3422139 3422308
3425301 3425502
3426030 3427310
3437273 3437387
3441915 3445881
3447598 3447694
3448406 3449172
3451211 3451603
3453714 3454155
3456163 3457334
3466292 3468244
3472657 3476654
3479359 3479956
3481324 3485914
3488998 3489442
3490774 3490823
3493298 3495315
3496644 3497227
3497932 3498575
3500469 3511506
3512909 3513121
3513898 3514044
3515561 3515857
3516606 3517377
3517968 3518338
3519991 3521025
3522176 3522547
3523117 3523864
3524466 3525754
3528159 3528252
3529001 3529300
3536912 3543116
3547574 3550512
3551626 3551713
3552329 3554935
3555712 3556615
3557132 3557614
3559682 3560171
3562561 3562643
3564035 3564704
3565556 3565655
3566465 3566523
3569747 3570018
3571154 3572028
3577420 3578325
3582566 3582899
3584576 3584701
3585496 3585798
3586526 3588340
3588724 3600898
3607185 3609296
3609852 3610694
3611713 3616088
3616956 3656757
3658328 3665628
3671976 3672398
3673305 3673441
3674068 3674215
3674935 3677606
3677800 3678043
3678143 3707751
3709295 3711840
3712379 3715830
3716013 3716267
3716606 3716807
3717021 3717896
3718955 3719211
3719341 3726845
3727479 3729796
3730317 3731961
3737160 3737324
3743612 3744269
3748823 3748895
3756249 3757107
3762441 3766510
3769142 3770069
3770769 3771112
3772757 3773705
3776107 3776513
3777705 3777785
3778366 3778879
3784619 3797070
3799294 3799765
3801709 3803482
3804914 3805034
3806050 3806726
3807669 3808700
3812012 3812158
3814637 3815167
3815697 3817389
3817990 3818557
3819405 3820152
3821504 3822013
3823187 3824292
3824850 3825235
3825832 3826188
3826838 3829805
3831433 3833577
3837145 3837223
3839767 3839860
3843820 3843978
3846208 3852269
3854160 3854299
3855376 3855707
3858648 3858822
3859325 3859743
3861115 3861908
3862412 3862628
3863351 3864757
3866839 3867467
3868698 3868996
3869570 3870374
3872105 3877490
3878365 3878611
3879647 3880966
3881751 3881841
3882727 3883120
3883970 3884671
3887762 3892039
3892993 3895649
3903315 3903391
3904189 3904339
3904972 3905420
3909464 3910988
3914109 3914202
3915540 3915848
3918682 3920577
3923408 3923475
3925042 3934512
3935532 3935610
3936252 3936375
3937621 3937855
3939073 3939157
3939988 3946378
3948795 3948877
3950822 3950898
3961484 3962101
3963971 3964428
3966627 3966834
3968243 3968321
3969758 3970604
3974060 3974130
3974989 3975062
3979276 3979474
3980051 3980932
3981612 3981911
3983501 3983578
3984246 3984492
3985443 3991760
3993190 4010952
4013566 4013674
4017195 4020135
4028951 4029034
4032079 4032147
4034270 4034537
4035524 4035667
4039160 4039447
4040111 4046897
4048108 4048498
4049864 4052101
4058491 4059274
4061374 4062317
4065538 4065618
4068277 4068371
4071351 4071705
4073243 4073382
4079287 4079370
4082431 4084911
4085742 4086565
4088039 4089066
4089581 4090072
4091456 4091667
4092472 4092959
4094580 4094779
4095894 4096390
4097514 4099399
4104481 4106462
4107044 4107836
4109140 4111768
4112697 4113587
4116316 4117204
4117720 4117938
4119151 4143116
4150421 4153925
4155450 4155566
4156937 4157015
4157528 4157847
4158635 4158880
4161379 4162121
4164387 4165198
4167391 4167974
4168598 4170649
4172248 4173058
4174327 4176494
4184370 4185972
4186566 4186625
4189587 4189682
4192588 4192870
4195733 4195979
4198226 4198440
4200534 4200828
4202371 4203230
4209985 4210730
4212205 4212647
4216685 4216756
4221917 4228903
4229870 4232857
4234069 4234601
4235847 4236187
4240744 4241147
4241778 4241970
4244680 4244812
4247293 4247372
4249106 4251456
4252490 4254524
4258289 4258798
4260782 4261118
4268092 4268575
4269105 4269813
4270883 4271374
4271976 4272422
4273086 4273295
4276459 4277588
4291715 4291818
4293728 4293933
4294759 4294872
4295455 4296254
4297486 4297936
4306194 4306380
4307273 4307344
4308330 4308486
4309799 4309932
4310949 4311464
4312933 4313146
4315686 4316579
4319179 4329361
4329940 4356382
4358049 4358105
4365473 4366527
4367303 4368111
4373437 4374170
4375384 4379751
4382473 4382717
4384241 4385035
4387397 4387691
4388511 4392130
4394298 4407337
4407476 4408369
4408492 4408622
4408827 4409127
4409661 4419962
4420717 4432502
4433544 4434111
4440041 4440320
4442040 4450432
4460255 4460357
4462238 4462563
4463261 4463801
4464451 4464828
4467238 4467705
4471217 4481516
4481995 4488233
4490769 4495280
4496463 4497506
4498322 4498704
4499440 4499836
4500363 4503162
4503899 4503984
4508011 4508944
4509910 4512342
4514265 4514484
4515470 4521629
4522287 4522515
4523244 4524966
4525757 4526187
4526993 4527456
4528557 4530702
4535051 4536237
4537776 4538787
4541746 4544684
4546919 4547346
4548388 4549955
4550798 4551021
4551695 4552118
4554282 4554612
4558081 4561763
4562340 4565989
4566375 4572248
4573261 4577364
4578189 4627359
4627903 4628333
4629322 4629393
4629952 4631105
4632157 4632964
4637226 4646773
4659573 4659967
4662690 4662950
4665137 4668520
4668618 4669146
4670264 4670422
4674811 4677995
4682796 4689156
4690893 4691214
4697119 4704379
4706233 4710476
4714366 4716106
4717522 4718857
4722227 4722590
4723626 4724071
4728779 4737131
4738598 4768453
4769934 4770015
4770609 4770808
4771997 4772108
4774737 4775183
4776012 4776262
4777448 4777837
4782297 4782497
4783609 4783909
4784739 4785149
4786947 4787025
4788150 4788511
4792953 4793145
4795284 4796255
4797915 4798545
4799404 4801436
4803970 4805792
4806314 4806706
4807515 4807601
4808367 4810247
4811686 4813073
4813576 4813711
4814694 4816362
4818500 4819521
4820035 4820306
4821125 4822699
4823425 4825105
4825698 4826060
4826747 4827317
4835849 4836152
4837966 4838440
4840497 4841743
4846369 4847547
4848521 4849542
4852211 4854098
4854640 4854966
4855753 4856170
4863908 4866924
4868634 4868914
4876030 4876548
4880958 4882575
4883936 4883997
4884855 4886334
4887927 4888626
4894635 4894947
4897107 4897876
4899020 4899660
4901545 4902285
4902946 4903187
4904560 4906048
4909158 4909725
4911428 4911633
4921483 4921905
4923808 4924156
4925352 4927541
4939389 4939728
4940341 4940417
4943789 4943929
4947371 4947526
4953456 4958922
4964634 4964704
4970251 4987016
4991008 4991155
4992296 4992559
4995175 4995713
5002946 5003331
5004433 5005330
5005858 5005945
5006556 5009361
5009992 5010394
5011924 5012695
5014182 5014832
5017994 5018589
5020703 5020878
5026704 5027115
5027724 5028035
5029426 5029706
5030587 5030969
5033905 5034395
5040979 5043942
5046536 5047155
5050918 5050987
5052731 5052984
5053643 5053866
5054671 5056563
5057702 5058018
5058565 5060556
5061493 5063182
5063954 5066530
5067312 5067755
5069686 5071315
5075318 5078716
5079481 5079952
5081292 5113544
5114639 5115275
5115827 5116189
5116999 5117427
5122355 5123425
5124352 5127204
5127802 5128648
5131323 5131892
5132903 5133447
5136772 5138518
5139076 5139572
5140863 5142507
5143199 5145867
5146437 5147235
5148213 5148503
5150062 5150762
5153540 5160244
5161310 5169488
5170465 5171845
5172840 5172914
5176371 5176522
5177791 5178065
5180655 5181247
5181776 5182202
5183441 5184065
5184577 5185597
5186299 5186382
5187173 5189104
5189730 5189971
5191162 5191565
5193191 5193937
5194571 5199387
5199921 5205225
5206329 5208999
5209833 5210066
5211549 5213726
5214830 5221378
5222801 5227221
5230441 5230874
5232485 5233496
5234826 5235718
5236248 5238790
5241748 5242111
5245729 5246405
5250528 5250882
5253451 5253638
5257975 5258116
5261886 5262093
5262767 5265715
5267237 5267790
5268555 5271579
5273224 5273466
5276688 5276983
5281274 5285385
5289949 5291815
5292672 5293280
5295534 5297797
5298950 5303515
5305570 5305786
5306767 5311869
5312456 5313729
5314348 5316015
5317234 5326153
5327615 5328457
5329612 5330153
5330728 5330798
5333248 5333581
5336349 5336835
5345388 5345786
5347536 5347635
5348299 5350393
5352632 5360473
5361145 5361904
5362595 5363496
5364332 5364979
5372088 5374297
5376219 5377142
5379729 5403766
5404775 5442925
