Bacteroides_sp__4_3_47FAA_gi_345651609_ref_NZ_
1 260
13029 51434
51778 64323
82509 86784
102881 218746
220655 313762
316537 473569
540649 588037
601258 601456
607940 621199
629652 642704
676103 686997
687096 694883
695658 730867
730955 743494
753190 787882
794265 843724
843912 901119
922323 941403
989546 1015701
1015811 1016125
1040187 1066909
1071275 1089391
1127769 1136101
1136769 1139306
1143608 1144151
1152341 1154564
1164279 1168870
1169443 1169601
1187800 1209516
1234442 1246166
1253488 1254530
1316728 1316833
1323518 1338720
1345254 1352157
1362578 1446475
1454100 1454655
1506254 1506954
1525686 1531758
1533784 1534047
1540356 1540583
1586698 1599836
1621878 1666245
1667930 1675995
1710599 1740248
1740908 1743174
1744153 1752985
1794314 1803839
1804667 1944918
1945022 1945765
1976382 1976483
1984624 2075745
2076604 2077144
2077536 2096833
2111776 2112712
2125861 2126678
2127366 2144536
2147483 2161918
2188279 2188595
2214398 2216777
2217717 2219143
2228299 2326801
2327577 2330714
2330829 2338034
2339028 2342262
2343546 2359536
2399868 2431039
2432722 2487515
2494170 2495259
2502770 2646932
2654919 2694015
2694567 2699314
2705823 2705875
2711843 2808281
2810887 2810986
2831582 2831687
2866003 2866923
2884464 2941818
2949364 2972807
2980434 3004547
3006981 3008172
3011654 3011974
3019606 3019961
3042903 3153588
3154099 3178792
3179328 3196972
3197120 3197541
3253191 3277390
3280056 3426386
3442247 3451703
3474825 3475473
3482658 3482985
3513962 3588340
3588792 3622269
3624835 3656757
3658328 3665628
3675424 3676061
3676823 3679448
3681059 3685189
3685893 3692230
3693078 3693271
3694255 3697392
3698127 3720186
3721171 3729380
3739065 3764921
3785870 3786368
3806177 3829043
3831439 3876428
3891841 3891940
3925297 3930117
3930386 3932040
3940015 3948269
3986362 4004114
4004279 4105130
4116716 4153869
4186004 4249756
4253414 4253513
4295479 4295884
4319688 4319973
4325429 4326071
4326680 4407051
4410442 4424901
4425957 4432502
4433732 4434111
4440041 4440320
4441119 4442818
4444688 4445015
4448357 4450432
4460255 4460357
4462238 4462563
4463261 4463801
4464451 4464828
4467238 4467705
4471217 4480595
4482895 4483692
4484803 4484902
4485835 4486291
4486842 4487347
4490774 4493503
4493842 4501752
4510784 4510883
4518973 4519287
4528492 4529007
4529295 4529696
4543219 4544684
4558176 4576868
4578189 4613122
4617573 4617678
4619017 4637986
4665144 4666834
4667593 4670263
4670339 4670422
4675008 4675629
4682796 4729665
4732292 4766579
4766669 4767914
4795662 4872711
4880966 4881267
4925342 4927524
4957592 4957894
4980904 4984335
4984683 5008627
5014222 5040970
5050390 5050556
5077116 5141948
5180692 5214763
5220997 5264865
5267237 5268771
5271354 5346375
5352895 5360473
5372911 5373265
5376116 5376237
5376780 5377142
5379729 5386740
5388467 5388769
5389298 5442925
