Bacteroides_dorei_gi_423247225_ref_NZ_
1 15745
18346 21200
23275 95861
97314 97674
99600 99791
101017 103555
104842 104974
106127 106605
108574 112311
113159 117121
117743 123253
128070 128187
128786 129281
131744 136165
137495 141228
145958 146125
147243 163953
164694 167419
168398 170495
179612 179733
179889 180430
182049 183098
184160 184414
185365 187921
194580 222577
223306 235630
237542 238749
243194 244226
245812 258927
259840 272590
273611 300176
Bacteroides_dorei_gi_423247849_ref_NZ_
1 5308
6904 7805
12418 28614
29344 33143
Bacteroides_dorei_gi_423242718_ref_NZ_
1 603
3043 8563
9440 9713
10694 13040
13559 13656
14819 19917
20647 21486
24452 25963
27810 31229
33327 37319
37978 67425
69907 173364
174040 174464
176994 180132
182740 236844
237048 240134
240241 250071
252615 252686
252785 258160
259339 260303
262682 263295
264510 283311
289934 290983
321473 322198
322805 324457
325274 380514
381644 387497
388285 401804
402560 407794
408933 411799
412054 414713
415558 418934
419917 419971
420696 421085
421847 422345
424160 424638
425584 437326
445349 447030
447550 462819
467686 473962
475566 480863
483744 495209
497054 501912
502451 502819
503338 514958
515504 525846
527180 527558
527668 533868
535450 547226
547894 548594
549219 549304
552004 554974
556093 556620
558353 558555
566324 566783
567762 568653
569199 569465
570634 572048
577501 577603
578996 579728
580331 580544
581304 587349
590266 590787
592780 594313
594422 596119
597761 622365
623451 636294
637921 638412
638994 649529
653035 690493
691669 693673
694343 694804
694889 696221
698934 699639
703561 703836
706626 706933
708630 708787
710486 717053
719606 721715
723474 724325
727723 756661
757585 762233
764140 773016
773575 786822
787456 787641
789481 790251
798050 798998
799855 800229
802391 806810
808518 811375
815307 827643
835846 838719
839471 841796
842682 844898
858265 859177
864459 865128
866563 869017
869104 875370
876035 886351
906138 906196
925441 929363
929937 942635
944324 991106
991400 998257
1003049 1003588
1005319 1005589
1006416 1008027
1008734 1009969
1010474 1025573
1026370 1040078
1041267 1041354
1044287 1083778
1085220 1088187
1093307 1096074
1096709 1101646
1103575 1105322
1105916 1112684
1118006 1136839
1137952 1146341
1176589 1204531
1204630 1213926
1215653 1216268
1219372 1223674
1224385 1225692
1227578 1232587
1235032 1239612
1243005 1243272
1246370 1248027
1252073 1252146
1254120 1255774
1260959 1263131
1263983 1270388
1272834 1273711
1276397 1284767
1285949 1316285
Bacteroides_dorei_gi_423247604_ref_NZ_
1 528
1294 25933
26911 49620
52087 52265
53072 54038
55231 61877
62671 64088
64921 66256
66795 67036
70036 70303
71305 79106
80185 80672
81334 86159
86975 87396
88207 88382
90077 92646
93219 96169
98041 106435
107172 110287
111754 121148
126431 127249
129446 148433
148531 171139
171810 194128
Bacteroides_dorei_gi_423247930_ref_NZ_
1 2939
Bacteroides_dorei_gi_423247941_ref_NZ_
1250 2424
Bacteroides_dorei_gi_423243877_ref_NZ_
1 3863
5606 5836
10441 10606
16802 19026
20652 29327
30683 30977
31505 31712
32702 34572
35256 40124
41215 44195
44970 48579
50886 96104
99224 99915
115799 134772
135420 152388
154510 177890
178697 192334
193927 194245
195597 195877
196592 205502
206144 212643
213679 215085
215977 216926
217491 218614
219185 227560
228676 235320
236072 238202
240049 245237
246554 260452
263411 263944
270642 270872
276005 284093
287026 292420
294833 301337
305172 306170
306884 307931
342858 348269
349024 349503
350662 362956
364093 372164
374109 374297
377540 382336
383217 383848
385385 386687
392970 397846
398618 400590
400811 412895
424021 424327
426023 426306
427655 427852
432199 433107
437969 439221
439756 461670
462174 462906
473168 475195
477341 478638
487871 494265
502517 513424
515650 516499
517062 517662
518558 522908
524291 524974
526725 531603
540218 547759
551121 551243
552071 552285
553428 555384
558459 574960
575329 584249
588799 589715
593250 594635
595339 611452
613684 660199
661093 661224
662142 662385
667925 683883
689483 695039
695814 696317
697174 697458
698304 705234
706096 714370
715808 723585
724313 724816
728594 729062
729897 735773
736464 737989
738530 747808
748784 749518
750148 750316
750873 751856
752419 755020
757009 786923
792911 793189
797526 805083
808734 813556
815276 815532
816369 826460
827622 830467
831085 839042
840356 856106
859244 859826
876578 877046
901123 901366
906683 907949
915439 921377
923153 956805
961735 964785
965609 969815
970482 981077
981866 1007081
1007896 1013693
1014244 1016306
1020759 1024366
1025780 1027263
1028085 1029151
1030864 1031092
1031868 1032071
1033114 1036329
1037567 1043974
1045114 1056693
1057960 1062734
1064729 1065157
1066837 1071261
1072305 1081033
1087239 1087858
1088398 1095934
1096352 1096574
1100528 1108618
1110233 1113499
Bacteroides_dorei_gi_423247950_ref_NZ_
1 1339
Bacteroides_dorei_gi_423247946_ref_NZ_
1 1907
Bacteroides_dorei_gi_423247893_ref_NZ_
2635 5702
Bacteroides_dorei_gi_423246397_ref_NZ_
1 10351
10986 41298
41372 59676
60240 79059
79668 79839
80543 129044
129288 136379
136752 151839
152520 153628
155319 178042
179002 180661
181341 219265
219652 220413
222213 222406
223023 268985
271669 282251
283181 283549
284084 284453
285134 302475
303187 354646
355298 357389
358270 364542
Bacteroides_dorei_gi_423246758_ref_NZ_
1 4846
5721 20014
20687 20808
21568 26408
27754 27986
30366 31053
33114 33398
35129 37903
37984 38322
38779 38934
39529 40669
42407 43561
44258 45308
45823 49864
59047 59200
60032 70176
71143 152362
153609 155114
155803 160425
160776 199754
200275 202420
203031 204147
209405 232941
236135 237216
237970 239825
241505 257932
258680 278127
281519 287419
289118 292084
292993 297911
305151 307291
308548 309475
310755 314477
316866 318321
319069 319540
321843 327784
Bacteroides_dorei_gi_423247767_ref_NZ_
112 20040
21051 21355
28998 42661
43387 56173
56692 64621
65181 69452
71194 71503
74125 75481
77498 83055
83843 87224
Bacteroides_dorei_gi_423247935_ref_NZ_
1 2343
Bacteroides_dorei_gi_423246995_ref_NZ_
1 9626
10542 19774
20534 20746
22016 22151
22995 46564
47506 47678
48397 52931
53820 55046
56933 57171
61506 70911
71484 76795
79166 80066
81013 84907
86292 92916
101544 110564
111775 112157
113744 114609
115411 122807
124020 127470
128524 129370
130160 130345
131061 139653
140390 143402
143561 143827
149571 151201
152757 152855
156067 159567
162306 167521
170309 170391
171302 175048
175533 176332
177548 178008
178580 183795
185366 222682
223224 223561
227507 233632
235451 239489
239568 253840
253938 285949
298695 319695
Bacteroides_dorei_gi_423247421_ref_NZ_
1 13347
15256 15538
16124 17263
18507 20007
21404 21961
23014 28716
29383 40664
40779 41829
42449 42540
42985 43237
43481 46688
47314 47673
48496 56603
58469 58543
58936 67751
69355 79096
79814 83956
102629 117105
117861 129548
130069 134262
135143 140001
140647 140733
141704 146769
149268 158286
158827 182631
182861 199928
200551 211377
Bacteroides_dorei_gi_423245752_ref_NZ_
1 2726
3657 15053
15133 70667
73149 73576
74312 83902
84598 90353
90901 91118
95106 104278
105444 112873
115492 136971
138066 139389
139584 146726
147345 147557
151928 152787
154359 160822
161155 188926
189008 190743
191586 192078
193267 207275
212681 213016
219732 287343
289693 292083
292862 306853
307438 332615
332737 377443
377624 378790
380515 381760
382689 402410
402825 427959
429275 429675
429775 488354
519516 521174
528375 530802
548949 575030
575130 582437
583403 583533
583631 598838
599642 609503
610131 659762
661777 663095
Bacteroides_dorei_gi_423247905_ref_NZ_
1 8444
Bacteroides_dorei_gi_423247924_ref_NZ_
1 500
1246 2636
2753 3116
Bacteroides_dorei_gi_423244793_ref_NZ_
1 3350
4032 5486
6936 32414
33588 74694
75494 75602
79850 95766
97331 98159
100334 100501
101758 120423
127672 128162
129032 129200
132816 134540
135167 156528
159973 162128
163174 163445
164544 164671
174271 175087
176240 176753
177488 177967
178112 205833
209230 209811
211494 247778
247846 278194
280457 281259
283081 284409
285438 289701
291327 291665
292450 292586
293130 293382
294078 294809
295657 295755
298271 306801
307383 346368
346531 362599
363919 368511
369097 404333
404935 414004
416514 417120
417221 428537
429591 441563
442222 447930
450064 450929
451566 454465
455163 456158
457104 458247
461365 461424
465279 466384
466531 468695
470605 473643
474392 494958
495483 525390
526073 533764
534268 540715
542622 553905
554591 571792
572970 576592
577548 590410
591875 592292
592940 595216
595777 607926
608554 612627
613256 616695
617679 635011
649233 679927
690713 691001
692906 708215
708731 731738
732447 742816
743574 782476
788980 790108
814532 817772
823856 838967
849442 850672
857575 859666
859915 861635
864391 956655
957876 988382
989057 989404
1017433 1019917
1026173 1041444
1042321 1044278
1045026 1045805
1049288 1050218
1052089 1052322
1053212 1053947
1056283 1057460
1058784 1061872
1063457 1066377
1068165 1068562
1069248 1070168
1074130 1074718
1075459 1075689
1076533 1076994
1077862 1082827
1084671 1085968
1087241 1094103
Bacteroides_dorei_gi_423247915_ref_NZ_
1 4235
