Bacteroides_dorei_gi_423247225_ref_NZ_
1 16989
17713 49576
50663 50921
51829 52711
53998 54324
55105 56325
57359 57817
58343 58933
60055 60282
61163 65357
65971 70568
72853 73341
78789 79239
80338 119253
123386 135798
141812 146448
146534 146783
159299 168958
170546 174403
175125 186218
186874 194520
195436 201552
202128 284280
286476 287266
288169 300176
Bacteroides_dorei_gi_423247849_ref_NZ_
1 4557
5313 33143
Bacteroides_dorei_gi_423242718_ref_NZ_
1 53869
56505 67425
69907 220414
225239 258338
258977 263300
264510 278632
279584 285029
285586 302489
303333 303925
305069 305971
307318 307560
308617 312486
314182 314877
315651 315903
317366 318480
321465 439944
440576 443515
444727 527292
530893 572281
572924 731857
745243 794912
795439 804293
805280 815201
815720 815818
817310 845297
847741 850223
850770 851312
851815 852812
853663 886351
896077 896584
905102 999182
999800 1089772
1090371 1136869
1137952 1138750
1139886 1177038
1185246 1197368
1202666 1207044
1208104 1210224
1211044 1216601
1217159 1250546
1251308 1277206
1277990 1288438
1291706 1316285
Bacteroides_dorei_gi_423247604_ref_NZ_
1 939
4257 4311
10989 82560
83134 194128
Bacteroides_dorei_gi_423247930_ref_NZ_
1 2939
Bacteroides_dorei_gi_423247941_ref_NZ_
1 463
1226 2424
Bacteroides_dorei_gi_423243877_ref_NZ_
1 29327
30359 41724
46673 47857
48642 48973
49569 50723
74462 75744
76370 102474
103426 104573
105616 106133
107090 107715
109363 109438
109923 110040
110966 136711
152451 157935
164019 243821
244360 306751
306889 338597
339922 341183
341693 414180
421944 456076
460062 475558
477256 478964
485914 486403
487158 497658
498299 498562
499476 525092
525868 526037
526604 532622
533133 565937
568470 569262
570217 570931
571594 684795
685383 756957
771746 771845
776652 864471
864999 869015
869804 874901
875440 875533
876080 878663
879786 884370
885167 892427
892965 902324
902981 994078
995186 996279
997227 998035
1000665 1004789
1005908 1112589
1112922 1113499
Bacteroides_dorei_gi_423247950_ref_NZ_
1 1339
Bacteroides_dorei_gi_423247946_ref_NZ_
1 1907
Bacteroides_dorei_gi_423247893_ref_NZ_
551 8534
9073 9130
Bacteroides_dorei_gi_423246397_ref_NZ_
1 347631
350829 364542
Bacteroides_dorei_gi_423246758_ref_NZ_
1 61653
62346 87901
89693 91968
105161 146456
147743 169210
169655 196020
197801 200156
203030 314477
316866 318379
319069 319634
320259 320838
321465 327784
Bacteroides_dorei_gi_423247767_ref_NZ_
1 2730
13892 14702
18714 56242
68780 87224
Bacteroides_dorei_gi_423247935_ref_NZ_
1 2343
Bacteroides_dorei_gi_423246995_ref_NZ_
1 86209
93112 94453
95433 97259
97935 101335
111906 143402
143561 143827
145374 184809
185338 237775
238324 238602
242131 257473
263822 264156
264675 288294
311952 319695
Bacteroides_dorei_gi_423247421_ref_NZ_
1 7159
7432 39774
40673 83956
121330 121637
126498 127452
129051 132757
137136 149040
158349 158656
169050 178147
178652 182465
187569 211377
Bacteroides_dorei_gi_423245752_ref_NZ_
1 15053
15133 70907
71642 77204
78322 93486
94147 115464
115818 136971
138066 146726
147419 147557
151928 174436
185647 214250
216412 216750
218259 225383
230494 307479
324752 325153
330006 333103
337637 407579
411134 427959
429276 429675
430046 493868
519516 521185
521409 521519
524593 525123
528370 530798
548949 558271
558988 574904
575130 612274
624873 634619
645884 663095
Bacteroides_dorei_gi_423247905_ref_NZ_
1 8444
Bacteroides_dorei_gi_423247924_ref_NZ_
1 402
585 3116
Bacteroides_dorei_gi_423244793_ref_NZ_
1 47890
66498 78351
78977 81575
91434 143486
155806 155890
155994 159970
160616 166913
167507 485048
488583 522516
529579 529678
534023 534228
540275 619633
622211 622442
631237 653839
654491 660859
662107 689531
690714 691001
692865 756181
756840 784641
787901 788419
788980 790108
793344 795497
796966 797481
803519 804654
805439 805515
809214 810158
812035 812148
812948 813394
814050 818488
821583 821889
824069 824266
825227 825579
826168 826257
827351 831208
836342 837416
839062 840467
841011 843620
844159 845727
849442 850672
851185 851434
854187 854332
856048 863088
863809 864900
865494 1010318
1017433 1019917
1026173 1047639
1048146 1094103
Bacteroides_dorei_gi_423247915_ref_NZ_
1 4235
