Bacteroides_dorei_gi_423247225_ref_NZ_
1 5174
6377 15762
16046 16171
16435 16988
17864 18011
18178 21254
21389 21523
21801 22009
22823 35886
37497 49530
50671 50921
51056 53254
54753 55022
55154 55391
55597 59343
59924 60875
61071 70568
71715 73776
74321 74994
75582 75706
80202 81500
83235 83438
84064 85616
85758 85984
86264 86460
86621 103871
104146 104351
104749 104852
105080 105240
105676 109578
109750 119794
120410 122734
123386 123481
124225 124887
125211 125364
125716 126820
128036 129100
129286 129432
129582 129748
130464 142732
143702 143849
144321 144816
145684 146128
146415 146564
146820 146981
147097 160117
160717 169017
170535 170719
171129 171375
171943 172096
172621 173002
174351 174597
175203 175518
176306 176395
176548 176769
177028 177186
177753 177916
179185 179717
179888 180526
180836 180969
181299 181520
181867 183523
184103 184288
184397 185643
187319 188937
189377 189517
189596 189857
189943 190125
190908 191036
191127 191316
191423 192056
192204 192436
193129 193270
193697 193958
194318 194520
196906 201551
202128 202305
203156 204181
205584 232743
234987 236161
236434 236964
237281 237448
237562 238749
239722 240998
242879 243094
243825 244012
244123 244716
244919 245059
245255 245405
245534 245664
245790 258885
259064 259222
259364 276473
276622 276801
277672 278279
279076 279156
280027 280188
280335 280499
280944 281424
281665 281829
282621 284516
287086 287205
287387 287479
288280 300176
Bacteroides_dorei_gi_423247849_ref_NZ_
1 4549
5313 8209
9066 9245
9572 10440
10805 10929
11133 11473
11600 11812
12418 33143
Bacteroides_dorei_gi_423242718_ref_NZ_
1 751
1164 1430
1899 2061
2404 8984
9279 22175
22359 22522
22695 22854
23012 23147
23305 23529
23811 23934
24097 24254
24426 24556
24780 31472
31580 31708
32047 32272
32407 32572
32758 48274
48535 48741
49300 53466
53707 53879
54554 67412
69907 180788
181060 181191
182853 220367
220484 220602
222779 222985
224930 225357
225514 225769
226524 229111
229379 230262
231096 233673
234056 234199
234765 258242
259339 260360
260496 260714
260821 263505
264510 265382
267131 267294
268609 278632
279023 283873
285581 293666
295125 295380
298046 302436
302938 303322
305069 307744
309713 314719
317369 317710
318275 318511
321465 324488
324683 324843
325096 326495
328271 330797
331789 365671
368723 380648
380795 380977
381082 381319
381544 393944
394049 394203
394344 394528
394760 395250
395845 396001
396360 408122
408810 408955
409076 411760
412035 412234
412799 412875
413760 424481
424615 424800
425281 436911
437041 437221
437358 437507
438835 438897
441624 441917
442756 442832
445193 451969
453255 459454
460183 463293
463969 464932
465195 465382
465688 465891
466424 466626
466744 466891
467570 495809
496125 496373
496754 497227
497349 499670
499950 509824
510334 516343
518621 550080
550612 550926
551183 551369
551517 551751
551940 552109
552176 552370
552447 552669
552741 552965
553101 553342
553651 555103
555601 555785
555931 556079
556289 561171
561363 561513
561647 561854
562199 564155
564381 564622
564756 564929
565037 567207
567316 567566
567705 567937
568109 568654
568838 569248
569400 569537
569707 569797
569932 570103
570172 570330
570473 570631
570744 570897
570999 572332
572925 576342
576466 576651
576875 577061
577371 577547
577650 577797
578031 587349
589009 589201
589440 589615
589755 622956
623316 636440
636597 636820
636987 649907
650555 650826
651067 651262
651613 651826
652076 652235
652370 652594
652965 654517
655748 658425
658558 658737
659887 673570
673684 673862
673984 674165
674249 674427
674584 688570
688691 688920
689369 691705
692879 693056
693324 696110
696218 696352
696754 696994
698432 700019
700335 700547
700792 701271
701725 701901
702072 702263
702475 702614
703261 704057
704622 704774
704908 707285
707379 707555
707735 707885
708094 709580
709964 710190
710385 710642
713122 713268
716722 716938
717017 717187
717389 725699
725905 726082
726359 726518
726721 726882
727098 743044
745098 748451
749032 749112
749663 756904
757030 757202
757583 762542
763400 774693
779824 780286
781594 786418
786530 786740
786829 787024
787124 790782
791047 791226
791850 792067
793532 793835
794768 794940
795571 795769
795919 800639
801341 807187
807488 807607
807902 808405
810565 810615
811676 811863
812279 813693
815239 815838
817310 817591
818595 835267
835384 835566
835756 836009
836148 848343
849163 849457
851819 852613
854137 854381
857886 858046
858245 859413
859623 859858
860465 860590
860785 860965
861106 861309
861448 863149
863467 863577
863757 863965
864079 865486
865594 865782
865921 866092
866300 876514
877364 887628
897800 906196
906649 907116
907235 908549
914862 914945
915520 923607
923886 924020
924511 924722
925036 934763
935697 938551
940668 942737
943420 958123
960348 1000174
1000832 1001071
1001936 1002055
1002634 1003624
1004813 1005034
1005243 1005606
1005852 1006013
1006285 1006565
1006633 1006841
1006985 1007185
1007452 1025488
1025710 1026144
1026734 1039088
1039322 1039549
1039640 1039828
1039933 1040119
1040366 1042286
1042562 1042789
1043407 1043805
1044125 1045029
1045986 1053175
1053713 1055244
1055786 1059756
1060342 1061363
1062337 1082219
1082357 1084341
1085215 1089771
1090805 1091098
1092658 1096232
1096618 1096796
1096920 1111269
1111450 1114257
1115119 1136839
1137952 1139143
1139894 1149091
1152964 1173603
1174094 1174282
1175259 1175747
1176050 1193136
1202667 1207043
1208090 1208854
1209333 1209515
1211236 1211389
1211546 1211800
1212335 1212486
1213375 1213957
1214315 1214493
1214741 1215931
1216088 1216232
1217336 1217495
1217827 1217950
1218551 1231203
1232082 1233195
1233304 1233523
1233686 1233844
1233943 1234074
1234241 1234385
1234552 1235112
1235287 1235443
1235812 1237451
1237596 1237765
1238009 1238165
1238283 1239454
1239520 1239682
1239850 1240062
1240470 1242581
1242771 1243004
1243174 1248219
1248600 1248664
1248857 1248987
1249770 1250545
1251341 1251417
1251715 1251780
1253175 1253281
1254103 1256484
1257250 1257426
1257943 1258154
1258595 1258736
1259117 1259171
1259808 1270501
1270630 1270816
1271579 1271884
1272449 1272679
1272829 1274207
1274323 1274525
1275116 1276436
1276603 1276764
1277990 1279703
1280434 1281553
1283029 1283383
1284126 1284622
1284747 1284979
1285191 1285303
1285461 1285615
1285689 1285887
1285976 1316285
Bacteroides_dorei_gi_423247604_ref_NZ_
1 1123
4153 4311
4942 13850
14399 20325
23875 23973
25362 26041
26163 26346
26437 26641
26888 39574
40768 49402
49551 49682
49750 49952
50047 50211
50540 53133
53324 53537
53638 53822
53968 54371
54580 54814
55058 68352
68543 69024
69715 76930
78111 78779
79539 81804
82446 82868
83317 90564
91578 109274
110115 111709
112225 123917
125283 127484
128123 160593
161110 188931
193600 194128
Bacteroides_dorei_gi_423247930_ref_NZ_
1 2939
Bacteroides_dorei_gi_423247941_ref_NZ_
1 394
1226 2424
Bacteroides_dorei_gi_423243877_ref_NZ_
1 5977
6149 6342
6697 7583
7715 8005
8243 8292
8423 8613
8815 9054
9226 11372
11556 11672
11894 12102
12788 13008
13523 13623
13887 13954
14386 14518
14870 15332
15785 16016
16269 19003
19122 19264
19977 20161
20592 30998
31360 31490
31628 31875
32036 39981
40082 40302
40405 40565
40711 48805
49570 74909
75671 80362
80872 93526
93829 93993
94122 94305
94473 94599
94774 94903
95425 95558
95748 95902
96096 96325
97129 97303
97571 98358
98548 98782
99223 100263
102166 102293
104210 104294
112289 112502
112653 123275
123499 123685
123791 125306
126968 128237
130366 138049
140355 146158
146745 147498
148771 149218
149832 150089
152270 152591
153439 153856
154510 155788
157836 171129
171723 173981
174622 176268
176374 176527
177010 221645
221811 237897
238082 238232
238897 245237
245797 245957
246243 263529
263785 263975
264098 264242
264334 265879
266125 266286
266778 267017
267233 267293
267439 267562
268708 268995
269507 269775
270297 271730
272238 274116
274291 274478
274628 274760
275328 285050
286423 286618
286718 286912
287019 292424
292655 292895
293374 293581
294182 294316
294437 295973
298728 299176
300390 301511
303359 303514
303676 303930
304190 304401
304672 305014
305134 305312
305424 305890
306164 314794
315816 321499
322760 322971
323251 324450
325254 325328
327573 327654
330135 330394
333425 338190
338496 338627
339923 340214
341756 341942
342695 345051
345646 355195
356258 356486
356659 363138
363280 363499
363627 363850
364020 364200
364320 372232
372746 375644
376227 376454
377113 378261
378374 378798
378955 379093
379204 384501
384696 384821
385134 385318
385494 385611
385794 385936
386091 386265
386379 387855
388363 388412
388688 388799
388873 389095
389633 389714
389868 390081
390340 390486
390631 390793
390903 391088
391573 391812
392433 397618
397945 398163
398507 398572
398874 398931
399057 408876
412995 422245
422921 423172
423307 423567
423774 424424
424943 425345
425725 425905
426023 426213
426299 426494
426705 428362
428712 428991
429126 429327
429473 429657
429757 429873
430711 432423
432668 433146
433349 433880
434288 434425
434757 456098
456623 456707
460265 460418
460537 460733
460869 463566
464762 465827
467690 472231
472405 472539
472777 472950
473096 473325
473469 475385
477273 477452
487803 491081
491304 491451
491727 494400
494926 495563
496261 496997
497291 497428
499897 500111
500553 500839
501663 507773
507918 508118
508367 508592
508742 509848
510370 513733
514025 514146
514460 518128
518405 518586
518782 522908
523291 523466
524557 524799
524950 525091
526638 531136
533525 534431
534651 534860
534963 535156
536058 536429
536589 536766
537164 537461
538115 538184
538314 538490
538783 539434
540145 545347
546681 549532
550458 550701
550836 551854
552071 552316
552510 552756
552888 553090
553455 555067
555206 555683
555912 556148
556274 556456
556628 557398
557588 558053
558203 559043
559182 562145
568954 569262
570217 570552
575060 575958
576531 584797
585901 587123
587401 587617
587908 590033
590682 592049
592265 592382
592739 611418
611724 611935
612717 612860
613106 623895
628481 629510
630872 633475
637156 640526
644490 649113
659665 660267
660821 661226
662142 663039
663305 663913
664953 665190
666051 674183
674898 684374
684668 684826
685579 686701
687392 687995
689079 689195
689378 713530
713848 714036
714171 718418
719438 725627
726262 765581
766883 787009
787629 788156
788752 789642
790804 791001
791220 792360
792823 793004
793144 793335
793482 794048
794599 794833
795403 796553
796676 796876
797014 797197
797458 805446
805688 805840
805925 806156
806277 806969
807496 853795
854030 854189
854595 856270
857408 857551
858389 858545
858975 859104
859212 859351
859492 859630
859820 860743
861798 863112
865011 865551
865700 865876
866058 866225
866370 866524
867894 868080
868357 868950
870993 871181
871474 872190
872325 872481
872978 873644
873921 874086
874516 874596
876477 878197
878469 878646
879988 880132
882355 882440
882634 882849
883427 884182
885229 885832
887925 888212
890429 891429
891578 891752
892157 892426
892998 894032
894308 894456
897003 897150
899030 899176
899880 899949
900641 901886
902982 903345
903737 903958
905196 907939
908069 908256
908797 909950
910414 910923
911546 912227
912763 912920
913114 913184
913406 913624
913837 914066
915191 921682
921806 922041
922307 922469
922656 925035
944842 957719
960055 965022
965523 971021
971249 996531
997104 1005768
1006321 1012281
1013224 1015595
1016302 1018916
1019673 1029995
1030240 1030380
1030775 1031093
1031229 1031398
1031545 1031678
1031846 1031899
1032486 1032655
1032768 1033002
1034027 1054735
1055787 1056752
1056923 1057070
1057307 1057528
1057798 1064098
1064708 1082661
1082960 1083174
1083849 1085275
1085769 1088117
1088398 1096459
1096638 1096769
1097451 1112589
1112824 1113499
Bacteroides_dorei_gi_423247950_ref_NZ_
1 1339
Bacteroides_dorei_gi_423247946_ref_NZ_
1 1907
Bacteroides_dorei_gi_423247893_ref_NZ_
552 876
2523 5533
5660 6104
6405 6472
7102 7249
7607 8238
9055 9130
Bacteroides_dorei_gi_423246397_ref_NZ_
1 107
2730 27036
29098 38372
39173 63068
63264 63437
63800 69125
70298 80440
80542 80735
80893 81089
81301 103546
103747 153790
154507 154641
155251 157510
157889 158007
158230 165156
166976 178044
178351 178818
178968 180696
180764 181002
182437 183527
188829 188954
189178 189345
190378 201656
207620 210321
210728 210842
211418 211618
212011 220841
221026 221141
221299 221493
221598 221735
221844 269160
269465 269630
270239 270401
271569 271720
271787 284495
284730 285235
285404 302095
302276 302932
303701 364542
Bacteroides_dorei_gi_423246758_ref_NZ_
1 20951
21193 21342
21530 21727
22388 26545
27110 29148
29422 29558
30062 39376
40769 40961
41167 41331
41639 42105
42283 42513
42623 42762
42919 51322
51673 51925
52212 52372
52741 53064
53996 54735
55282 55337
55881 56040
56192 56784
57566 57819
58014 58471
58769 60799
62316 62557
62695 70375
70765 70859
71122 71186
71349 71493
71885 73219
73906 74119
74225 77311
77577 77744
78961 79096
79303 79451
79937 80096
81255 81596
82427 82582
83384 83575
83815 86512
87107 87222
87308 87462
87694 87752
88096 94007
102633 108661
110823 115803
122191 143503
143830 158798
159374 197730
197998 198245
198422 203360
203849 204030
204156 205538
206236 206296
207196 207385
209009 209170
209336 209689
210621 226167
226956 228853
231699 231774
234425 240422
240630 240792
241435 259039
260024 279100
279335 279513
279627 279819
280004 281851
282052 282285
282609 288387
288962 304778
304966 307507
307881 308065
308175 314477
316866 318321
319069 319540
321469 327784
Bacteroides_dorei_gi_423247767_ref_NZ_
1 20115
20373 20912
21016 23010
23573 24752
25362 26162
26337 26573
26903 27216
27394 27566
27702 27837
28031 28353
28470 28604
28928 29055
29165 35851
36892 68339
68575 68779
69034 69259
69370 69521
69707 69883
70074 71549
72131 72347
72533 72728
72807 72951
73577 87224
Bacteroides_dorei_gi_423247935_ref_NZ_
1 2343
Bacteroides_dorei_gi_423246995_ref_NZ_
1 21059
21829 36138
42339 55904
56123 56178
56473 56663
56911 57091
57158 57372
57527 58119
58754 58995
59856 60080
60516 75460
76907 77080
77256 78184
78307 78498
78720 78866
78963 85012
85170 85355
85495 85632
85907 89078
90216 93083
97711 97829
101022 101444
104969 119725
123691 139927
140191 140433
140576 142902
143410 143898
145386 150088
151072 151967
152287 152472
152550 152778
154239 155004
155688 155914
156023 156982
157168 159847
160450 161016
161336 161516
161825 174939
175325 176892
177191 177319
177563 183795
184406 184617
185277 215996
218536 219657
219992 220133
222734 225842
225988 226225
226408 226583
226719 226876
227056 227242
227695 227835
228743 233633
233798 233944
234354 234592
234930 235153
235451 236305
238115 238326
238540 238671
240331 253477
253604 253829
254002 254226
254325 258116
258988 259325
261391 261979
262687 295917
296708 297093
298177 319695
Bacteroides_dorei_gi_423247421_ref_NZ_
1 13378
13833 14079
14190 14399
14819 15035
15256 15674
15896 16120
16228 16414
16544 41155
41247 41411
41612 41829
42115 42168
42387 42558
42872 46688
46813 46965
47204 59445
59561 80708
80833 81041
81134 81304
81799 101514
102629 123644
125051 126556
126819 127029
127187 127370
127484 127729
129053 137168
137397 137592
137815 142444
142782 142931
143250 143367
144034 144237
144915 145143
145399 158920
159471 180009
181088 183454
184483 185702
187569 187948
188346 190294
191227 204139
204780 211377
Bacteroides_dorei_gi_423245752_ref_NZ_
1 15053
15133 70863
71704 72053
73041 77526
78154 84058
84587 91210
91754 91883
92967 93245
94743 106732
107766 107926
107999 108225
108563 121854
122449 130542
130656 136971
137437 137783
138066 146726
147345 147865
149430 149562
151928 152888
153015 153199
153350 153572
153683 154010
154417 154990
155149 190972
191163 191338
191527 191701
191839 192356
192739 192872
193067 195188
197522 197648
197954 203280
203390 203594
205353 205584
207166 207397
207541 207731
208048 208414
208508 208745
209025 209234
209352 209523
209631 210820
210941 211157
211453 211684
211821 214226
217437 217517
218208 218789
218934 219163
219426 219626
219750 219956
220127 238445
238604 238850
239032 239236
239355 288480
288702 288857
289034 289230
289504 303823
305259 305534
306890 353918
354888 355004
355201 370130
370697 370964
371255 418731
421375 430653
432734 433146
435803 439460
440225 440293
443185 443538
444918 445327
446586 447269
447828 458025
458179 458393
458946 459023
465288 466034
471796 472132
473437 473548
476065 476213
477077 477577
484224 484279
485176 485303
486066 486182
488289 488423
492204 492769
493648 494055
495787 496004
498064 498865
502860 502957
503461 503573
509235 509348
515669 515812
519516 521185
522491 522654
524559 535943
536670 536798
544728 544967
546330 546486
548213 558405
559021 562968
563528 566899
568432 568619
568951 569112
570383 570929
572196 572277
573377 574579
575130 595130
595755 595883
597677 597812
598054 621022
621245 621401
621916 623171
624879 646787
647315 649894
650508 659771
660012 660137
661746 663095
Bacteroides_dorei_gi_423247905_ref_NZ_
1 1596
2457 8444
Bacteroides_dorei_gi_423247924_ref_NZ_
1 3116
Bacteroides_dorei_gi_423244793_ref_NZ_
1 26942
27060 27191
27452 27638
27837 32933
33518 66466
67412 67480
67632 67764
69081 69253
70307 70631
70997 71206
71314 71571
72595 73930
74401 74562
75646 75788
76570 76709
77387 77841
79372 81030
82017 95917
95986 96214
96433 96658
96724 98161
98267 98504
99142 99418
99989 100712
101252 101378
101567 107976
110223 111056
113348 116631
117557 120281
120441 120629
121050 121257
122071 122267
122873 123056
123197 123321
123519 123699
123866 124811
125789 125841
125910 125977
126152 126391
126491 127172
127335 127478
127777 128005
128109 128321
128639 128805
128985 129200
129366 129497
129767 129966
130100 130684
131090 131250
131680 137611
137774 156528
159208 161541
162179 162827
163059 163201
163301 163486
163691 163855
164103 166912
168683 168886
169094 169213
169536 175613
175833 176031
176202 176327
176499 176879
176982 177229
177460 177691
177841 177980
178174 204341
204625 204834
205263 205643
205862 205991
206280 206463
207241 208025
208342 208560
208918 209054
209214 210094
210504 210708
210894 216041
216970 220733
220903 221034
221569 221694
223609 259748
260379 260918
261503 261688
261887 278198
278369 278552
278800 278951
279246 279365
279522 284513
284618 284773
285173 289419
289535 289991
290292 290487
291043 291915
292280 292481
292656 292835
293130 296300
297059 362869
363337 363580
363851 368564
369096 432179
433859 447943
448178 448447
448591 449336
449982 459178
459468 459663
459797 459977
460974 463944
464425 464594
464723 465656
465838 481870
485552 485739
487983 509678
511256 522993
524326 561913
563798 568990
569534 571815
571943 572120
572522 576325
576512 576679
577513 590123
590650 591157
591421 591664
591875 592375
592864 592979
593191 593913
594524 594737
594923 599113
600596 607698
607799 607958
608381 617073
617187 617923
618062 631298
631903 632159
633588 634069
634595 635207
635446 635617
635721 635910
636083 647217
647430 647656
648597 650093
652315 653015
654574 654864
657210 662099
663223 671053
672065 676813
676941 677135
677256 677393
677690 689788
690713 691001
692550 701990
702097 705572
705683 711690
711842 714935
717510 719314
719826 720072
720597 724340
726487 726676
726991 734280
734431 734593
734744 734943
735101 735267
735413 735561
735697 735830
735984 740735
740943 741187
741942 742800
742958 746246
746791 753647
754140 754272
755924 767745
768490 782526
788980 790108
794277 794537
795322 795510
804019 804415
805833 805912
812009 812145
814611 818429
818879 818954
823627 823809
825227 830891
835262 835400
836388 836608
837096 841164
843162 843291
849437 850667
855709 864899
866081 866364
867172 908235
912558 912669
920549 920620
921409 938413
941967 942346
946984 957066
957797 976106
988382 994723
995535 996128
996990 998457
1002559 1003061
1004381 1004793
1005615 1006604
1009049 1010757
1015410 1015837
1016773 1022779
1025118 1025515
1026033 1046976
1047160 1047281
1047510 1047669
1048147 1050362
1050466 1050672
1050951 1051163
1051574 1051781
1051873 1055553
1055701 1055863
1056114 1056299
1056688 1057057
1057371 1057582
1057782 1057907
1058379 1058538
1058732 1058875
1058998 1070493
1070689 1070845
1071026 1071176
1071530 1083259
1083659 1086297
1086543 1086752
1087281 1094103
Bacteroides_dorei_gi_423247915_ref_NZ_
1 4235
