Bacteroides_dorei_gi_423247225_ref_NZ_
1 529
6454 9527
13992 14615
18346 21263
22831 48504
48573 61794
62456 95117
97416 105185
108532 109207
110046 129099
130008 130079
131744 141757
146888 171842
179052 179733
179900 180467
182110 187921
193172 201301
203281 235630
237563 238749
243879 244714
245812 258582
259117 272866
273546 288507
289031 289132
289370 300176
Bacteroides_dorei_gi_423247849_ref_NZ_
1 3064
6904 7164
12418 27750
28082 33143
Bacteroides_dorei_gi_423242718_ref_NZ_
1 8614
9280 17009
17088 20250
22444 22541
24657 28050
28553 31442
32051 67425
69907 173364
174266 174536
175428 180132
183016 220414
227702 228039
231190 233637
236953 250868
251950 252257
252786 258160
259339 260353
262663 263300
264510 302007
321465 330164
330717 380514
381563 386649
387829 394343
395060 408062
408886 414802
415398 419897
420625 441749
449589 463231
467594 468052
468927 470618
471222 471957
472080 473962
475566 481234
483063 495205
496786 499634
500181 525867
527180 527586
546557 547226
548228 548493
549221 549304
550030 550162
552391 552663
554056 554389
554852 554966
557737 557845
568318 568653
570635 570793
571047 571484
579049 579187
582859 587349
594348 596265
596914 636385
637423 638651
638994 652346
674227 674289
689393 690789
691080 691684
693046 699683
700824 701156
703384 703713
704676 705945
706626 709008
710003 716423
717051 717433
718468 718552
719625 721826
723380 724325
727684 757006
757825 762219
774467 786705
787487 787651
789445 789538
789751 794888
798072 798392
799739 800011
801343 801722
802316 807043
808279 815742
817599 818657
827653 834836
835884 842037
842563 859656
862443 865589
866519 886351
906138 906196
929466 929846
944324 991157
993479 998399
1006416 1006833
1007484 1008028
1008661 1025852
1026759 1032341
1032413 1039795
1041127 1041246
1044235 1068284
1082926 1083778
1085220 1096056
1096657 1096985
1097249 1109029
1109616 1109707
1109990 1113565
1118006 1136839
1137952 1164049
1164937 1171358
1171870 1183580
1183683 1226324
1226599 1226755
1227576 1229422
1230126 1232447
1232955 1233455
1235032 1235840
1236622 1237770
1238108 1238687
1239236 1239725
1240948 1242254
1243005 1243443
1244891 1246792
1247477 1247665
1260762 1263175
1263679 1270488
1273388 1273711
1275406 1284761
1285985 1314520
1315490 1316285
Bacteroides_dorei_gi_423247604_ref_NZ_
1 4247
17500 51145
66258 67332
68708 69087
70129 79453
79978 86228
86730 96328
96958 97225
110570 112397
112624 121282
126431 194128
Bacteroides_dorei_gi_423247930_ref_NZ_
1 2939
Bacteroides_dorei_gi_423247941_ref_NZ_
1 385
1250 2424
Bacteroides_dorei_gi_423243877_ref_NZ_
1 4126
5543 5836
12421 12477
16568 19026
20618 21934
29328 30977
32412 39647
41136 44195
44736 47304
48031 48579
50053 50703
50869 54379
54501 58099
58176 74926
76370 93858
99450 99781
111616 111703
113958 114469
115835 152395
154765 176240
177026 185843
186069 190805
192876 194644
195621 195899
196419 196685
197217 197394
197612 205496
206856 212633
214361 214584
216017 218614
219171 221255
221528 221817
222542 227361
227480 238184
240032 245237
246554 263241
264692 265442
270321 270670
274219 274655
275976 284269
286867 291580
294789 301423
305172 305875
306908 321006
323759 337702
342708 346332
346925 350010
350556 350798
351482 354875
356699 363699
364320 372204
377345 382317
383173 388513
391764 391960
392725 398156
398671 422221
423882 424327
426025 426294
427192 428003
429194 429321
431036 431160
432175 433081
435056 436936
437948 471252
471953 472277
472815 490776
492041 494265
502517 503293
503855 508857
508924 513698
515592 516318
516435 516499
517062 517644
518563 520779
521070 522908
526677 531661
540163 547326
551038 551236
553472 554806
558764 584296
588799 589611
593207 594702
595051 611404
613684 660243
661101 661226
662935 663001
667746 682791
686199 686286
689483 696361
697180 704961
705650 706370
706887 725624
726560 726907
728210 747490
748484 751859
752122 787160
787826 788100
792911 793184
797160 805621
808204 813826
816100 826481
827065 839101
839831 853543
855670 856106
890750 890938
900663 901366
906704 907938
909760 909836
961735 964815
965547 970016
970520 981817
995189 1016350
1019613 1024387
1025633 1029212
1030043 1030360
1030883 1032155
1032807 1043666
1044432 1047261
1047470 1047563
1047787 1057194
1057800 1063394
1064687 1065157
1066845 1087911
1088398 1095934
1096352 1108685
1110251 1111874
1112922 1113499
Bacteroides_dorei_gi_423247950_ref_NZ_
1 1339
Bacteroides_dorei_gi_423247946_ref_NZ_
1 1907
Bacteroides_dorei_gi_423247893_ref_NZ_
2650 4403
5242 5932
Bacteroides_dorei_gi_423246397_ref_NZ_
31140 79839
80559 136379
136752 151817
152406 153709
155338 157402
167412 178064
178917 179619
180335 219241
220253 220359
222266 269113
271669 282226
303701 305368
311729 311851
332666 333607
336743 343042
349870 364542
Bacteroides_dorei_gi_423246758_ref_NZ_
1 20882
21761 28224
28830 29070
30113 30397
30635 30778
30885 38318
38956 40732
42374 43572
44159 49864
59007 59200
63148 70322
76593 152345
153751 174174
174829 203288
209483 227415
235780 239831
268162 278103
280759 288385
305151 314477
316866 318321
319069 319269
321515 327784
Bacteroides_dorei_gi_423247767_ref_NZ_
1 19970
20752 22278
26376 26831
27997 69422
70209 71540
72722 72843
73601 75745
76650 77124
77661 87224
Bacteroides_dorei_gi_423247935_ref_NZ_
1 2343
Bacteroides_dorei_gi_423246995_ref_NZ_
1 9711
10275 20772
21950 22348
22876 49011
49708 50130
50652 52900
53448 57167
61506 61667
62089 77250
78053 78314
79889 80274
81020 82032
82210 85144
86251 92103
92240 110614
111499 112976
113763 122923
123931 129485
130149 130270
131085 139709
140595 143402
143561 143827
152757 161358
162273 162466
162730 163357
164183 174843
175543 176322
177258 177352
177583 183795
185305 222682
223244 223529
228990 233416
235473 235907
238727 253344
253623 253769
254633 256909
263578 303791
303893 319695
Bacteroides_dorei_gi_423247421_ref_NZ_
1 14074
15255 15539
16380 17252
17591 17690
18643 19986
20270 20336
23481 29155
29407 29558
29810 41321
42960 46688
47218 53540
53790 56603
58469 63656
64309 67707
69045 69992
70172 72890
73420 73936
74109 79133
80048 80113
82126 84000
121330 121637
126270 126573
129051 129222
129435 129589
130069 132617
138282 140120
141159 142375
146787 147097
148411 148609
158349 158653
169050 178147
187569 187948
196556 199952
200502 211377
Bacteroides_dorei_gi_423245752_ref_NZ_
1 15053
15133 70829
73057 73595
74164 84034
84598 87954
88418 91162
91842 91980
100992 104397
105011 112873
113595 113885
115597 130542
130660 136971
138066 146726
147419 147557
151928 152003
152619 152787
154092 190787
191586 208128
209503 209635
213425 214070
218495 218756
220423 221724
235529 266419
267005 287458
289981 291576
291677 292299
292868 332599
332737 377408
379420 382180
382647 401393
402068 402194
421895 427959
429275 506425
519516 521174
528375 530802
548949 558199
559145 559613
575466 576308
577317 582132
582903 609251
610131 610229
610773 612274
624930 635711
635847 659762
661795 663095
Bacteroides_dorei_gi_423247905_ref_NZ_
1 8444
Bacteroides_dorei_gi_423247924_ref_NZ_
1 500
1258 3116
Bacteroides_dorei_gi_423244793_ref_NZ_
1 5688
6936 32512
33531 77878
79470 81030
91757 95750
97628 98159
100437 100561
101681 120274
128183 128287
129049 129200
132761 140207
140467 156048
159973 161303
163174 163445
165349 165504
169732 170233
174189 175073
176499 176753
177177 177929
178458 208445
209121 209214
211000 229944
230472 278185
278441 278543
280168 281299
282712 284870
285454 289701
291079 291885
293130 293521
294171 294556
297623 324681
324818 362810
363870 368546
369099 398173
398799 400448
401142 404057
405406 448718
450064 455976
456956 458050
465279 468836
469561 471014
471537 511222
511787 511929
534023 534228
540275 541316
542946 543056
551848 571774
572880 573859
574391 576640
577548 594557
596145 597846
598655 607294
608569 616788
617503 619633
622418 662099
690713 691001
692865 700367
701530 737078
737347 742634
743341 756181
782357 782463
788980 790108
817389 817772
829158 830318
839479 839907
849442 850672
857575 863073
864734 864894
867557 956722
957876 988382
989061 989408
1017433 1019917
1026173 1037048
1038425 1041454
1043906 1045579
1051983 1052322
1053551 1053984
1059035 1059348
1059624 1062158
1066171 1066308
1068416 1068508
1074045 1075662
1076564 1077053
1077875 1082974
1084946 1085734
1087434 1094103
Bacteroides_dorei_gi_423247915_ref_NZ_
1 4235
