Bacteroides_sp_9_1_42FAA_gi_224485402_ref_NZ_
1 22266
24646 25333
27394 27678
29409 34949
36687 37841
38538 39588
40103 44143
53328 64460
65427 66450
80797 138597
139118 141264
141875 142689
145625 146098
147714 154373
Bacteroides_sp_9_1_42FAA_gi_224485397_ref_NZ_
1 7779
12913 13143
19851 20384
22851 23158
25729 29224
31068 40592
41708 92726
93374 105365
106085 111136
127020 133349
150688 176175
178482 182091
182866 191805
192489 194359
195349 210248
216447 216612
221217 221447
223193 226960
Bacteroides_sp_9_1_42FAA_gi_224485430_ref_NZ_
1 948
Bacteroides_sp_9_1_42FAA_gi_224485425_ref_NZ_
1 2421
Bacteroides_sp_9_1_42FAA_gi_224485408_ref_NZ_
1 22810
Bacteroides_sp_9_1_42FAA_gi_224485420_ref_NZ_
1 828
1510 2411
3342 4941
Bacteroides_sp_9_1_42FAA_gi_224485400_ref_NZ_
1 29234
30409 34499
34855 36798
37833 40225
41347 43087
44657 46398
51075 51267
51382 51660
61146 61511
65610 73299
74235 91259
93967 95289
96017 104402
104490 128226
128885 132877
135835 138393
140240 141751
144717 145556
146286 155509
156490 156764
157641 161535
163975 164301
165185 165360
166357 168108
169891 170171
171184 171587
178138 178227
181667 181972
183987 213209
Bacteroides_sp_9_1_42FAA_gi_224485395_ref_NZ_
1 14527
15155 25015
25819 118621
119550 120795
122520 124372
125714 210888
211667 214058
216408 244370
246423 280052
281581 286083
286768 287103
292509 306517
307706 308198
309041 336304
337470 350530
Bacteroides_sp_9_1_42FAA_gi_224485403_ref_NZ_
1 5645
6268 46219
46759 55776
58275 58406
63149 63340
64311 64397
65043 65958
67436 69329
70210 74403
74924 75421
82842 83147
87372 151142
Bacteroides_sp_9_1_42FAA_gi_224485398_ref_NZ_
1 1514
4115 7001
8883 37305
38152 42114
42736 48246
51334 54274
56737 57828
61408 65141
69871 70038
71156 87865
88606 91331
92310 92892
103524 104342
105961 107010
108072 108326
109277 111833
132431 132704
133821 134053
146061 158385
160297 161586
165949 166981
168567 181680
182593 195342
196363 222834
Bacteroides_sp_9_1_42FAA_gi_224485427_ref_NZ_
1 1429
Bacteroides_sp_9_1_42FAA_gi_224485422_ref_NZ_
1 4714
Bacteroides_sp_9_1_42FAA_gi_224485409_ref_NZ_
1 12176
Bacteroides_sp_9_1_42FAA_gi_224485390_ref_NZ_
1 962
2235 3532
5374 10339
11208 11669
12513 12743
13484 14072
18034 20037
21825 22299
26347 26880
28130 31968
34304 35039
35929 36162
38033 52522
55128 55907
56655 57240
58096 58244
59520 64464
65061 104092
104850 115219
115928 128588
129267 139094
139610 157458
157690 158404
159945 160233
171017 188836
214953 232285
233268 236707
237336 241418
242046 251073
252514 253545
254835 263401
263957 266414
266995 267374
268807 269176
270525 270664
271261 274398
275153 294905
295591 315246
315750 323441
324124 351310
352234 354006
354531 375097
375846 378884
379895 384969
386810 388882
392000 393145
394091 395086
395784 398683
399320 400185
402319 408027
408686 420657
421711 434973
435673 435894
436065 440226
440907 477823
478409 539534
540116 548646
551162 551260
552108 554458
555243 555581
557207 558602
559419 561015
562044 563401
565223 584075
589521 626418
627614 629179
630126 630312
634066 635067
637853 639093
641978 644337
645551 648484
651322 651506
655735 655869
657400 657996
659001 659402
661283 661580
662491 663403
664914 665780
666313 666623
673410 677816
678969 685694
689385 689512
690611 690882
691928 697518
728699 745209
746466 746633
748809 749637
751202 770547
771347 811387
812561 836368
837818 838118
Bacteroides_sp_9_1_42FAA_gi_224485411_ref_NZ_
1 9076
Bacteroides_sp_9_1_42FAA_gi_224485412_ref_NZ_
1 7946
Bacteroides_sp_9_1_42FAA_gi_224485429_ref_NZ_
1 1118
Bacteroides_sp_9_1_42FAA_gi_224485439_ref_NZ_
1 42908
Bacteroides_sp_9_1_42FAA_gi_224485424_ref_NZ_
1 2521
Bacteroides_sp_9_1_42FAA_gi_224485423_ref_NZ_
1 1669
3267 4148
Bacteroides_sp_9_1_42FAA_gi_224485417_ref_NZ_
1 5806
Bacteroides_sp_9_1_42FAA_gi_224485416_ref_NZ_
1 6323
Bacteroides_sp_9_1_42FAA_gi_224485393_ref_NZ_
1 2758
38535 55602
56166 81427
81952 82310
84948 87221
87927 88558
89680 91225
92714 94285
95747 96084
97131 98205
98886 99994
101685 118497
119076 124403
125363 125938
126675 168767
169384 255193
257120 266730
267624 268396
268558 283013
283620 285272
286089 292806
293994 299194
299414 346024
347154 353004
353792 367316
368072 410569
411315 423566
Bacteroides_sp_9_1_42FAA_gi_224485396_ref_NZ_
1 17084
20664 22690
24616 28937
30906 33645
37980 47384
47957 53268
55639 56539
57486 61379
62764 69388
78015 87035
88246 88628
90215 91080
91882 99278
100491 103615
104669 105515
106305 106490
107206 115798
116535 127602
129157 145840
146651 146733
147644 152674
153890 154350
154922 198421
198966 199303
203249 203464
204712 211728
214514 249262
250890 250972
251188 251717
252545 252734
253520 261669
262205 277307
Bacteroides_sp_9_1_42FAA_gi_224485426_ref_NZ_
1 1654
Bacteroides_sp_9_1_42FAA_gi_224485419_ref_NZ_
1 5023
Bacteroides_sp_9_1_42FAA_gi_224485434_ref_NZ_
1 739
Bacteroides_sp_9_1_42FAA_gi_224485406_ref_NZ_
1 900
1781 3872
4524 53373
54085 71683
72364 72733
73268 73636
74566 100593
Bacteroides_sp_9_1_42FAA_gi_224485414_ref_NZ_
483 1047
3238 6427
Bacteroides_sp_9_1_42FAA_gi_224485394_ref_NZ_
1 18145
18286 19333
20012 64897
67096 71018
71592 110464
115257 117797
118624 120235
120942 122178
122683 137783
138580 193504
194946 205721
206356 211292
213221 214968
215562 219675
220483 222329
223166 230065
230610 245330
246361 251090
251681 256403
295919 296534
299638 305379
306090 307397
309283 310361
310537 312874
315319 319899
323292 332572
336618 340319
345504 347676
348528 354932
357378 358255
360941 361015
367886 388621
Bacteroides_sp_9_1_42FAA_gi_224485437_ref_NZ_
1 584
Bacteroides_sp_9_1_42FAA_gi_224485418_ref_NZ_
1 1581
2535 5279
Bacteroides_sp_9_1_42FAA_gi_224485413_ref_NZ_
1 7725
Bacteroides_sp_9_1_42FAA_gi_224485428_ref_NZ_
1 1163
Bacteroides_sp_9_1_42FAA_gi_224485410_ref_NZ_
1 10831
Bacteroides_sp_9_1_42FAA_gi_224485407_ref_NZ_
1 11638
12502 13728
14617 20044
20986 44554
45398 45533
46803 57007
57923 62254
Bacteroides_sp_9_1_42FAA_gi_224485435_ref_NZ_
1 739
Bacteroides_sp_9_1_42FAA_gi_224485421_ref_NZ_
1 4824
Bacteroides_sp_9_1_42FAA_gi_224485391_ref_NZ_
1 23225
23907 28887
31113 31962
32525 33125
34021 38572
39763 40446
42197 61569
70184 80734
81877 83833
86908 118165
121700 140148
142380 176910
191728 191859
192777 193020
198561 214519
220119 225675
226450 226953
227810 228094
228940 235870
236732 254219
254947 255450
259228 259696
260531 266407
267098 268623
269164 278440
279416 280948
281505 282488
283051 285652
287641 317881
323869 336041
339692 344514
346234 346490
347327 357374
358536 361381
361999 369956
371270 374041
380459 416314
421631 422897
430387 436325
438101 471754
472385 479732
480556 484762
485429 496023
496812 522027
522842 528637
529188 531250
535703 539250
540664 542338
543154 544220
545933 546161
546937 547140
548183 551398
552636 571762
573029 577803
579798 580226
581905 586329
587373 587696
588590 604429
604984 610491
611254 686850
687463 687707
688572 750460
751740 752667
753924 762315
763305 768223
769132 772095
773799 778290
779356 779634
783024 800190
800938 817365
819045 820900
821654 822735
823244 831489
Bacteroides_sp_9_1_42FAA_gi_224485401_ref_NZ_
1 350
1116 17318
57999 58177
58984 59950
61143 67789
68583 70000
70833 72951
75950 76217
77219 85020
86099 86586
87248 92075
92891 93312
94123 94298
95993 98562
99135 102085
103956 112350
113087 116201
117668 127062
128013 139729
141926 182192
182863 195597
Bacteroides_sp_9_1_42FAA_gi_224485438_ref_NZ_
1 579
Bacteroides_sp_9_1_42FAA_gi_224485436_ref_NZ_
1 685
Bacteroides_sp_9_1_42FAA_gi_224485415_ref_NZ_
1 6361
Bacteroides_sp_9_1_42FAA_gi_224485404_ref_NZ_
1 317
865 6343
7039 16629
17365 17792
20274 128703
129948 146515
Bacteroides_sp_9_1_42FAA_gi_224485405_ref_NZ_
1 3268
5890 6199
7941 12212
12772 20702
21221 23264
23778 34055
34781 48450
56093 56397
57408 66496
80746 81355
81924 89116
90201 94672
95117 103074
103285 121135
123006 128272
128829 130444
130958 138353
Bacteroides_sp_9_1_42FAA_gi_224485392_ref_NZ_
1 15899
17038 22818
23663 27038
28021 28075
28800 29189
29951 30449
32264 32742
33688 45430
53452 55133
55653 70969
75836 90225
93106 104571
106416 111275
111814 112182
112701 124320
124866 135208
136542 143230
144812 156589
157257 166145
167878 168080
175850 176309
177288 178179
178725 181574
183377 189254
189858 190071
190831 200315
202308 215402
241564 242380
243469 248132
262076 262417
263428 285529
289038 326531
333539 334244
338166 338441
341231 341538
343235 343392
345091 351657
354209 356318
358077 358927
362327 391265
392189 396837
398744 407620
408179 429215
429967 432292
433178 434479
435051 437397
447841 448753
454035 454704
456139 464946
465611 501298
Bacteroides_sp_9_1_42FAA_gi_224485432_ref_NZ_
1 848
Bacteroides_sp_9_1_42FAA_gi_224485399_ref_NZ_
1 798
1507 13438
17386 30368
35690 39067
39801 41101
41856 42335
47702 48612
49308 54239
55376 71874
72755 73386
74923 76225
82512 87388
88160 102437
103386 110971
113574 113880
115576 115859
117208 117405
121752 122660
127244 128774
129309 141049
141553 149939
152548 154575
156721 158018
167251 169912
173028 215216
Bacteroides_sp_9_1_42FAA_gi_224485433_ref_NZ_
1 839
Bacteroides_sp_9_1_42FAA_gi_224485431_ref_NZ_
1 848
