Bacteroides_sp_9_1_42FAA_gi_224485402_ref_NZ_
1 55937
56630 151896
152568 154373
Bacteroides_sp_9_1_42FAA_gi_224485397_ref_NZ_
1 119845
120802 121319
122362 123509
124461 133349
150688 177492
178088 226960
Bacteroides_sp_9_1_42FAA_gi_224485430_ref_NZ_
1 948
Bacteroides_sp_9_1_42FAA_gi_224485425_ref_NZ_
1 2421
Bacteroides_sp_9_1_42FAA_gi_224485408_ref_NZ_
1 22810
Bacteroides_sp_9_1_42FAA_gi_224485420_ref_NZ_
1 4941
Bacteroides_sp_9_1_42FAA_gi_224485400_ref_NZ_
1 62982
63588 213209
Bacteroides_sp_9_1_42FAA_gi_224485395_ref_NZ_
1 281525
283034 283372
284262 333166
345160 345209
346918 347601
348262 350530
Bacteroides_sp_9_1_42FAA_gi_224485403_ref_NZ_
1 27544
46399 46696
56004 67336
71715 75421
77026 77981
82842 83147
87627 139643
148590 149982
Bacteroides_sp_9_1_42FAA_gi_224485398_ref_NZ_
1 2758
3482 98315
99037 110130
110786 124388
124964 135266
135972 205968
206498 206759
207288 210019
210922 222834
Bacteroides_sp_9_1_42FAA_gi_224485427_ref_NZ_
1 1429
Bacteroides_sp_9_1_42FAA_gi_224485422_ref_NZ_
1 4714
Bacteroides_sp_9_1_42FAA_gi_224485409_ref_NZ_
1 12176
Bacteroides_sp_9_1_42FAA_gi_224485390_ref_NZ_
1 52787
53294 115746
118362 129719
132909 140541
140899 143622
144042 158404
159945 160232
161415 195473
196126 199837
200349 210483
211360 247461
252726 259623
260427 360906
364441 445010
450172 669152
669695 686549
687143 719995
723922 724662
727748 767064
767690 838118
Bacteroides_sp_9_1_42FAA_gi_224485411_ref_NZ_
1 9076
Bacteroides_sp_9_1_42FAA_gi_224485412_ref_NZ_
1 7946
Bacteroides_sp_9_1_42FAA_gi_224485429_ref_NZ_
1 1118
Bacteroides_sp_9_1_42FAA_gi_224485439_ref_NZ_
1 42908
Bacteroides_sp_9_1_42FAA_gi_224485424_ref_NZ_
1 2521
Bacteroides_sp_9_1_42FAA_gi_224485423_ref_NZ_
1 4148
Bacteroides_sp_9_1_42FAA_gi_224485417_ref_NZ_
1 5806
Bacteroides_sp_9_1_42FAA_gi_224485416_ref_NZ_
1 6323
Bacteroides_sp_9_1_42FAA_gi_224485393_ref_NZ_
1 2635
24727 228234
229703 239815
241429 423566
Bacteroides_sp_9_1_42FAA_gi_224485396_ref_NZ_
1 9151
10250 70925
71905 73731
74407 161151
161680 213521
214070 259714
261391 277307
Bacteroides_sp_9_1_42FAA_gi_224485426_ref_NZ_
1 1654
Bacteroides_sp_9_1_42FAA_gi_224485419_ref_NZ_
1 5023
Bacteroides_sp_9_1_42FAA_gi_224485434_ref_NZ_
1 739
Bacteroides_sp_9_1_42FAA_gi_224485406_ref_NZ_
1 100593
Bacteroides_sp_9_1_42FAA_gi_224485414_ref_NZ_
1 6427
Bacteroides_sp_9_1_42FAA_gi_224485394_ref_NZ_
1 28089
36607 111390
112008 199498
200097 284207
286022 287309
288371 290488
291310 296867
297425 335091
335853 337796
338647 361750
362534 388621
Bacteroides_sp_9_1_42FAA_gi_224485437_ref_NZ_
1 584
Bacteroides_sp_9_1_42FAA_gi_224485418_ref_NZ_
1 5279
Bacteroides_sp_9_1_42FAA_gi_224485413_ref_NZ_
1 7725
Bacteroides_sp_9_1_42FAA_gi_224485428_ref_NZ_
1 1163
Bacteroides_sp_9_1_42FAA_gi_224485410_ref_NZ_
1 10831
Bacteroides_sp_9_1_42FAA_gi_224485407_ref_NZ_
1 829
1951 2541
3067 3525
4559 5779
6560 10221
11308 62254
Bacteroides_sp_9_1_42FAA_gi_224485435_ref_NZ_
1 739
Bacteroides_sp_9_1_42FAA_gi_224485421_ref_NZ_
1 4824
Bacteroides_sp_9_1_42FAA_gi_224485391_ref_NZ_
1 41509
42076 62589
63100 94386
96919 97711
98666 99380
100043 173502
174784 175042
176502 176910
190932 215431
216019 372528
373075 375658
376781 399321
400115 407375
407913 417272
417929 509024
510132 511225
512173 519735
520854 831489
Bacteroides_sp_9_1_42FAA_gi_224485401_ref_NZ_
1 30156
48997 49280
53435 53567
57386 88476
89048 195597
Bacteroides_sp_9_1_42FAA_gi_224485438_ref_NZ_
1 579
Bacteroides_sp_9_1_42FAA_gi_224485436_ref_NZ_
1 685
Bacteroides_sp_9_1_42FAA_gi_224485415_ref_NZ_
1 6361
Bacteroides_sp_9_1_42FAA_gi_224485404_ref_NZ_
1 12619
13737 19299
20034 146515
Bacteroides_sp_9_1_42FAA_gi_224485405_ref_NZ_
1 138353
Bacteroides_sp_9_1_42FAA_gi_224485392_ref_NZ_
1 48048
48680 51619
52831 181807
182450 251444
254417 259425
261001 281817
282973 283966
285718 439799
440346 440888
441391 442388
443239 501298
Bacteroides_sp_9_1_42FAA_gi_224485432_ref_NZ_
1 848
Bacteroides_sp_9_1_42FAA_gi_224485399_ref_NZ_
1 31429
32754 34015
34525 102556
103059 154938
156636 164120
165294 165783
166538 177038
177679 177942
178856 215216
Bacteroides_sp_9_1_42FAA_gi_224485433_ref_NZ_
1 839
Bacteroides_sp_9_1_42FAA_gi_224485431_ref_NZ_
