Bacteroides_sp_9_1_42FAA_gi_224485402_ref_NZ_
1 20825
21390 44293
44436 44611
45233 45363
45618 47345
48277 49016
49563 74847
75538 75879
76544 86820
95446 101474
103636 108616
115004 143499
144791 146205
147349 148117
148317 148444
148897 148959
149291 149532
150029 150844
153394 154373
Bacteroides_sp_9_1_42FAA_gi_224485397_ref_NZ_
1 9663
9960 10095
10240 10389
10586 11547
12509 12721
12801 12953
13105 23186
23439 23633
23805 24426
25501 53541
54182 70327
72376 75877
78058 78315
78929 79376
80649 80763
81312 81402
81989 90461
90583 90737
91372 97780
99909 101178
102840 106183
107664 111428
111737 111878
112024 112130
112266 112988
113746 113969
114225 114402
114566 115415
122641 122725
123722 125074
126672 137487
139431 139678
142647 142720
143304 143939
144916 151390
152152 177491
178256 226960
Bacteroides_sp_9_1_42FAA_gi_224485430_ref_NZ_
1 948
Bacteroides_sp_9_1_42FAA_gi_224485425_ref_NZ_
1 2421
Bacteroides_sp_9_1_42FAA_gi_224485408_ref_NZ_
1 22810
Bacteroides_sp_9_1_42FAA_gi_224485420_ref_NZ_
1 4941
Bacteroides_sp_9_1_42FAA_gi_224485400_ref_NZ_
1 34197
34723 37080
37357 37572
37716 44301
44448 44708
44831 45001
45158 47171
47498 47626
47837 48482
48600 48806
49089 49245
49647 49823
51187 52077
53320 53507
53777 54004
54205 54535
54644 54790
54999 55221
55349 55653
56534 56661
56900 57091
57296 57517
57879 59868
60671 62091
62289 62539
63558 63720
63889 64066
64266 64846
65509 73360
73946 74774
85118 86847
87459 95308
95910 122473
123413 165751
165863 166028
166248 166408
166582 168314
168381 168598
168800 168970
169446 169582
169860 170010
170141 170328
170609 172956
173201 173387
174485 175162
175308 175530
175695 175858
176033 176244
176741 176928
177773 177825
178101 178309
179308 179879
180232 180416
180715 193241
193855 196433
196961 213209
Bacteroides_sp_9_1_42FAA_gi_224485395_ref_NZ_
1 49501
50052 51254
52354 81372
84016 124512
124640 124840
125186 175609
176608 198935
199927 244519
244650 244865
245125 245365
245674 245826
246423 263179
263292 263509
264825 281576
282267 282347
284076 286081
286341 286496
286658 347005
348503 350530
Bacteroides_sp_9_1_42FAA_gi_224485403_ref_NZ_
1 1416
2057 14969
15902 21713
22742 25108
26187 27723
37157 45575
46126 79428
80835 124062
124157 124380
124446 124667
124828 142242
146127 151378
Bacteroides_sp_9_1_42FAA_gi_224485398_ref_NZ_
1 8113
8624 21687
23298 44787
45403 48474
49218 52036
53029 57828
58101 58243
58855 84029
84629 92929
94447 96008
96533 96914
98263 98509
99115 99430
100218 102050
103097 109555
111231 118431
124174 127017
128420 129525
130066 130855
130968 131124
131586 131872
132019 132202
132387 132505
133530 135048
135968 136491
137057 137302
137517 138575
139183 163753
164452 201032
201829 205349
209436 210232
211033 222834
Bacteroides_sp_9_1_42FAA_gi_224485427_ref_NZ_
1 1429
Bacteroides_sp_9_1_42FAA_gi_224485422_ref_NZ_
1 4714
Bacteroides_sp_9_1_42FAA_gi_224485409_ref_NZ_
1 12176
Bacteroides_sp_9_1_42FAA_gi_224485390_ref_NZ_
1 23935
24044 24270
24492 24634
24923 25132
25292 25469
25587 25753
26036 62958
63204 63425
63546 64464
65030 79169
79914 100875
101420 123025
127028 131393
132733 142950
143161 192755
193325 194123
195101 195391
196950 199837
200428 203621
203796 203927
204326 204885
205085 205293
205532 205686
206719 208211
211258 215369
215895 216376
217353 246188
246918 248309
249143 249376
250859 257615
258142 267582
268507 269299
269447 269626
270132 270210
270522 270717
271000 274964
275153 275294
275438 338235
339813 366338
367619 378036
378168 378346
378446 378668
378801 378965
379083 379316
379400 379626
379760 380007
380177 389273
389892 400267
400913 416390
418070 435002
435182 435367
435508 435762
435882 437250
438271 438349
438991 439114
440360 442695
444609 445059
450172 477824
478356 484018
485900 549858
550617 586102
586733 587011
587207 587340
587608 587771
588195 588347
589382 626879
627074 631506
633431 634620
635025 635217
635373 639227
639328 639576
639941 640869
641204 641407
641663 641874
641978 643290
643439 643684
643752 643974
644174 644368
644780 653535
653725 653923
654001 654136
654268 660884
661137 661305
661437 661680
662034 666916
667178 667351
667640 669125
669834 670003
670982 671144
671275 672025
672588 672870
673245 673425
673649 673773
673993 680246
680397 680531
682186 682389
682526 685704
687144 691877
692515 694848
696243 721324
728565 729426
730352 733635
735927 746978
747549 766669
768200 768654
769215 773446
774470 775734
776701 778629
779575 811457
812042 838118
Bacteroides_sp_9_1_42FAA_gi_224485411_ref_NZ_
1 7209
8423 9076
Bacteroides_sp_9_1_42FAA_gi_224485412_ref_NZ_
1 7946
Bacteroides_sp_9_1_42FAA_gi_224485429_ref_NZ_
1 1118
Bacteroides_sp_9_1_42FAA_gi_224485439_ref_NZ_
1 42908
Bacteroides_sp_9_1_42FAA_gi_224485424_ref_NZ_
1 2521
Bacteroides_sp_9_1_42FAA_gi_224485423_ref_NZ_
1 4148
Bacteroides_sp_9_1_42FAA_gi_224485417_ref_NZ_
1 5806
Bacteroides_sp_9_1_42FAA_gi_224485416_ref_NZ_
1 435
Bacteroides_sp_9_1_42FAA_gi_224485393_ref_NZ_
2635 11246
13600 26941
29003 36880
37681 94918
95346 95520
95716 95933
96180 100156
100691 111522
113342 148016
153980 170096
171925 184114
184990 222558
228236 255516
257068 258283
260532 269030
270219 283172
283390 283540
284892 285016
285249 291612
292604 293229
293994 322477
322551 322692
326617 331182
334234 407715
408291 423566
Bacteroides_sp_9_1_42FAA_gi_224485396_ref_NZ_
1 4906
5494 5618
10114 11412
12224 13350
13976 58521
58720 58952
59057 61265
61485 61634
61761 61934
62094 69555
73755 74678
77494 96196
100162 131404
132088 136211
136814 192450
194990 195873
198473 214417
216077 249222
249521 249649
249784 249934
250949 252235
252545 252765
253512 260603
261687 277307
Bacteroides_sp_9_1_42FAA_gi_224485426_ref_NZ_
1 1654
Bacteroides_sp_9_1_42FAA_gi_224485419_ref_NZ_
1 5023
Bacteroides_sp_9_1_42FAA_gi_224485434_ref_NZ_
1 739
Bacteroides_sp_9_1_42FAA_gi_224485406_ref_NZ_
1 100593
Bacteroides_sp_9_1_42FAA_gi_224485414_ref_NZ_
1 1870
2457 2640
2762 2976
3131 6427
Bacteroides_sp_9_1_42FAA_gi_224485394_ref_NZ_
1 14727
16194 16395
16507 16741
16978 19082
19236 19407
19613 19810
19903 20056
20186 20591
29305 40054
46367 46450
47025 76418
77352 80206
82323 84390
85073 112382
113040 137902
138086 162902
163440 164971
165513 169483
170069 171090
172064 179115
179925 194067
194941 199497
200531 200824
202384 230393
233340 274440
283970 284262
288870 290394
291310 335090
335886 343716
344353 362595
363112 363327
364058 365177
366653 379245
382768 388621
Bacteroides_sp_9_1_42FAA_gi_224485437_ref_NZ_
1 584
Bacteroides_sp_9_1_42FAA_gi_224485418_ref_NZ_
1 5279
Bacteroides_sp_9_1_42FAA_gi_224485413_ref_NZ_
1 6277
6878 7725
Bacteroides_sp_9_1_42FAA_gi_224485428_ref_NZ_
1 1163
Bacteroides_sp_9_1_42FAA_gi_224485410_ref_NZ_
1 10831
Bacteroides_sp_9_1_42FAA_gi_224485407_ref_NZ_
1 960
1541 6344
7630 10791
11354 45720
46490 62254
Bacteroides_sp_9_1_42FAA_gi_224485435_ref_NZ_
1 739
Bacteroides_sp_9_1_42FAA_gi_224485421_ref_NZ_
1 4824
Bacteroides_sp_9_1_42FAA_gi_224485391_ref_NZ_
1 40563
42110 61102
63881 64063
64189 67427
68081 70555
71889 91617
97403 97711
98666 99001
103509 104407
104980 113246
114350 118483
119132 152608
157194 158223
159585 162188
173203 173405
174693 174859
174988 175122
190298 190900
191454 191861
192777 204819
205534 217337
218028 249052
250072 256261
256896 296214
297516 317967
318587 319114
319710 320601
321332 337927
338454 372527
373472 377676
379350 400780
402873 403160
405377 407374
407946 409869
411457 412294
413518 414897
415589 416834
417930 419035
420144 425871
426494 439983
459790 465559
467331 472667
475003 479969
480470 511477
512050 520714
521267 527225
528168 548071
549096 569804
570856 579167
579777 772251
772828 798846
799831 824445
827096 827171
830017 831489
Bacteroides_sp_9_1_42FAA_gi_224485401_ref_NZ_
1 945
3975 4133
4764 13673
14222 20148
23698 23796
24949 28271
28435 39399
40593 46958
51856 51965
53410 53843
54950 82844
84025 84693
85453 87718
88360 90636
90864 91098
91471 96480
97494 117623
118139 129835
131201 139964
140603 171646
172163 195597
Bacteroides_sp_9_1_42FAA_gi_224485438_ref_NZ_
1 579
Bacteroides_sp_9_1_42FAA_gi_224485436_ref_NZ_
1 685
Bacteroides_sp_9_1_42FAA_gi_224485415_ref_NZ_
1 6361
Bacteroides_sp_9_1_42FAA_gi_224485404_ref_NZ_
1 6354
6883 12787
13415 17900
18888 19237
20078 128970
129219 144875
145627 146515
Bacteroides_sp_9_1_42FAA_gi_224485405_ref_NZ_
1 40557
41598 52086
52696 53875
54438 93694
93812 94857
95037 121991
122208 122466
122654 128535
128829 129036
129149 129349
129517 138353
Bacteroides_sp_9_1_42FAA_gi_224485392_ref_NZ_
1 47001
49728 50021
50860 50936
53296 60072
61358 67557
68286 71443
72119 75175
75720 99975
100563 125705
127984 159442
159974 181858
182451 197787
198304 200081
200215 200351
200528 200716
200783 200966
201165 201365
201481 201704
201829 259111
262122 281773
282980 285907
286555 291193
291751 312980
313529 327743
328397 329387
329575 329797
329957 330190
330382 330620
330734 331599
333037 377647
379701 383055
383636 383716
384267 437919
438739 439033
441395 442189
443713 443957
446679 466090
466940 501298
Bacteroides_sp_9_1_42FAA_gi_224485432_ref_NZ_
1 848
Bacteroides_sp_9_1_42FAA_gi_224485399_ref_NZ_
1 7628
8650 12131
13441 13587
13720 14331
15361 17282
18086 18160
20405 20486
22967 23226
26257 34934
35527 81354
81975 98418
103112 111798
112313 113977
114496 136086
137069 142945
144141 145206
147069 154765
156653 156832
167183 174943
175641 180219
181043 215216
Bacteroides_sp_9_1_42FAA_gi_224485433_ref_NZ_
1 839
Bacteroides_sp_9_1_42FAA_gi_224485431_ref_NZ_
1 848
