Bacteroides_sp_9_1_42FAA_gi_224485402_ref_NZ_
1 15163
16042 22504
23110 23350
24393 35012
36654 37852
38439 44143
53288 65733
80793 142732
145941 146186
Bacteroides_sp_9_1_42FAA_gi_224485397_ref_NZ_
1 7808
9129 9565
13115 13464
18343 23154
24315 24426
26149 29241
31086 46112
46898 58717
90733 93241
112900 112977
114660 119371
127154 133349
150688 177008
178482 179030
179757 182325
182866 185925
187414 194649
196084 214631
221217 221510
222930 226960
Bacteroides_sp_9_1_42FAA_gi_224485430_ref_NZ_
1 212
Bacteroides_sp_9_1_42FAA_gi_224485425_ref_NZ_
1 2421
Bacteroides_sp_9_1_42FAA_gi_224485408_ref_NZ_
1 22810
Bacteroides_sp_9_1_42FAA_gi_224485420_ref_NZ_
1 4941
Bacteroides_sp_9_1_42FAA_gi_224485400_ref_NZ_
1 25801
26758 29316
30409 34499
34868 36946
37585 46398
51382 54673
55019 55191
55652 56925
58438 58828
61146 61475
65621 73111
74189 91267
93803 95217
95914 134153
134762 137650
138153 141546
143662 143759
145953 156924
157587 161535
164917 165360
167111 167414
167990 168106
169893 170171
171207 171399
172048 172126
183987 213209
Bacteroides_sp_9_1_42FAA_gi_224485395_ref_NZ_
1 47314
48323 121890
123902 124091
125534 210882
211451 213770
215773 244448
245064 245246
246423 286359
290149 290281
291656 308198
308997 336737
337351 350530
Bacteroides_sp_9_1_42FAA_gi_224485403_ref_NZ_
1 5694
6244 55895
56435 56633
57947 60816
62669 63885
64924 122534
122843 122969
123278 151378
Bacteroides_sp_9_1_42FAA_gi_224485398_ref_NZ_
1 384
4115 7064
8632 54092
55001 55072
55689 57794
70801 92870
95590 104379
106022 107001
115376 124137
126117 128797
139656 158385
160318 167469
168567 181335
181870 195618
196298 211579
220609 222834
Bacteroides_sp_9_1_42FAA_gi_224485427_ref_NZ_
1 1429
Bacteroides_sp_9_1_42FAA_gi_224485422_ref_NZ_
1 4714
Bacteroides_sp_9_1_42FAA_gi_224485409_ref_NZ_
1 12176
Bacteroides_sp_9_1_42FAA_gi_224485390_ref_NZ_
1 769
2469 10326
11149 11638
12540 14157
17741 22041
26566 29217
30429 34700
35929 62539
63916 64179
65057 104325
105032 128786
129499 143622
144042 158404
159945 160233
178273 188836
227580 232461
233175 241403
242678 253741
254466 259759
260550 263323
264049 264598
265679 265986
266515 267643
268807 269176
271289 272241
272754 274385
275154 287581
288766 337704
338269 384969
387047 393293
394273 400185
401531 433258
434824 477821
478374 483050
484109 549294
550783 552746
553396 555829
557207 557549
558199 558284
560723 563770
565183 584075
589477 614784
615312 630929
633438 635337
638614 638808
642001 644323
645441 646155
647941 648684
649541 649687
654240 654511
655735 655869
657308 657425
657867 659402
662642 663324
664914 665248
665751 668829
673993 675598
676127 677557
678983 679867
683823 690882
692753 745286
746406 746530
748809 749340
751218 768253
771495 771604
796596 811444
812463 836368
837616 838118
Bacteroides_sp_9_1_42FAA_gi_224485411_ref_NZ_
1 9076
Bacteroides_sp_9_1_42FAA_gi_224485412_ref_NZ_
1 7946
Bacteroides_sp_9_1_42FAA_gi_224485429_ref_NZ_
1 1118
Bacteroides_sp_9_1_42FAA_gi_224485439_ref_NZ_
1 42908
Bacteroides_sp_9_1_42FAA_gi_224485424_ref_NZ_
1 2521
Bacteroides_sp_9_1_42FAA_gi_224485423_ref_NZ_
1 1885
3022 4148
Bacteroides_sp_9_1_42FAA_gi_224485417_ref_NZ_
1 5806
Bacteroides_sp_9_1_42FAA_gi_224485416_ref_NZ_
1 6323
Bacteroides_sp_9_1_42FAA_gi_224485393_ref_NZ_
29039 75740
76460 82681
86765 86875
89827 91689
92714 93110
93560 94376
95491 95933
97131 98183
98772 100075
101704 124425
125278 283018
283167 290979
291532 346024
347073 352156
353336 359855
360572 423566
Bacteroides_sp_9_1_42FAA_gi_224485396_ref_NZ_
1 31539
32378 53723
54526 54787
56362 56747
57493 61615
62723 87085
87970 89447
90234 99394
100402 115854
116740 139699
140525 198421
198986 199271
204728 211653
214473 249305
251208 251384
252546 252725
253549 277307
Bacteroides_sp_9_1_42FAA_gi_224485426_ref_NZ_
1 1654
Bacteroides_sp_9_1_42FAA_gi_224485419_ref_NZ_
1 5023
Bacteroides_sp_9_1_42FAA_gi_224485434_ref_NZ_
1 739
Bacteroides_sp_9_1_42FAA_gi_224485406_ref_NZ_
1 73743
74591 100593
Bacteroides_sp_9_1_42FAA_gi_224485414_ref_NZ_
483 1208
3238 6427
Bacteroides_sp_9_1_42FAA_gi_224485394_ref_NZ_
1 16138
16926 18145
18282 19062
20323 102656
103515 110606
118624 119041
119692 120236
120869 138062
138969 149520
150852 150971
153961 193504
194946 205703
206304 245351
246239 252659
253171 255335
300568 302005
302589 311127
311831 312734
313242 313742
315319 318974
319523 320012
321235 322541
323292 331337
332022 332210
345307 347720
348224 355032
357932 358255
359950 360371
367891 374116
374308 388621
Bacteroides_sp_9_1_42FAA_gi_224485437_ref_NZ_
1 584
Bacteroides_sp_9_1_42FAA_gi_224485418_ref_NZ_
1 5279
Bacteroides_sp_9_1_42FAA_gi_224485413_ref_NZ_
1 5061
7659 7725
Bacteroides_sp_9_1_42FAA_gi_224485428_ref_NZ_
1 605
Bacteroides_sp_9_1_42FAA_gi_224485410_ref_NZ_
1 10831
Bacteroides_sp_9_1_42FAA_gi_224485407_ref_NZ_
1 14100
14648 16897
17419 17841
18538 44673
45201 45599
46777 57274
57838 62254
Bacteroides_sp_9_1_42FAA_gi_224485435_ref_NZ_
1 739
Bacteroides_sp_9_1_42FAA_gi_224485421_ref_NZ_
1 4824
Bacteroides_sp_9_1_42FAA_gi_224485391_ref_NZ_
1 1786
2430 29161
31055 31962
32525 61627
70129 75775
79487 118061
121657 128660
128936 132182
152382 152468
157426 157766
175003 175085
190932 193636
213575 216922
220119 226997
227816 235597
236286 237006
237523 256258
257194 257541
258846 278122
279116 318118
318784 319058
323869 324142
328118 336579
339162 344784
347058 357395
357979 416314
421652 479762
480494 484963
485467 539271
540517 544281
545112 545429
545952 547225
547876 558735
559501 572263
572869 578463
579756 580226
581913 687006
688624 694174
694683 700983
701568 753011
753930 780392
790657 806659
807356 831489
Bacteroides_sp_9_1_42FAA_gi_224485401_ref_NZ_
1 27818
27995 39399
53598 57057
72170 75001
76043 85367
85892 89407
90171 92144
92646 102244
102874 115947
116484 127196
129308 195597
Bacteroides_sp_9_1_42FAA_gi_224485438_ref_NZ_
1 579
Bacteroides_sp_9_1_42FAA_gi_224485436_ref_NZ_
1 685
Bacteroides_sp_9_1_42FAA_gi_224485415_ref_NZ_
1 6361
Bacteroides_sp_9_1_42FAA_gi_224485404_ref_NZ_
1 6343
6907 16777
17346 17884
20112 128703
129948 146515
Bacteroides_sp_9_1_42FAA_gi_224485405_ref_NZ_
1 743
1648 3792
4550 4671
5853 7184
7971 51072
55170 56696
57478 89077
90490 93682
93945 94566
95180 97452
97854 100841
101446 102679
103006 103101
103329 103787
104443 110046
110338 110452
110664 121135
123036 129227
130145 130357
130868 131238
131817 138353
Bacteroides_sp_9_1_42FAA_gi_224485392_ref_NZ_
1 16167
16991 22907
23503 28001
28729 71381
75744 76202
77077 78768
79372 90596
92425 104567
106148 108997
109544 135229
136542 136948
155920 156589
157591 159524
161753 162025
163418 181010
188575 189828
192386 217324
217973 256398
257436 262709
263352 282857
282965 283966
288213 324903
325431 327722
329084 329378
333539 334288
335429 335761
337989 338318
339281 340550
341231 343613
344608 351027
351655 356429
357983 358927
362288 391610
392429 407680
408293 425269
426317 429389
429741 432533
433059 451403
452019 455165
456095 501298
Bacteroides_sp_9_1_42FAA_gi_224485432_ref_NZ_
1 848
Bacteroides_sp_9_1_42FAA_gi_224485399_ref_NZ_
1 13838
16591 30534
35540 39164
39757 42842
43389 43631
44315 45397
45998 46167
47992 54982
55603 71855
72711 87698
88213 102481
103361 111774
113435 113880
115578 115847
116745 120713
121728 122634
124609 126489
127501 151656
152195 171403
172332 182673
183235 209874
211359 215216
Bacteroides_sp_9_1_42FAA_gi_224485433_ref_NZ_
1 839
Bacteroides_sp_9_1_42FAA_gi_224485431_ref_NZ_
1 848
