Eubacterium_ventriosum_gi_211596817_ref_NZ_
1 33093
33707 34679
35266 35782
36938 40619
41179 53320
53902 54489
55475 57086
57449 60052
60605 80930
83820 89013
89640 97074
97594 291583
Eubacterium_ventriosum_gi_211596813_ref_NZ_
1 573
648 6441
Eubacterium_ventriosum_gi_211596827_ref_NZ_
1 62353
Eubacterium_ventriosum_gi_211596815_ref_NZ_
1 150936
Eubacterium_ventriosum_gi_211596818_ref_NZ_
1 666
Eubacterium_ventriosum_gi_211596822_ref_NZ_
1 14088
Eubacterium_ventriosum_gi_211596820_ref_NZ_
1 108
Eubacterium_ventriosum_gi_211596808_ref_NZ_
1 5922
Eubacterium_ventriosum_gi_211596816_ref_NZ_
1 80167
80270 88937
90652 97966
98799 99224
99375 101201
102301 102851
104234 104314
108451 111801
112386 117330
118044 118545
119168 119355
123073 201500
201958 343247
343328 454769
454920 457499
Eubacterium_ventriosum_gi_211596814_ref_NZ_
1 7823
9962 10209
10569 12968
15764 16014
28337 28590
29609 29822
31001 32253
33946 34644
40844 42778
44313 44744
45832 45961
46915 47047
48946 49268
50003 50668
54332 72687
Eubacterium_ventriosum_gi_211596819_ref_NZ_
1 753
Eubacterium_ventriosum_gi_211596809_ref_NZ_
1 2526
Eubacterium_ventriosum_gi_211596811_ref_NZ_
1 275598
279436 282021
282169 309531
Eubacterium_ventriosum_gi_211596825_ref_NZ_
1 35665
Eubacterium_ventriosum_gi_211596812_ref_NZ_
1 85903
Eubacterium_ventriosum_gi_211596826_ref_NZ_
1 44952
45213 45474
45561 46207
Eubacterium_ventriosum_gi_211596834_ref_NZ_
1 385
Eubacterium_ventriosum_gi_211596828_ref_NZ_
1 88121
88549 113602
114625 114725
114994 116466
117222 125655
128181 147207
Eubacterium_ventriosum_gi_211596831_ref_NZ_
1 143634
144464 144669
144910 148269
151039 221440
221756 223995
224104 247920
Eubacterium_ventriosum_gi_211596833_ref_NZ_
1 253
Eubacterium_ventriosum_gi_211596829_ref_NZ_
1 1885
5688 5896
16435 47142
47230 62186
62280 153405
Eubacterium_ventriosum_gi_211596823_ref_NZ_
1 969
1081 2925
4028 19651
Eubacterium_ventriosum_gi_211596821_ref_NZ_
1 11982
Eubacterium_ventriosum_gi_211596830_ref_NZ_
1 61118
61206 227161
Eubacterium_ventriosum_gi_211596832_ref_NZ_
1 380853
Eubacterium_ventriosum_gi_211596824_ref_NZ_
1 25529
26828 45109
Eubacterium_ventriosum_gi_211596810_ref_NZ_
1 94001
