Eubacterium_ventriosum_gi_211596817_ref_NZ_
1 33218
33504 33717
33888 34045
34197 34379
34481 81614
83308 291583
Eubacterium_ventriosum_gi_211596813_ref_NZ_
1 6441
Eubacterium_ventriosum_gi_211596827_ref_NZ_
1 62353
Eubacterium_ventriosum_gi_211596815_ref_NZ_
1 109130
109264 150936
Eubacterium_ventriosum_gi_211596818_ref_NZ_
1 666
Eubacterium_ventriosum_gi_211596822_ref_NZ_
1 14088
Eubacterium_ventriosum_gi_211596820_ref_NZ_
1 108
Eubacterium_ventriosum_gi_211596808_ref_NZ_
1 5922
Eubacterium_ventriosum_gi_211596816_ref_NZ_
1 104637
106525 114471
116383 119710
120419 457499
Eubacterium_ventriosum_gi_211596814_ref_NZ_
1 7823
8747 8974
9255 13110
13291 13498
14038 14189
14513 14697
14840 15287
15482 15664
15836 15974
16122 16254
16527 16722
16998 17476
18004 18165
18320 18842
18955 20169
20498 22954
23482 24010
24294 24471
24697 24866
25119 25432
25989 28868
29275 30746
30989 32499
32742 32965
33255 34843
35252 35404
35805 39737
40796 45635
45832 45961
46566 47688
47968 48157
48946 49268
49575 49927
50053 50307
50415 50643
50830 50949
51457 72687
Eubacterium_ventriosum_gi_211596819_ref_NZ_
1 753
Eubacterium_ventriosum_gi_211596809_ref_NZ_
1 2526
Eubacterium_ventriosum_gi_211596811_ref_NZ_
1 277445
279298 309531
Eubacterium_ventriosum_gi_211596825_ref_NZ_
1 35665
Eubacterium_ventriosum_gi_211596812_ref_NZ_
1 85903
Eubacterium_ventriosum_gi_211596826_ref_NZ_
1 46207
Eubacterium_ventriosum_gi_211596834_ref_NZ_
1 385
Eubacterium_ventriosum_gi_211596828_ref_NZ_
1 111446
112102 113535
113746 113874
114629 116717
116872 117016
117191 124605
125328 127470
127574 127689
127932 133900
134945 147207
Eubacterium_ventriosum_gi_211596831_ref_NZ_
1 148375
151091 151345
151459 151625
151825 225374
226029 247920
Eubacterium_ventriosum_gi_211596833_ref_NZ_
1 253
Eubacterium_ventriosum_gi_211596829_ref_NZ_
1 82
761 2361
2640 2844
4355 6821
7073 7219
7898 8801
9361 11990
13243 14459
16131 153405
Eubacterium_ventriosum_gi_211596823_ref_NZ_
1 2925
3733 19651
Eubacterium_ventriosum_gi_211596821_ref_NZ_
1 11982
Eubacterium_ventriosum_gi_211596830_ref_NZ_
1 227161
Eubacterium_ventriosum_gi_211596832_ref_NZ_
1 380853
Eubacterium_ventriosum_gi_211596824_ref_NZ_
1 45109
Eubacterium_ventriosum_gi_211596810_ref_NZ_
1 94001
