Eubacterium_ventriosum_gi_211596817_ref_NZ_
1 30974
31539 33093
34246 34325
35523 35765
36946 40619
41179 47583
47857 48021
48836 50770
51020 51108
51366 53296
53926 54176
55065 81215
83704 89013
89667 90290
90384 92471
93250 155696
155787 291583
Eubacterium_ventriosum_gi_211596813_ref_NZ_
1 6441
Eubacterium_ventriosum_gi_211596827_ref_NZ_
1 42062
42152 62353
Eubacterium_ventriosum_gi_211596815_ref_NZ_
1 56337
56463 101226
101351 109434
109543 135694
135980 150936
Eubacterium_ventriosum_gi_211596818_ref_NZ_
1 666
Eubacterium_ventriosum_gi_211596822_ref_NZ_
1 14088
Eubacterium_ventriosum_gi_211596820_ref_NZ_
1 108
Eubacterium_ventriosum_gi_211596808_ref_NZ_
1 5830
Eubacterium_ventriosum_gi_211596816_ref_NZ_
1 89292
90368 97977
98367 101201
106386 116963
117905 119069
120419 122188
123105 296511
297943 444365
446392 457499
Eubacterium_ventriosum_gi_211596814_ref_NZ_
1 7953
9889 10209
10866 11005
11692 13079
15873 16124
16686 17009
29622 29882
31001 31568
33980 34213
34627 37424
40893 41510
42355 42778
44313 44807
45832 45961
46915 47047
48946 49268
49584 49646
50450 50540
52716 53656
54332 72687
Eubacterium_ventriosum_gi_211596819_ref_NZ_
1 753
Eubacterium_ventriosum_gi_211596809_ref_NZ_
1 2526
Eubacterium_ventriosum_gi_211596811_ref_NZ_
1 101120
101196 275380
279909 309531
Eubacterium_ventriosum_gi_211596825_ref_NZ_
1 35665
Eubacterium_ventriosum_gi_211596812_ref_NZ_
1 85903
Eubacterium_ventriosum_gi_211596826_ref_NZ_
1 45122
45209 45476
45553 46207
Eubacterium_ventriosum_gi_211596834_ref_NZ_
1 385
Eubacterium_ventriosum_gi_211596828_ref_NZ_
1 87960
88549 112747
113147 113272
113403 113535
114625 116466
117202 117428
117521 138542
138637 147207
Eubacterium_ventriosum_gi_211596831_ref_NZ_
1 42340
42509 142090
143246 143634
144464 144695
145131 204328
204580 221440
221756 223995
224104 247920
Eubacterium_ventriosum_gi_211596833_ref_NZ_
1 253
Eubacterium_ventriosum_gi_211596829_ref_NZ_
1 2078
4566 6766
7970 62138
62280 117688
117823 153405
Eubacterium_ventriosum_gi_211596823_ref_NZ_
1 1998
2136 2925
4028 19651
Eubacterium_ventriosum_gi_211596821_ref_NZ_
1 11982
Eubacterium_ventriosum_gi_211596830_ref_NZ_
1 90894
91017 227161
Eubacterium_ventriosum_gi_211596832_ref_NZ_
1 11591
11673 232429
232567 380853
Eubacterium_ventriosum_gi_211596824_ref_NZ_
1 43628
43798 45109
Eubacterium_ventriosum_gi_211596810_ref_NZ_
1 94001
