Butyrivibrio_crossotus_gi_226597596_ref_NZ_
1 962
Butyrivibrio_crossotus_gi_226597594_ref_NZ_
1 1000
Butyrivibrio_crossotus_gi_226597589_ref_NZ_
1 60220
61026 106473
Butyrivibrio_crossotus_gi_226597597_ref_NZ_
1 1029
Butyrivibrio_crossotus_gi_226597586_ref_NZ_
1 221705
222081 225141
225696 225859
226366 227951
233881 242421
253891 259073
261000 261055
265014 266580
268156 268937
277789 278997
280324 280917
281165 305755
Butyrivibrio_crossotus_gi_226597577_ref_NZ_
1 1077
Butyrivibrio_crossotus_gi_226597583_ref_NZ_
1 1160
Butyrivibrio_crossotus_gi_226597582_ref_NZ_
1 3001
Butyrivibrio_crossotus_gi_226597574_ref_NZ_
1 1650
Butyrivibrio_crossotus_gi_226597588_ref_NZ_
84 73690
73792 90110
90196 253147
Butyrivibrio_crossotus_gi_226597592_ref_NZ_
1 47303
Butyrivibrio_crossotus_gi_226597580_ref_NZ_
1 5674
Butyrivibrio_crossotus_gi_226597600_ref_NZ_
1 622
Butyrivibrio_crossotus_gi_226597576_ref_NZ_
1 799
Butyrivibrio_crossotus_gi_226597599_ref_NZ_
1 560
Butyrivibrio_crossotus_gi_226597585_ref_NZ_
1 399583
Butyrivibrio_crossotus_gi_226597587_ref_NZ_
1 172242
Butyrivibrio_crossotus_gi_226597575_ref_NZ_
1 773
Butyrivibrio_crossotus_gi_226597584_ref_NZ_
1 698
Butyrivibrio_crossotus_gi_226597595_ref_NZ_
1 934
Butyrivibrio_crossotus_gi_226597570_ref_NZ_
1 1071
Butyrivibrio_crossotus_gi_226597572_ref_NZ_
1 1179
Butyrivibrio_crossotus_gi_226597598_ref_NZ_
1 749
Butyrivibrio_crossotus_gi_226597578_ref_NZ_
1 4658
Butyrivibrio_crossotus_gi_226597590_ref_NZ_
1 4246
6489 10607
24072 24711
25238 25418
27449 27560
28006 30207
32989 33591
33760 34926
35678 35868
38299 39437
40462 41481
42424 43091
43316 43618
46636 47459
55866 55943
59662 320875
321172 435800
435879 436006
436737 437326
441067 445690
445886 445935
448464 454473
455148 455563
458672 459864
460078 584338
585437 585536
586068 851922
852527 852791
853009 854821
860664 920465
921231 934517
937731 943008
943519 951208
952320 952503
954391 954500
955779 956966
957066 962432
968676 1039718
1039806 1040770
1041322 1042691
1043495 1043645
1046848 1047862
1048125 1049001
1049651 1049756
1049833 1117448
Butyrivibrio_crossotus_gi_226597591_ref_NZ_
1 60996
Butyrivibrio_crossotus_gi_226597571_ref_NZ_
1 1783
Butyrivibrio_crossotus_gi_226597573_ref_NZ_
1 701
Butyrivibrio_crossotus_gi_226597579_ref_NZ_
1 1119
Butyrivibrio_crossotus_gi_226597581_ref_NZ_
1 542
Butyrivibrio_crossotus_gi_226597593_ref_NZ_
1 1351
