Butyrivibrio_crossotus_gi_226597596_ref_NZ_
1 962
Butyrivibrio_crossotus_gi_226597594_ref_NZ_
1 1000
Butyrivibrio_crossotus_gi_226597589_ref_NZ_
1 106473
Butyrivibrio_crossotus_gi_226597597_ref_NZ_
1 1029
Butyrivibrio_crossotus_gi_226597586_ref_NZ_
1 219560
220022 227951
231239 232083
233349 237669
239175 239315
240903 242818
246766 247549
253891 267114
268164 268937
269995 270074
277789 279216
279521 305755
Butyrivibrio_crossotus_gi_226597577_ref_NZ_
1 1077
Butyrivibrio_crossotus_gi_226597583_ref_NZ_
1 1160
Butyrivibrio_crossotus_gi_226597582_ref_NZ_
1 3001
Butyrivibrio_crossotus_gi_226597574_ref_NZ_
1 1650
Butyrivibrio_crossotus_gi_226597588_ref_NZ_
1 29759
29931 30308
31081 253147
Butyrivibrio_crossotus_gi_226597592_ref_NZ_
1 47303
Butyrivibrio_crossotus_gi_226597580_ref_NZ_
1 5674
Butyrivibrio_crossotus_gi_226597600_ref_NZ_
1 622
Butyrivibrio_crossotus_gi_226597576_ref_NZ_
1 799
Butyrivibrio_crossotus_gi_226597599_ref_NZ_
1 560
Butyrivibrio_crossotus_gi_226597585_ref_NZ_
1 399583
Butyrivibrio_crossotus_gi_226597587_ref_NZ_
1 172242
Butyrivibrio_crossotus_gi_226597575_ref_NZ_
1 773
Butyrivibrio_crossotus_gi_226597584_ref_NZ_
1 698
Butyrivibrio_crossotus_gi_226597595_ref_NZ_
1 934
Butyrivibrio_crossotus_gi_226597570_ref_NZ_
1 1071
Butyrivibrio_crossotus_gi_226597572_ref_NZ_
1 1179
Butyrivibrio_crossotus_gi_226597598_ref_NZ_
1 749
Butyrivibrio_crossotus_gi_226597578_ref_NZ_
1 4658
Butyrivibrio_crossotus_gi_226597590_ref_NZ_
1 4499
5902 11458
12651 12786
13344 14872
15504 15594
16413 18253
18817 20548
21623 22316
24072 24952
25072 25655
26059 26187
26397 26561
28039 28526
28758 30489
31553 31793
32399 33660
33760 34695
34784 34991
35069 35273
35575 35879
36003 36137
36287 37073
38299 41477
41698 41829
42346 43965
44272 44457
44674 44862
44984 47303
47419 47686
47894 48154
48621 48798
49041 49687
49925 50102
50340 50459
50561 51308
51786 52005
52303 52686
52800 53022
53278 53506
54002 54364
55160 55318
55590 59796
60010 60181
60554 60684
60862 61036
61277 61430
61599 430651
431310 431501
431626 431855
431989 432423
432754 432950
433110 433313
433418 433556
434817 439503
439953 440161
440344 440471
440693 447786
448455 449541
449641 451182
451520 451639
451902 456699
456903 457397
457872 459864
460074 584338
585130 585536
586068 850208
850577 850894
851144 851950
852177 852323
852590 852784
852856 854821
854992 855194
857072 857250
857578 858197
859105 859739
860225 860364
860664 920659
921231 934517
937731 951256
951965 962432
962532 962699
963848 963924
965059 965174
968676 1043118
1043495 1043645
1043989 1044260
1046745 1058663
1058847 1066722
1068412 1117448
Butyrivibrio_crossotus_gi_226597591_ref_NZ_
1 60996
Butyrivibrio_crossotus_gi_226597571_ref_NZ_
1 1783
Butyrivibrio_crossotus_gi_226597573_ref_NZ_
1 701
Butyrivibrio_crossotus_gi_226597579_ref_NZ_
1 1119
Butyrivibrio_crossotus_gi_226597581_ref_NZ_
1 542
Butyrivibrio_crossotus_gi_226597593_ref_NZ_
1 1351
