Butyrivibrio_crossotus_gi_226597596_ref_NZ_
1 962
Butyrivibrio_crossotus_gi_226597594_ref_NZ_
1 1000
Butyrivibrio_crossotus_gi_226597589_ref_NZ_
1 348
438 60220
61026 106473
Butyrivibrio_crossotus_gi_226597597_ref_NZ_
1 1029
Butyrivibrio_crossotus_gi_226597586_ref_NZ_
1 221705
222081 225141
225696 225859
226366 227951
233400 233506
233662 242421
253891 261796
264924 266126
268507 268937
277789 279042
279655 279834
280179 280917
281165 305755
Butyrivibrio_crossotus_gi_226597577_ref_NZ_
1 1077
Butyrivibrio_crossotus_gi_226597583_ref_NZ_
1 1160
Butyrivibrio_crossotus_gi_226597582_ref_NZ_
1 3001
Butyrivibrio_crossotus_gi_226597574_ref_NZ_
1 1650
Butyrivibrio_crossotus_gi_226597588_ref_NZ_
1 73690
73792 90110
90195 253147
Butyrivibrio_crossotus_gi_226597592_ref_NZ_
1 47303
Butyrivibrio_crossotus_gi_226597580_ref_NZ_
1 1760
2141 5674
Butyrivibrio_crossotus_gi_226597600_ref_NZ_
1 622
Butyrivibrio_crossotus_gi_226597576_ref_NZ_
1 799
Butyrivibrio_crossotus_gi_226597599_ref_NZ_
1 560
Butyrivibrio_crossotus_gi_226597585_ref_NZ_
1 261050
261361 399583
Butyrivibrio_crossotus_gi_226597587_ref_NZ_
1 172242
Butyrivibrio_crossotus_gi_226597575_ref_NZ_
1 773
Butyrivibrio_crossotus_gi_226597584_ref_NZ_
1 698
Butyrivibrio_crossotus_gi_226597595_ref_NZ_
1 934
Butyrivibrio_crossotus_gi_226597570_ref_NZ_
1 1071
Butyrivibrio_crossotus_gi_226597572_ref_NZ_
1 1179
Butyrivibrio_crossotus_gi_226597598_ref_NZ_
1 749
Butyrivibrio_crossotus_gi_226597578_ref_NZ_
1 4658
Butyrivibrio_crossotus_gi_226597590_ref_NZ_
1 10349
10908 11186
14553 16947
24072 25418
28229 28835
29438 29785
32961 33591
33760 34123
34668 34916
35641 35868
38299 39056
40462 41477
42424 43091
44113 44661
45275 49825
50417 52920
57291 57649
59329 59528
60320 60666
62208 320875
321124 430256
431475 431810
434830 436006
438636 438688
440035 440129
441067 445683
448464 459864
460078 503050
503969 584338
585437 585536
586068 851998
853082 854821
860664 920465
921231 934517
937731 943065
943519 951256
952603 953148
958259 962432
968676 1039718
1039806 1042953
1043495 1043645
1046848 1049748
1049833 1117448
Butyrivibrio_crossotus_gi_226597591_ref_NZ_
1 60996
Butyrivibrio_crossotus_gi_226597571_ref_NZ_
1 1783
Butyrivibrio_crossotus_gi_226597573_ref_NZ_
1 701
Butyrivibrio_crossotus_gi_226597579_ref_NZ_
1 1119
Butyrivibrio_crossotus_gi_226597581_ref_NZ_
1 542
Butyrivibrio_crossotus_gi_226597593_ref_NZ_
1 1351
