Bacteroides_sp__9_1_42FAA_gi_224485390_ref_NZ_
1 962
2235 3532
5374 10339
11208 11669
12513 12743
13484 14072
18034 20037
21825 22299
26347 26880
28130 31968
34304 35039
35929 36162
38033 52522
55128 55907
56655 58643
59520 64464
65061 104092
104850 105112
110404 115219
115928 120619
129267 139094
139610 188836
214953 232285
233268 236707
237336 241418
242046 253545
254835 259759
260550 263401
263957 266414
266995 267374
268807 270664
271261 274398
275153 294905
295591 315246
315750 323441
324124 351310
352234 354006
354531 375097
375846 378884
379895 384969
386810 388882
392000 393145
394091 395086
395784 398683
399320 400185
402319 408027
408686 420657
421711 433317
435673 437190
450172 477823
478409 539534
540116 548646
551162 551260
552108 554458
555243 555581
557207 558602
559419 561015
562044 563401
565223 584075
589521 626418
627614 629179
630126 630312
634066 635067
637853 639093
641978 644337
645551 648484
651322 651506
655735 655869
657400 659402
661283 665780
666313 666623
673410 677816
678969 685694
689385 689512
690611 690882
692535 718889
719516 745209
746466 746633
748809 749637
751202 770547
771347 771618
800208 800547
812561 836368
837818 861343
862025 867005
869231 870080
870643 871243
872139 876690
877881 878564
880315 899687
908302 918852
919995 921951
925026 956283
959818 978266
980498 1007364
1029846 1029977
1030895 1031138
1036679 1052637
1058237 1063793
1064568 1065071
1065928 1066212
1067058 1073988
1074850 1092337
1093065 1093568
1097346 1097814
1098649 1104525
1105216 1106741
1107282 1116558
1117534 1119066
1119623 1120606
1121169 1123770
1125759 1155999
1161987 1174159
1177810 1182632
1184352 1184608
1185445 1195492
1196654 1199499
1200117 1208074
1209388 1212159
1218577 1254432
1259749 1261015
1268505 1274443
1276219 1309872
1310503 1317850
1318674 1322880
1323547 1334141
1334930 1360145
1367306 1369368
1373821 1377368
1378782 1380456
1381272 1382338
1384051 1384279
1385055 1385258
1386301 1389516
1390754 1409880
1411147 1415921
1417916 1418344
1420023 1424447
1425491 1425814
1426708 1442547
1443102 1448609
1449372 1524968
1525581 1525825
1526690 1588578
1589858 1590785
1592042 1600433
1601423 1606341
1607250 1610213
1611917 1616408
1617474 1617752
1621142 1638308
1639056 1655483
1657163 1659018
1659772 1660853
1661362 1685506
1686645 1692425
1693270 1696645
1697628 1697682
1698407 1698796
1699558 1700056
1701871 1702349
1703295 1715037
1723059 1724740
1725260 1740576
1745443 1759832
1762713 1774178
1776023 1780882
1781421 1781789
1782308 1793927
1794473 1804815
1806149 1812837
1814419 1826196
1826864 1835752
1837485 1837687
1845457 1845916
1846895 1847786
1848332 1851181
1852984 1858861
1859465 1859678
1860438 1869922
1871915 1886785
1888427 1911987
1913076 1925914
1927541 1931164
1931683 1932024
1933035 1955136
1958645 1982466
1982684 1996138
2003146 2003851
2007773 2008048
2010838 2011145
2012842 2012999
2014698 2021264
2023816 2025925
2027684 2028534
2031934 2060872
2061796 2066444
2068351 2077227
2077786 2098822
2099574 2101899
2102785 2104086
2104658 2107004
2117448 2118360
2123642 2124311
2125746 2134553
2135218 2173663
2209440 2226507
2227071 2252332
2252857 2253215
2255853 2256770
2257082 2258126
2258832 2259463
2260585 2265190
2266652 2269110
2269791 2270899
2272590 2274673
2284683 2289402
2289981 2295308
2296268 2296843
2297580 2305015
2305098 2339672
2340289 2453918
2454525 2456177
2456994 2463711
2464899 2470104
2518059 2523909
2524697 2538221
2538977 2581376
2582220 2613804
2614483 2659368
2661567 2665489
2666063 2704935
2709728 2712268
2713095 2714706
2715413 2716649
2717154 2732254
2733051 2787975
2789417 2800192
2800827 2805763
2807692 2809439
2810033 2814146
2814954 2816800
2817637 2824536
2825081 2839801
2840832 2845561
2846152 2850874
2852361 2878430
2890390 2891005
2894109 2899850
2900561 2901868
2903754 2907345
2909790 2914370
2917763 2927043
2931089 2933613
2939975 2942147
2942999 2949403
2951849 2952726
2955412 2955486
2962357 2997619
2998247 3008107
3008911 3063944
3083018 3101713
3102642 3103887
3105612 3107464
3108806 3193980
3194759 3197150
3199500 3263144
3264673 3270195
3275601 3289609
3290798 3291290
3292133 3319396
3320562 3350706
3354286 3356312
3358238 3362559
3364528 3367267
3371602 3381006
3381579 3386890
3389261 3390161
3391108 3395001
3396386 3403010
3411637 3420657
3421868 3422250
3423837 3424702
3425504 3432900
3434113 3437237
3438291 3439137
3439927 3440112
3440828 3449420
3450157 3461224
3462779 3479462
3480273 3480355
3481266 3486296
3487512 3487972
3488544 3495230
3524562 3524687
3532588 3532925
3536871 3537086
3538334 3547970
3582635 3585339
3586167 3586356
3587142 3595291
3595827 3618708
3623842 3624072
3630780 3631313
3633780 3640153
3641997 3651521
3652637 3656583
3658232 3703655
3704303 3716294
3717014 3722065
3737949 3787104
3789411 3793020
3793795 3802734
3803418 3805288
3806278 3808655
3816049 3819533
3827376 3827541
3832146 3832376
3834122 3839403
3842004 3844890
3846772 3875194
3876041 3880003
3880625 3886135
3889223 3892163
3894626 3895717
3899297 3903030
3907760 3907927
3909045 3925754
3926495 3929220
3930199 3932296
3941413 3942231
3943850 3944899
3945961 3946215
3947166 3947474
3956380 3961913
3964117 3966656
3970320 3970593
3971710 3971942
3977649 3983221
3983950 3996274
3998186 3999475
4003838 4004870
4006456 4019569
4020482 4033231
4034252 4036732
4049408 4061521
4062230 4074161
4078109 4091091
4096413 4099790
4100524 4101824
4102579 4103058
4108425 4109335
4110031 4114962
4116099 4132597
4133478 4134109
4135646 4136122
4136852 4136948
4143235 4148111
4148883 4163160
4164109 4171694
4174297 4174603
4176299 4176582
4177931 4178128
4182475 4183383
4187967 4189497
4190032 4196178
4200398 4201772
4202276 4210662
4213271 4215298
4217444 4218741
4227974 4230635
4233751 4312737
4313772 4316164
4317286 4319026
4320596 4322337
4327014 4327599
4337085 4337450
4341549 4349238
4361100 4368902
4369906 4404165
4404824 4408816
4411774 4414332
4416179 4417690
4420656 4421495
4422225 4431448
4432429 4432703
4433580 4437474
4439914 4440240
4441124 4441299
4442296 4444047
4445830 4446110
4447123 4457911
4459926 4489498
4490264 4493217
4547147 4547325
4548132 4549098
4550291 4556937
4557731 4559148
4559981 4562099
4565098 4565365
4566367 4574168
4575247 4575734
4576396 4581223
4582039 4582460
4583271 4583446
4585141 4587710
4588283 4591233
4593104 4601498
4602235 4605349
4606816 4616210
4617161 4628877
4631074 4671340
4672011 4684745
