Bacteroides_sp__9_1_42FAA_gi_224485390_ref_NZ_
1 52787
53294 195473
196126 199837
200349 210483
211360 669152
669695 686549
687143 719995
723922 724662
727748 767064
767690 798312
800208 800547
809904 879627
880194 900707
901218 932504
935037 935829
936784 937498
938161 970300
977581 1011620
1012902 1013160
1014620 1015028
1029050 1053549
1054137 1210646
1211193 1211558
1212208 1213776
1214899 1237439
1238233 1245493
1246031 1255390
1256047 1268797
1274634 1276013
1314798 1321780
1322521 1347142
1348250 1349343
1350291 1357853
1358972 1360390
1369479 1411069
1415613 1717655
1718287 1721226
1722438 1851414
1852057 1927951
1930608 2109406
2109953 2110495
2110998 2111995
2112846 2399139
2400608 2410720
2412334 2426267
2428025 2429188
2431437 2579170
2579293 2580247
2580598 2581474
2582220 2622560
2631078 2634678
2643446 2653472
2659468 2661431
2663321 2663395
2665592 2665972
2680448 2705861
2706479 2793969
2794568 2878678
2880493 2881780
2882842 2884959
2885781 2891338
2891896 2929562
2930324 2932267
2933118 2956221
2957005 3003076
3010242 3087709
3100296 3264617
3266126 3330693
3331354 3342773
3343872 3404547
3405527 3407353
3408029 3433889
3436430 3451672
3453177 3494773
3495302 3547143
3547692 3569606
3572756 3593336
3595013 3730774
3731731 3732248
3733291 3734438
3735390 3788421
3789017 3807303
3808075 3808655
3816049 3840647
3841371 3936204
3936926 3948019
3948675 3958419
3962071 3962277
3962853 3963845
3966736 3973155
3973861 3977432
3985257 3992543
3995631 4006544
4033362 4043857
4044387 4044648
4045177 4047908
4048811 4077879
4091291 4092152
4093477 4094738
4095248 4096229
4099201 4152580
4163782 4164009
4164935 4215661
4217359 4224843
4226017 4226506
4227261 4237761
4238402 4238665
4239579 4334301
4334628 4338921
4339527 4349851
4361100 4499954
4508481 4537116
4538145 4577624
4578196 4641582
4660180 4660474
4661919 4662048
4682522 4684745
