Bacteroides_sp__9_1_42FAA_gi_224485390_ref_NZ_
1 64464
65030 79169
79914 100875
101420 123025
127028 131393
132733 192755
193325 194123
195101 195391
196950 199837
200428 208211
211258 215369
215895 216376
217353 248309
249143 249376
250859 257615
258142 267582
268507 338235
339813 366338
367619 389273
389892 400267
400913 416390
418070 437250
438271 438349
438991 439114
440360 442695
444609 445059
448960 477824
478356 484018
495841 495999
496110 549858
550617 586102
586733 631506
633431 672025
672588 685704
687144 691877
692515 694848
696243 721324
728565 729426
730352 733635
735927 746978
747549 766669
768200 768654
769215 773446
774470 775734
776701 778629
779575 811457
812042 878681
880228 899220
901610 905545
906199 908673
910007 929735
935521 935829
936784 937119
941627 942525
943098 951364
952468 956601
957250 990726
995312 996341
997703 1000306
1011321 1014399
1028416 1029018
1029572 1029979
1030895 1042937
1043652 1055455
1056146 1087170
1088190 1094379
1095014 1134332
1135634 1156085
1156705 1157232
1157828 1158719
1159450 1176045
1176572 1210645
1211590 1215794
1217468 1238898
1240991 1241278
1243495 1245492
1246064 1247987
1249575 1250412
1251636 1253015
1253707 1254952
1256048 1257153
1258262 1263989
1264612 1278101
1297908 1303677
1305449 1310785
1313121 1318087
1318588 1349595
1350168 1358832
1359385 1365343
1366286 1384384
1384555 1386189
1387214 1407922
1408974 1417285
1417895 1424503
1424722 1610369
1610946 1636964
1637949 1662563
1665214 1665289
1668135 1716608
1719335 1719628
1720467 1720543
1722903 1729679
1730965 1737164
1737893 1741050
1741726 1744782
1745327 1769582
1770170 1795312
1797591 1829049
1829581 1851465
1852058 1867394
1867911 1955514
1956162 1960800
1961358 1982587
1983136 1997350
1998004 2001206
2002644 2047254
2049308 2052662
2053243 2053323
2053874 2107526
2108346 2108640
2111002 2111796
2113320 2113564
2116286 2135697
2136547 2170917
2173540 2182151
2184505 2197846
2199908 2207785
2208586 2271061
2271596 2282427
2284247 2318921
2324885 2355019
2355895 2393463
2399141 2426421
2427973 2439935
2441124 2462517
2463509 2464134
2464899 2502087
2505139 2578620
2579196 2581474
2582220 2609198
2610665 2615062
2623776 2634525
2640838 2640921
2641496 2670889
2671823 2674677
2676794 2678861
2679544 2706853
2707511 2757373
2757911 2759442
2759984 2763954
2764540 2765561
2766535 2773586
2774396 2788538
2789412 2793968
2795002 2795295
2796855 2824864
2827811 2868911
2878441 2878733
2883341 2884865
2885781 2929561
2930357 2938187
2938824 2957066
2957583 2957798
2958529 2959648
2961124 2973716
2977239 3032593
3033144 3034346
3035446 3064464
3067108 3158701
3159700 3182027
3183019 3264668
3265359 3265439
3267168 3282688
3282798 3330097
3331595 3338528
3339116 3339240
3343736 3345034
3345846 3346972
3347598 3403177
3407377 3408300
3411116 3429818
3433784 3465026
3465710 3469833
3470436 3526072
3528612 3529495
3532095 3548039
3549699 3594225
3595309 3622476
3622984 3635611
3636430 3664470
3665111 3681256
3683305 3686806
3688987 3689244
3689858 3690305
3691578 3691692
3692241 3692331
3692918 3708709
3710838 3712107
3713769 3717112
3718593 3726344
3733570 3733654
3734651 3736003
3737601 3748416
3750360 3750607
3753576 3753649
3754233 3754868
3755845 3762319
3763081 3788420
3789185 3846002
3846513 3859576
3861187 3882676
3883292 3886363
3887107 3889925
3890918 3921918
3922518 3930818
3932336 3933897
3934422 3934803
3936152 3936398
3937004 3937319
3938107 3939939
3940986 3947444
3949120 3956320
3962063 3964906
3966309 3967414
3967955 3970610
3971419 3972937
3973857 3976464
3977072 4001642
4002341 4038921
4039718 4043238
4047325 4048121
4048922 4068351
4069373 4075054
4076084 4078005
4078809 4078883
4081128 4081209
4083690 4083949
4086980 4095657
4096250 4142077
4142698 4159141
4163835 4172521
4173036 4174700
4175219 4196809
4197792 4203668
4204864 4205929
4207792 4215488
4217376 4217555
4227906 4235666
4236364 4240942
4241766 4325891
4327126 4331592
4332249 4335807
4336610 4340785
4341448 4349299
4349885 4350713
4361057 4362786
4363398 4371247
4371849 4398412
4399352 4469180
4469794 4472372
4472900 4490093
4493123 4493281
4493912 4502821
4503370 4509296
4512846 4512944
4514097 4528547
4529741 4536106
4541004 4541113
4542558 4542991
4544098 4571992
4573173 4573841
4574601 4576866
4577508 4585628
4586642 4606771
4607287 4618983
4620349 4629112
4629751 4660794
4661311 4684745
