Bacteroides_sp__9_1_42FAA_gi_224485390_ref_NZ_
1 769
2469 10326
11149 11638
12540 14157
17741 22041
26566 26880
27907 29217
30429 34700
35929 62539
63916 64179
65057 104325
105032 128786
129499 188836
227580 232461
233175 241403
242678 253741
254466 254836
255975 256392
257466 263323
263857 264598
265679 267643
268807 269176
271289 272241
272754 274385
275154 337704
338269 383717
384071 384969
387047 393293
394273 400185
401531 411814
427735 429049
433279 437188
450172 477821
478374 483050
484109 549294
550783 552746
553396 555829
557207 563770
565183 584075
589477 614784
615312 630929
633438 635337
638614 638808
642001 646155
647941 654511
655735 659402
662642 665780
668127 668829
673993 675598
676127 677557
678983 679867
683823 690882
692753 745286
746406 746530
748809 749340
751218 811444
812463 836368
837616 867279
869173 870080
870643 899745
908247 913893
917605 956179
959775 978218
980498 1031754
1036500 1055040
1058237 1065115
1065934 1073715
1074404 1075124
1075641 1094376
1095312 1095659
1096964 1116240
1117234 1156236
1156902 1157176
1161987 1162260
1166236 1174697
1177280 1182902
1185176 1195513
1196097 1254432
1259770 1317880
1318612 1323081
1323585 1360128
1369479 1372724
1373821 1373912
1374867 1375192
1377278 1377389
1378635 1382399
1383230 1383547
1384070 1385343
1385994 1396853
1397619 1410381
1410987 1416581
1417874 1418344
1420031 1525124
1526742 1532292
1532801 1539101
1539686 1610456
1621166 1644777
1645474 1685774
1686598 1692514
1693110 1697608
1698336 1740988
1745351 1745809
1746684 1748375
1748979 1760203
1762032 1774174
1775755 1778604
1779151 1804836
1806149 1806555
1825527 1826196
1827198 1829131
1831360 1831632
1833025 1850617
1858182 1859435
1861993 1886931
1887580 1911752
1913012 1926005
1927043 1994510
1995038 1997329
1998691 1998985
2003146 2003895
2005036 2005368
2007596 2007925
2008888 2010157
2010838 2013220
2014215 2020634
2021262 2026036
2027590 2028534
2031895 2061217
2062036 2077287
2077900 2094876
2095924 2102140
2102666 2118322
2118837 2121010
2121626 2121815
2144702 2170905
2199944 2246645
2247365 2266838
2268036 2269088
2269677 2270980
2272609 2295330
2296183 2300663
2336563 2461884
2462437 2477053
2517978 2520007
2529188 2530760
2531477 2578101
2579295 2581376
2581530 2607040
2607551 2610609
2611397 2613533
2614794 2697127
2697986 2705077
2713095 2713512
2714163 2714707
2715340 2732533
2733440 2743991
2745323 2745442
2748432 2787975
2789417 2800174
2800775 2839822
2840710 2847130
2847642 2905598
2906302 2907205
2907713 2908213
2909790 2913445
2913994 2914483
2915706 2917012
2917763 2925808
2926493 2926681
2939778 2942191
2942695 2949503
2952403 2952726
2954421 2954842
2962362 3030406
3031415 3104982
3106994 3107183
3108626 3193974
3194543 3196862
3198865 3269451
3273241 3273373
3274748 3289747
3290798 3291290
3292089 3319423
3319672 3319829
3320443 3365161
3366000 3387345
3388148 3388409
3389984 3390369
3391115 3395237
3396345 3420707
3421592 3423069
3423856 3433016
3434024 3449476
3450362 3473321
3474147 3477485
3493545 3495209
3524562 3524687
3532608 3532893
3538350 3545275
3582635 3585006
3586168 3586347
3587171 3618737
3620058 3620494
3624044 3624393
3629272 3634083
3635068 3635355
3637078 3640170
3642015 3657041
3657827 3716484
3716990 3722029
3723395 3723906
3725589 3730300
3738083 3787937
3789411 3789959
3790686 3793254
3793795 3796854
3798343 3805578
3807013 3807303
3808656 3825560
3832146 3832439
3833859 3838273
3842004 3844953
3846521 3891069
3891866 3891981
3892890 3892961
3893578 3903559
3908690 3926825
3926945 3942268
3943911 3949722
3953265 3954967
3985257 3992543
3995631 3996274
3998207 4005358
4006456 4006544
4033362 4033507
4034187 4035191
4049408 4061487
4099201 4099887
4100480 4103565
4104112 4104354
4105038 4106120
4106721 4106890
4108715 4115705
4116326 4127503
4128726 4128977
4138487 4148421
4148936 4163204
4164084 4172497
4174158 4174603
4176301 4176570
4177468 4181436
4182451 4183357
4185332 4187212
4188224 4196178
4200398 4212379
4212918 4232126
4233055 4243396
4243958 4270597
4272082 4302674
4302837 4312885
4313524 4322337
4327154 4332864
4334628 4334767
4337085 4337414
4341560 4349851
4361100 4371156
4371853 4410092
4410701 4413589
4414092 4417485
4419601 4419698
4421892 4427919
4428474 4432863
4433526 4441299
4443050 4443353
4443929 4444045
4445832 4446110
4447146 4457893
4459926 4528547
4542746 4546205
4561318 4564149
4565191 4574515
4575040 4577800
4578409 4578555
4579319 4581292
4581794 4591392
4592022 4605095
4605632 4616344
4618456 4628895
4660180 4660474
