Veillonella_dispar_ATCC_17748_gi_237640065_ref_NZ_
1 588
Veillonella_dispar_ATCC_17748_gi_237640064_ref_NZ_
1 721
1734 1862
2182 2366
2473 4759
5536 7442
8367 13661
13770 24545
35430 35535
36278 36363
36933 37882
40531 40697
41620 42518
49710 49766
53876 54095
55960 56303
58175 59729
60653 62275
62901 66519
68889 69484
73907 74020
74728 75157
76246 76646
79959 80133
82916 83246
87080 96831
97292 97561
101682 102230
109737 120596
123100 148145
152648 153115
154366 159246
163192 164109
164321 164627
165064 165262
166847 168039
169026 169314
170261 172157
174078 174186
175196 177739
178195 178321
178933 179567
180390 185394
185604 187214
187671 192028
193234 197027
198946 201881
204198 205575
206190 207752
208403 208513
216356 217894
218690 222658
223429 225226
225821 227788
229662 230228
230809 231375
231879 234504
236301 237393
239019 242613
242839 243871
244044 245735
246287 246899
247555 249402
249604 252359
257916 258047
261220 262056
262288 264974
265853 269425
270941 273861
274814 276297
276825 280586
281417 281956
282137 282205
282389 287882
289179 290362
291041 301601
302104 302933
303163 304754
305840 306345
307090 307219
307812 323902
326259 330996
332167 335610
336847 343044
346146 348939
349964 351318
352303 352601
355850 361724
363487 384643
384971 386173
386876 392393
392977 397799
398624 400296
400861 400930
401445 403171
403307 411082
412009 425100
425982 428587
428673 434610
435282 435393
439666 459575
461319 466107
466266 470646
471214 472718
478402 478500
479201 479640
479799 480067
481517 484179
485185 486316
486822 487009
488380 489519
492216 492423
493134 494969
495477 496093
499676 499866
501980 504269
505057 506049
508752 508827
519873 520795
520933 522017
524429 527794
529143 530270
531033 531755
531914 532553
532788 534713
535122 537091
539973 547128
547976 550470
554568 561343
Veillonella_dispar_ATCC_17748_gi_237640063_ref_NZ_
1 2558
2828 4343
5950 6602
6708 7219
7934 8267
9053 9269
9959 10388
10911 12404
13831 15203
16260 16331
16800 18315
19495 20449
21003 21507
21998 25576
26286 26365
27175 28670
28806 31470
32143 32929
34075 34142
34280 35453
35747 36308
37962 39236
39780 40168
41581 44496
54114 62414
65993 68345
68627 70930
71607 77203
78597 83613
84437 84531
84817 86667
88353 90232
90332 94633
95198 99462
99744 104670
105347 107282
107629 107801
108369 110966
111066 113697
113805 121485
122506 149239
149515 151031
151302 151550
151658 151775
151864 155829
156291 164615
164842 170933
173011 184885
184989 185780
186306 187618
187828 189942
190613 192361
192531 192740
193772 197989
198104 202687
203371 203598
206747 209150
209250 226062
226213 226297
226678 235714
237491 247981
248566 248683
249354 250528
250704 252512
255091 258158
258546 261462
262396 262856
264561 266892
268077 276908
276999 278267
279758 279939
281038 301292
303363 308888
310708 316776
318139 321201
330360 330800
330926 334160
335022 336093
336668 341743
342182 345313
346672 353976
356512 359187
359903 363507
365824 372570
376021 376377
376936 379984
380623 382925
384138 385457
386073 387933
388759 390283
393695 395754
399821 402881
404406 404762
405277 410019
413278 414506
415702 415784
416208 419668
419762 420698
420812 421924
423909 428133
428767 430571
432181 436598
436957 440417
441546 441597
442329 442577
448154 448663
449790 449858
455871 456215
456806 458112
459894 460062
461200 462135
466193 466479
469319 477411
478748 478804
479364 479629
481657 488526
491030 491384
491646 492441
494951 495188
496635 497349
497503 501259
501667 502139
502839 505601
505878 508068
509076 511315
512024 515783
516642 517128
520601 528609
529152 540782
540988 541082
546648 547227
554567 555858
556004 558307
561359 561485
565167 565426
572660 572750
575970 578789
581945 584843
586353 587323
588252 594498
595295 602465
602565 604157
604238 604510
608351 608727
611768 612081
613344 613951
615163 616686
616986 618981
621980 624052
624416 632751
633181 633351
634711 641841
642834 646703
646978 648899
649476 649838
649948 650016
650180 651131
651436 652716
652817 657066
657982 662009
662291 662675
662777 671035
671835 674089
674667 680646
680927 681434
682911 686263
688058 688235
695202 696418
698277 701324
704026 704283
709559 711422
712811 713087
714242 715127
715944 716442
717504 718969
725547 783861
788381 788522
789303 801901
804066 808844
810614 815800
816336 816550
817218 821533
823971 824663
825673 825829
826455 826567
827814 828233
828760 829125
830779 832662
833453 837062
837659 853901
854872 871699
875366 876812
879589 895588
897962 899206
902791 904422
906257 907734
907901 909565
911223 911333
912159 913375
914118 914630
916396 916866
916974 917477
920708 925866
927864 928659
930119 931422
932597 934048
941697 942110
942753 946412
946513 946570
946836 949544
951386 956900
957489 957973
960692 963535
964634 965134
965233 970392
970693 973825
974065 976700
977145 980027
980378 981168
982009 982445
983156 1005500
1007531 1021675
1025990 1026774
1028500 1033309
1033830 1035895
1036180 1036359
1039319 1048114
1049435 1049565
1051103 1075749
1076360 1081465
1082227 1086974
1088983 1089593
1097270 1097828
1097972 1135270
1137255 1139653
1140658 1145300
1146776 1146967
1148947 1150801
1159253 1159320
1160076 1160984
1161524 1162486
1163618 1164300
1168263 1168636
1172916 1178806
1179621 1180063
1180757 1180903
1182365 1184905
1187325 1187562
1190053 1197317
1197825 1231964
1232597 1262120
1262488 1266992
1268772 1292114
1293470 1293966
1294918 1316383
1317583 1329634
1329750 1353583
1355827 1369807
1373728 1383417
1384039 1385426
1388459 1399876
1403438 1404315
1405218 1405747
1406170 1406551
1409158 1413081
1418042 1418332
1419870 1420728
1421347 1421412
1422093 1422880
1427566 1427869
1428680 1434266
1435071 1435680
1436312 1438236
1439538 1441062
1441680 1442385
1445784 1445996
1446746 1446984
1450846 1451152
1452347 1453659
1453808 1461655
1462879 1463272
1465932 1466867
1472921 1482846
1488695 1489259
1492629 1502616
1511491 1511790
1512675 1512791
1513573 1513755
1518715 1518822
1520966 1521365
1523828 1526945
1529828 1530252
1530757 1539251
1540616 1555250
1555398 1555587
