Veillonella_dispar_ATCC_17748_gi_237640065_ref_NZ_
1 588
Veillonella_dispar_ATCC_17748_gi_237640064_ref_NZ_
1 827
1734 5422
7542 13661
13770 25123
34959 35911
36958 37308
37980 38464
41781 42224
43295 43376
56199 56784
58393 77160
77716 93168
94204 97732
106362 118334
125338 148145
149540 153143
164441 164628
166747 167766
169414 172218
172906 173107
174078 178095
178469 180095
180423 192359
192609 196209
199216 200212
200890 202274
206566 208490
215260 215605
216341 229959
230646 234504
235415 251968
254970 255041
256124 257468
257916 258545
259355 260256
261254 262138
262288 270695
270945 277628
294178 330961
332167 343044
346227 346911
347662 352559
353207 354828
355885 403180
403412 424513
425982 432771
433183 433293
433554 433824
439666 455732
457732 460458
461521 465933
466507 474292
479071 479278
479799 485204
485453 485635
492842 495786
498969 499576
502051 505896
508904 509045
519708 521621
535740 536496
545813 546972
556243 557478
557573 559019
559497 562592
Veillonella_dispar_ATCC_17748_gi_237640063_ref_NZ_
1 1646
2873 4219
4388 5626
7351 7469
8745 18709
19533 35646
35880 36135
37962 44739
45979 49658
53875 67374
67477 75682
78597 82652
83071 83566
84855 94421
95294 99462
100235 106490
107629 107801
108369 110687
111066 197644
199442 203160
206747 207070
207951 226062
226213 226297
226783 232735
233150 247663
249491 250444
250704 251916
255091 258062
258201 261438
264839 267709
268238 269263
269874 276539
276876 279939
281038 308143
310608 310923
313375 323503
328328 328484
330476 330533
330926 331556
332108 333984
334109 341015
342449 353793
357006 363148
366265 372570
373578 376298
376994 377973
380436 381766
382691 390705
393731 395754
399769 402794
405696 409476
413567 414408
415401 415611
417550 419831
424596 435648
435929 436193
436415 440880
442260 442788
443773 444021
447725 447925
451051 451319
452997 453773
454334 456215
456806 458112
459167 460442
460951 462268
462694 463898
466140 466401
469600 477329
479519 483207
485210 488676
489276 489343
490102 490240
491056 493587
494395 500017
500568 505601
506473 512676
515450 515660
516905 517564
518416 518488
521323 523258
524373 525752
540990 543795
547003 547093
556004 558230
560597 561193
567814 568431
572990 573182
574560 574976
575628 585101
586667 594515
595128 598086
599034 604157
604315 604371
605460 606955
607741 609105
609792 611944
616981 618154
621980 641783
644277 644650
646520 647065
647141 648429
649476 649712
650180 651464
652816 653736
654449 657237
657762 662009
662776 688188
692971 693324
695547 696592
700199 701672
701825 703273
704026 704283
709191 715058
715757 717847
728188 783811
786725 788708
789303 818192
824133 824770
829063 829356
830282 831397
840399 863843
864401 869878
871487 874573
875366 898835
902791 905386
906406 909565
910096 911123
912503 912876
913108 914630
916396 916866
917028 917477
920708 925911
929028 929899
930610 934059
934698 935648
936645 938083
938647 949496
950932 953370
956805 957973
959461 959698
960339 963525
964296 998138
999709 1022372
1022953 1023844
1025990 1026774
1027188 1036860
1039124 1040218
1040901 1042077
1043662 1048487
1051166 1075749
1076360 1082972
1088563 1090659
1098344 1151674
1159253 1165218
1169507 1170034
1170593 1171606
1175858 1176198
1176723 1180013
1180654 1185019
1187211 1187398
1187835 1201206
1201692 1258159
1258504 1267364
1268297 1288303
1289978 1292687
1295274 1296226
1296511 1307657
1308995 1344082
1344745 1369673
1373626 1407810
1408740 1409391
1422035 1423876
1424525 1424711
1425667 1434182
1435214 1437651
1439016 1440905
1441587 1442370
1446650 1446883
1452597 1453562
1453825 1466312
1478175 1482783
1487849 1487902
1488872 1489508
1492629 1507170
1508942 1509164
1510540 1514850
1516605 1521244
1524693 1555587
