Veillonella_dispar_ATCC_17748_gi_237640065_ref_NZ_
1 588
Veillonella_dispar_ATCC_17748_gi_237640064_ref_NZ_
1 6549
6692 21193
21742 24578
25175 26447
27173 27452
28602 30851
31977 42439
42606 43243
43428 49988
50127 50211
51072 51507
52009 56800
58127 59777
60551 61033
61445 62150
63133 63260
63845 69601
70104 75916
78317 78379
79887 81179
82013 82518
83181 85035
85594 85651
86478 93221
93560 95325
95535 96424
97043 99211
99712 99793
100219 101010
101576 101922
102332 121095
121267 121530
122045 128248
128372 148138
148250 151019
151259 153532
154369 154456
154814 155836
155944 156664
157427 159143
159676 159843
160429 160501
162744 165671
166715 168040
168978 170308
171297 172148
172388 174549
175196 177551
177791 179062
179607 189818
189992 192558
192667 192950
193072 203828
204523 205544
205783 208541
212912 213347
214424 227959
228135 237393
238611 238687
239024 240735
241018 241581
241812 242661
242839 247847
248352 249402
249579 251027
251870 254885
254993 256327
256487 257026
257100 258292
258446 259189
259636 261870
262288 264780
264853 265179
265429 265739
265853 270027
270179 270319
270419 271106
271864 273541
273808 275158
275343 275474
275984 277816
278581 281440
281803 282240
282753 286118
287166 287931
288875 290982
291191 300549
301433 304802
305306 307214
307377 307446
307608 330961
331311 335558
336170 338087
338202 343106
344448 344551
344667 345563
346090 347940
348542 348987
349916 352543
353130 357377
357567 398090
398524 400210
400395 400768
401270 401636
401829 411070
411473 418320
418877 423185
424606 431462
431554 435015
435202 449520
449860 456918
457497 460221
460500 470324
470457 474201
476864 477104
477350 477822
477952 478025
478259 479071
479799 480823
481345 481523
481756 487157
488394 488462
489557 490075
490865 490970
491166 492689
492842 495899
496042 496141
497750 497958
498786 498889
498982 499321
499542 499671
499817 502320
502886 504283
505077 505211
505495 506109
506384 507542
507728 510969
512540 512634
513559 516491
516778 521779
522073 526268
526569 528076
528652 530042
530702 533029
533673 536531
537178 537870
538604 539832
540377 540927
541178 541956
542512 548162
548930 549505
550104 551907
552872 553016
553826 554012
554520 559145
559363 562592
Veillonella_dispar_ATCC_17748_gi_237640063_ref_NZ_
1 4219
4353 15065
15667 16382
16800 18315
18824 20806
21327 28042
28361 31027
31346 33428
34200 35508
35610 39317
39874 41234
41511 49657
53873 55555
55901 76105
76340 78322
78542 81400
82080 87700
88360 97327
97615 101935
102088 105889
106140 106578
106646 106769
106851 106956
107263 107381
107629 107801
108369 116917
117045 121729
122586 123705
123883 168122
169861 171804
172534 188428
188621 192827
193681 197790
198045 199618
199696 202968
203157 207161
207894 226297
226635 249419
249615 250470
250639 252926
255091 257359
257667 258062
258201 259500
259630 260672
260874 261422
261628 261752
262285 263093
263368 264279
264558 266658
267403 269263
269432 269764
269869 280835
281007 297233
297668 301341
301818 307047
307567 308060
308195 309471
309609 315909
316519 316776
317347 322370
322751 322803
323379 323573
324346 326149
326766 328867
328977 329697
330312 332782
332898 334417
334596 335045
335227 341843
341991 343288
343682 346096
346675 348679
348906 356436
356773 359589
359852 362739
363092 364325
365314 365544
365878 372736
373160 373368
374308 375944
376010 376224
376387 376476
376610 386707
386928 391370
391827 392299
393152 398905
399773 403815
404286 409529
409714 409824
410038 411861
412295 412379
412692 414873
415378 416351
416647 419937
420723 423157
423670 425634
425741 430960
432133 436598
436957 439557
439673 441671
441823 441958
442156 442290
442836 446375
447528 448711
449448 450232
450878 452411
453361 456215
456806 459244
459458 465893
466090 466295
466510 466888
467058 474333
474788 477565
478749 478849
479316 479371
479646 479806
480417 480979
481284 483307
483431 483860
485034 488574
489212 491473
491624 492826
493231 495919
496601 496761
496920 508102
508871 511224
511808 514891
515078 515831
516561 518253
518486 519039
519373 520950
521072 524598
525149 526364
527021 529535
530172 530310
531276 531926
532105 537620
537800 538878
539694 547275
548439 548547
548747 548867
549244 549426
550258 551101
551550 558594
560251 563743
563919 568823
569553 570981
571313 571433
571605 572032
572266 574987
575577 579017
579686 581691
581893 585657
585849 587288
587379 588084
588256 597323
597600 597953
598086 604268
604423 605613
605906 605993
606142 606635
606787 606860
607864 608376
608623 609231
609736 610022
611718 613512
613664 616473
616637 616757
616916 632128
632520 634781
635358 642349
642878 651835
652495 657003
657932 664968
665558 667253
667591 682580
682695 682881
683048 684331
684494 689838
690754 695227
695382 696664
696819 698777
699493 703624
703779 704876
705462 706425
706492 706594
707286 711766
712304 714324
714611 717067
717237 718780
719310 721904
723332 737513
738189 738476
738559 783915
784079 786763
787282 788521
788612 801901
803039 809101
810112 810867
811212 815848
816171 816562
816890 817204
817361 818513
818678 826404
827108 828961
829115 832808
833275 833331
833453 870287
870728 870923
871351 871798
872663 876239
876344 876551
876705 879626
879735 879973
880323 894368
895428 896503
897385 899217
899350 899539
899843 905187
905747 910543
911132 914630
916396 916866
917028 917477
920611 928776
928919 929030
929167 930485
931006 931768
932499 935170
937649 938039
938580 941707
941973 948404
948582 948935
949051 954217
955051 959278
959513 959723
960162 963583
964772 980510
980904 981236
981820 982472
982985 990945
992851 1002663
1003164 1005476
1006990 1022276
1023133 1023227
1023856 1026774
1026949 1027211
1028377 1029434
1029718 1040305
1040899 1048860
1049550 1049698
1050227 1050552
1051004 1070718
1071580 1075784
1076360 1080495
1081506 1082972
1083117 1089752
1090386 1090659
1091861 1092246
1093676 1095899
1097907 1135258
1135905 1136119
1136836 1150849
1151282 1151707
1152394 1152557
1153438 1161903
1162434 1165223
1167839 1170033
1171674 1175451
1176051 1176807
1177552 1199435
1199601 1205560
1206482 1237936
1238054 1244821
1245534 1257540
1257889 1266561
1266727 1266816
1267200 1283264
1283750 1294014
1294861 1295518
1295834 1308551
1308847 1308943
1309110 1312279
1312381 1321055
1321273 1355326
1355439 1368772
1368918 1387283
1387805 1388240
1388382 1391079
1391447 1402214
1402994 1404095
1404250 1406599
1407243 1407406
1407678 1409375
1409489 1413707
1416492 1416582
1417153 1418380
1419127 1422037
1422540 1423019
1423335 1424313
1425906 1429283
1430254 1434051
1434319 1434521
1434927 1438377
1438564 1441628
1441870 1441961
1442199 1442285
1442422 1451578
1451732 1464164
1464828 1467287
1468336 1469560
1470063 1486153
1486255 1486758
1487282 1488398
1488744 1489460
1490870 1492324
1492629 1500016
1500968 1503680
1504653 1504809
1506839 1507177
1508179 1511979
1513360 1513629
1514325 1514834
1517658 1517981
1518551 1521413
1523711 1526867
1527833 1530154
1530867 1539712
1540459 1544261
1545453 1546675
1546854 1555149
1555227 1555587
