Veillonella_dispar_ATCC_17748_gi_237640065_ref_NZ_
1 588
Veillonella_dispar_ATCC_17748_gi_237640064_ref_NZ_
1 746
1734 7307
8084 13661
13770 18567
19353 24430
25179 25549
31696 32322
33817 38430
40241 40431
41013 43401
45226 45432
46707 46912
48528 49722
51638 52154
55998 56365
59049 62256
62882 68562
68889 69439
72591 73219
73838 75912
80454 80956
83203 84180
85000 85199
86575 93168
94536 95140
96023 96748
98021 102383
105499 119538
125338 128320
129514 140766
141086 148138
152864 153597
164117 164628
166721 169162
174082 174545
175196 178759
179307 179555
180390 197071
199215 203824
205276 208119
215109 216071
216370 222621
223429 227838
228700 234607
236132 236796
239024 242645
242839 245632
246330 247117
248318 252359
253474 253680
254658 255033
255763 258025
259985 260315
261026 262076
263431 264727
265250 265381
265853 269213
270945 273861
276481 276602
277274 277628
280493 281317
282389 284031
287886 288250
289111 289437
290031 324006
326182 330996
331407 338083
338202 343044
347406 348983
350299 350861
352303 352434
353164 353325
354438 354826
355885 361986
363442 389402
390144 403171
403339 411305
412055 424672
425781 435385
439224 439435
439666 455732
457323 459823
461317 475024
478434 478849
479740 484179
484932 485635
489927 490071
492842 492974
494629 494832
497745 497933
498900 498949
499632 499910
500941 501300
503916 503976
504916 506260
510308 510517
516463 516760
517408 518247
519350 520839
520933 521711
524784 527148
528656 530042
532613 533019
533521 533706
535174 535636
536180 536496
544690 547252
551685 551903
556243 558638
558969 562592
Veillonella_dispar_ATCC_17748_gi_237640063_ref_NZ_
1 6317
7686 7834
9261 16535
16800 19395
20339 22040
22725 23094
23284 31183
31783 33418
34204 35650
37962 45040
54163 54368
54853 61189
66238 77745
78597 81400
81655 84529
84817 87760
88364 94421
95294 99462
99613 107801
108369 149239
149344 153204
153391 170933
171548 177349
177470 183308
183462 203830
205574 207135
207951 226062
226213 226297
226457 228838
228965 235831
237191 238073
238371 248770
249310 252922
255091 260965
261494 262849
264517 270259
270786 274829
276996 278267
279569 279939
280818 310401
311506 313256
313760 317841
319035 321212
326094 327111
328780 329142
330317 330519
330926 333999
335523 336603
337155 341015
342000 346019
346628 358643
359308 363771
364311 364583
365318 372570
374331 375689
376170 382941
384627 390711
392752 395754
399777 402798
402899 403498
404132 410011
413580 414610
415382 415684
417143 420040
424317 430956
432137 435237
435656 440466
441639 442609
443703 444161
445620 446128
447532 447906
449795 449909
456161 456215
456806 457580
459941 462708
462859 463650
467683 467841
470269 477456
478162 478359
479353 479716
480415 484781
485569 488570
489690 490459
491030 491384
493084 493268
497103 511220
511756 514200
518142 519650
520239 541082
545795 547271
554539 555108
555289 555740
556004 558344
560384 561776
563324 563443
567687 568216
572176 573517
574537 574797
575942 584895
586967 594498
595018 597510
598584 599535
600453 606854
608307 608447
610046 612715
615541 615784
616917 618989
621718 632607
634390 634582
635321 641516
642426 645082
645796 646993
647490 649717
650180 651504
652495 657372
658319 671079
671601 680425
683110 683652
684243 688374
695073 696010
696344 696418
697574 698672
699493 700950
704026 704283
709191 712865
713911 714215
714904 718569
719017 720837
726019 780730
785817 789112
789303 809837
810483 822961
827945 838602
840392 853901
854057 857942
861256 863843
865469 865879
866776 878503
879176 894635
895432 895711
898459 899213
901091 902169
902791 904231
906126 909565
911654 913274
914170 914630
916396 916866
917028 917477
920708 926097
926172 926366
927579 927886
928594 931560
932503 935166
936382 937560
940256 940942
941569 945878
945980 951244
951789 953382
956805 957973
959466 963222
964776 965882
966096 977515
978078 981217
982026 982466
983013 1022263
1023832 1024202
1025990 1026774
1026953 1027280
1028304 1036404
1038060 1038192
1039033 1048734
1049554 1070975
1071984 1072118
1075619 1075749
1076360 1085243
1086196 1089593
1090424 1090659
1097928 1135254
1135924 1136119
1138060 1139373
1140239 1140430
1141012 1150785
1151367 1151806
1159253 1159320
1161085 1164762
1172145 1173487
1174183 1174715
1176159 1178828
1181073 1185153
1187167 1187398
1188020 1203907
1208472 1295782
1296428 1308939
1309110 1312343
1312902 1369692
1371099 1371298
1373626 1385470
1388877 1402338
1403365 1406564
1408740 1409391
1422035 1422394
1426480 1427860
1430310 1434306
1434970 1442187
1445068 1447432
1452597 1464100
1465064 1466342
1473209 1483019
1485880 1487412
1488748 1489575
1492629 1501103
1502212 1502931
1503596 1503915
1505824 1509131
1511377 1514779
1516607 1517617
1518740 1518843
1520386 1522294
1524693 1527781
1529161 1539701
1540390 1554749
1555172 1555587
